density,temperature,TPSA,MW,LogP,HallKierAlpha,delta_phi
1.0,6.351351351351352,,1.0,100.0,1.0,-0.3150980989559056
1.289715718028846,6.351351351351352,,1.0,100.0,1.0,-0.3187610389890365
1.5794314360576922,6.351351351351352,,1.0,100.0,1.0,-0.321448359144204
1.8691471540865385,6.351351351351352,,1.0,100.0,1.0,-0.3234565229692258
2.1588628721153844,6.351351351351352,,1.0,100.0,1.0,-0.3250765506949818
2.4485785901442307,6.351351351351352,,1.0,100.0,1.0,-0.3265939725465739
59.23285932379808,6.351351351351352,,1.0,100.0,1.0,-0.015087479063425
59.52257504182691,6.351351351351352,,1.0,100.0,1.0,-0.0151042130545907
59.812290759855756,6.351351351351352,,1.0,100.0,1.0,-0.0151255563398757
60.10200647788461,6.351351351351352,,1.0,100.0,1.0,-0.0151510599302523
60.39172219591345,6.351351351351352,,1.0,100.0,1.0,-0.0151802945941936
60.6814379139423,6.351351351351352,,1.0,100.0,1.0,-0.0152128498161605
60.97115363197115,6.351351351351352,,1.0,100.0,1.0,-0.0152483328819261
61.26086934999999,6.351351351351352,,1.0,100.0,1.0,-0.0152863680840275
61.55058506802884,6.351351351351352,,1.0,100.0,1.0,-0.0153265960407645
61.84030078605769,6.351351351351352,,1.0,100.0,1.0,-0.0153686731223819
62.130016504086534,6.351351351351352,,1.0,100.0,1.0,-0.0154122709781323
62.41973222211538,6.351351351351352,,1.0,100.0,1.0,-0.0154570761581421
62.70944794014423,6.351351351351352,,1.0,100.0,1.0,-0.015502789824119
62.999163658173075,6.351351351351352,,1.0,100.0,1.0,-0.0155491275431267
63.288879376201905,6.351351351351352,,1.0,100.0,1.0,-0.0155958191588172
63.578595094230764,6.351351351351352,,1.0,100.0,1.0,-0.0156426087347066
63.868310812259615,6.351351351351352,,1.0,100.0,1.0,-0.0156892545643112
64.15802653028845,6.351351351351352,,1.0,100.0,1.0,-0.0157355292430976
64.4477422483173,6.351351351351352,,1.0,100.0,1.0,-0.0157812197975042
64.73745796634616,6.351351351351352,,1.0,100.0,1.0,-0.0158261278664898
65.027173684375,6.351351351351352,,1.0,100.0,1.0,-0.01587006993126
65.31688940240385,6.351351351351352,,1.0,100.0,1.0,-0.0159128775891644
65.60660512043269,6.351351351351352,,1.0,100.0,1.0,-0.0159543978678907
65.89632083846153,6.351351351351352,,1.0,100.0,1.0,-0.0159944935764216
66.18603655649038,6.351351351351352,,1.0,100.0,1.0,-0.016033043689411
66.47575227451922,6.351351351351352,,1.0,100.0,1.0,-0.0160699437619054
66.76546799254808,6.351351351351352,,1.0,100.0,1.0,-0.0161051063715681
67.05518371057693,6.351351351351352,,1.0,100.0,1.0,-0.0161384615858469
67.34489942860577,6.351351351351352,,1.0,100.0,1.0,-0.0161699574516397
67.63461514663462,6.351351351351352,,1.0,100.0,1.0,-0.0161995605053871
67.92433086466346,6.351351351351352,,1.0,100.0,1.0,-0.0162272563016291
68.2140465826923,6.351351351351352,,1.0,100.0,1.0,-0.0162530499582814
68.50376230072115,6.351351351351352,,1.0,100.0,1.0,-0.0162769667171297
68.79347801875001,6.351351351351352,,1.0,100.0,1.0,-0.0162990525181752
69.08319373677885,6.351351351351352,,1.0,100.0,1.0,-0.0163193745866523
69.3729094548077,6.351351351351352,,1.0,100.0,1.0,-0.0163380220317096
69.66262517283654,6.351351351351352,,1.0,100.0,1.0,-0.0163551064559042
69.95234089086537,6.351351351351352,,1.0,100.0,1.0,-0.0163707625747461
70.24205660889423,6.351351351351352,,1.0,100.0,1.0,-0.0163851488457558
70.53177232692308,6.351351351351352,,1.0,100.0,1.0,-0.0163984481065266
70.82148804495192,6.351351351351352,,1.0,100.0,1.0,-0.0164108682214254
71.11120376298076,6.351351351351352,,1.0,100.0,1.0,-0.0164226427367074
71.40091948100961,6.351351351351352,,1.0,100.0,1.0,-0.0164340315438633
71.69063519903845,6.351351351351352,,1.0,100.0,1.0,-0.0164453215510885
71.9803509170673,6.351351351351352,,1.0,100.0,1.0,-0.0164568273629238
72.27006663509614,6.351351351351352,,1.0,100.0,1.0,-0.0164688919680984
72.55978235312502,6.351351351351352,,1.0,100.0,1.0,-0.0164818874357393
72.84949807115386,6.351351351351352,,1.0,100.0,1.0,-0.0164962156200857
73.13921378918268,6.351351351351352,,1.0,100.0,1.0,-0.0165123088740474
73.42892950721154,6.351351351351352,,1.0,100.0,1.0,-0.0165306307717879
73.71864522524038,6.351351351351352,,1.0,100.0,1.0,-0.016551676840785
74.00836094326922,6.351351351351352,,1.0,100.0,1.0,-0.0165759753036902
74.29807666129807,6.351351351351352,,1.0,100.0,1.0,-0.0166040878304084
74.58779237932691,6.351351351351352,,1.0,100.0,1.0,-0.0166366103009034
74.87750809735577,6.351351351351352,,1.0,100.0,1.0,-0.0166741735791633
75.16722381538462,6.351351351351352,,1.0,100.0,1.0,-0.0167174442989174
75.45693953341345,6.351351351351352,,1.0,100.0,1.0,-0.0167671256615878
75.7466552514423,6.351351351351352,,1.0,100.0,1.0,-0.016823958247139
76.03637096947115,6.351351351351352,,1.0,100.0,1.0,-0.0168887208383728
76.32608668750001,6.351351351351352,,1.0,100.0,1.0,-0.0169622312593427
76.61580240552884,6.351351351351352,,1.0,100.0,1.0,-0.0170453472285599
76.9055181235577,6.351351351351352,,1.0,100.0,1.0,-0.0171389672276679
77.19523384158653,6.351351351351352,,1.0,100.0,1.0,-0.0172440313863202
77.48494955961539,6.351351351351352,,1.0,100.0,1.0,-0.01736152238399
77.77466527764422,6.351351351351352,,1.0,100.0,1.0,-0.0174924663695312
78.06438099567308,6.351351351351352,,1.0,100.0,1.0,-0.0176379338992118
78.35409671370192,6.351351351351352,,1.0,100.0,1.0,-0.0177990408941618
78.64381243173077,6.351351351351352,,1.0,100.0,1.0,-0.0179769496179751
78.93352814975961,6.351351351351352,,1.0,100.0,1.0,-0.018172869675435
79.22324386778845,6.351351351351352,,1.0,100.0,1.0,-0.0183880590332445
79.51295958581731,6.351351351351352,,1.0,100.0,1.0,-0.0186238250637318
79.80267530384614,6.351351351351352,,1.0,100.0,1.0,-0.0188815256124719
80.09239102187499,6.351351351351352,,1.0,100.0,1.0,-0.0191625700909027
80.38210673990385,6.351351351351352,,1.0,100.0,1.0,-0.0194684205948983
80.67182245793269,6.351351351351352,,1.0,100.0,1.0,-0.0198005930504734
80.96153817596152,6.351351351351352,,1.0,100.0,1.0,-0.0201606583876813
81.25125389399038,6.351351351351352,,1.0,100.0,1.0,-0.020550243743883
81.54096961201923,6.351351351351352,,1.0,100.0,1.0,-0.0209710336976103
81.83068533004807,6.351351351351352,,1.0,100.0,1.0,-0.0214247715342322
82.12040104807691,6.351351351351352,,1.0,100.0,1.0,-0.0219132605447758
82.41011676610577,6.351351351351352,,1.0,100.0,1.0,-0.0224383653591488
82.6998324841346,6.351351351351352,,1.0,100.0,1.0,-0.0230020133152455
82.98954820216345,6.351351351351352,,1.0,100.0,1.0,-0.023606195865326
83.2792639201923,6.351351351351352,,1.0,100.0,1.0,-0.0242529700211743
83.56897963822115,6.351351351351352,,1.0,100.0,1.0,-0.0249444598395576
83.85869535625,6.351351351351352,,1.0,100.0,1.0,-0.0256828579496717
84.14841107427884,6.351351351351352,,1.0,100.0,1.0,-0.026470427124134
84.43812679230768,6.351351351351352,,1.0,100.0,1.0,-0.0273095018953747
84.72784251033653,6.351351351351352,,1.0,100.0,1.0,-0.0282024902191289
85.01755822836537,6.351351351351352,,1.0,100.0,1.0,-0.0291518751869895
85.30727394639422,6.351351351351352,,1.0,100.0,1.0,-0.0301602167899218
85.59698966442308,6.351351351351352,,1.0,100.0,1.0,-0.0312301537347539
85.88670538245192,6.351351351351352,,1.0,100.0,1.0,-0.0323644053158406
86.17642110048077,6.351351351351352,,1.0,100.0,1.0,-0.0335657733439771
86.46613681850961,6.351351351351352,,1.0,100.0,1.0,-0.0348371441349395
86.75585253653846,6.351351351351352,,1.0,100.0,1.0,-0.0361814905600232
87.0455682545673,6.351351351351352,,1.0,100.0,1.0,-0.0376018741610024
87.33528397259614,6.351351351351352,,1.0,100.0,1.0,-0.0391014473321559
87.624999690625,6.351351351351352,,1.0,100.0,1.0,-0.0406834555720494
1.0,9.027027027027026,,1.0,100.0,1.0,-0.3058316902768423
1.289715718028846,9.027027027027026,,1.0,100.0,1.0,-0.3065600922742142
1.5794314360576922,9.027027027027026,,1.0,100.0,1.0,-0.3068708036140414
1.8691471540865385,9.027027027027026,,1.0,100.0,1.0,-0.3068494477930147
2.1588628721153844,9.027027027027026,,1.0,100.0,1.0,-0.3065798952733583
2.4485785901442307,9.027027027027026,,1.0,100.0,1.0,-0.3061442392391221
2.738294308173077,9.027027027027026,,1.0,100.0,1.0,-0.3056227725234953
3.028010026201923,9.027027027027026,,1.0,100.0,1.0,-0.3050939646019656
3.3177257442307693,9.027027027027026,,1.0,100.0,1.0,-0.3046344376074148
56.33570214350961,9.027027027027026,,1.0,100.0,1.0,-0.0192880834136166
56.62541786153845,9.027027027027026,,1.0,100.0,1.0,-0.0192719876539992
56.9151335795673,9.027027027027026,,1.0,100.0,1.0,-0.0192641887626412
57.20484929759615,9.027027027027026,,1.0,100.0,1.0,-0.0192642033113996
57.49456501562499,9.027027027027026,,1.0,100.0,1.0,-0.019271566113543
57.784280733653844,9.027027027027026,,1.0,100.0,1.0,-0.0192858292018414
58.07399645168269,9.027027027027026,,1.0,100.0,1.0,-0.0193065608976483
58.36371216971153,9.027027027027026,,1.0,100.0,1.0,-0.0193333449675267
58.65342788774037,9.027027027027026,,1.0,100.0,1.0,-0.0193657798641168
58.94314360576924,9.027027027027026,,1.0,100.0,1.0,-0.0194034780483857
59.23285932379808,9.027027027027026,,1.0,100.0,1.0,-0.0194460653903854
59.52257504182691,9.027027027027026,,1.0,100.0,1.0,-0.0194931806459217
59.812290759855756,9.027027027027026,,1.0,100.0,1.0,-0.0195444750065084
60.10200647788461,9.027027027027026,,1.0,100.0,1.0,-0.0195996117200508
60.39172219591345,9.027027027027026,,1.0,100.0,1.0,-0.019658265779742
60.6814379139423,9.027027027027026,,1.0,100.0,1.0,-0.019720123678559
60.97115363197115,9.027027027027026,,1.0,100.0,1.0,-0.0197848832268955
61.26086934999999,9.027027027027026,,1.0,100.0,1.0,-0.0198522534305866
61.55058506802884,9.027027027027026,,1.0,100.0,1.0,-0.019921954426844
61.84030078605769,9.027027027027026,,1.0,100.0,1.0,-0.0199937174753503
62.130016504086534,9.027027027027026,,1.0,100.0,1.0,-0.0200672850018838
62.41973222211538,9.027027027027026,,1.0,100.0,1.0,-0.0201424106917735
62.70944794014423,9.027027027027026,,1.0,100.0,1.0,-0.0202188596305311
62.999163658173075,9.027027027027026,,1.0,100.0,1.0,-0.0202964084889359
63.288879376201905,9.027027027027026,,1.0,100.0,1.0,-0.0203748457500118
63.578595094230764,9.027027027027026,,1.0,100.0,1.0,-0.0204539719751929
63.868310812259615,9.027027027027026,,1.0,100.0,1.0,-0.0205336001072155
64.15802653028845,9.027027027027026,,1.0,100.0,1.0,-0.020613555807207
64.4477422483173,9.027027027027026,,1.0,100.0,1.0,-0.0206936778235482
64.73745796634616,9.027027027027026,,1.0,100.0,1.0,-0.0207738183902678
65.027173684375,9.027027027027026,,1.0,100.0,1.0,-0.020853843652636
65.31688940240385,9.027027027027026,,1.0,100.0,1.0,-0.0209336341179725
65.60660512043269,9.027027027027026,,1.0,100.0,1.0,-0.0210130851295539
65.89632083846153,9.027027027027026,,1.0,100.0,1.0,-0.0210921073618299
66.18603655649038,9.027027027027026,,1.0,100.0,1.0,-0.0211706273351574
66.47575227451922,9.027027027027026,,1.0,100.0,1.0,-0.0212485879484445
66.76546799254808,9.027027027027026,,1.0,100.0,1.0,-0.0213259490281507
67.05518371057693,9.027027027027026,,1.0,100.0,1.0,-0.0214026878923681
67.34489942860577,9.027027027027026,,1.0,100.0,1.0,-0.0214787999286624
67.63461514663462,9.027027027027026,,1.0,100.0,1.0,-0.0215542991845452
67.92433086466346,9.027027027027026,,1.0,100.0,1.0,-0.0216292189696595
68.2140465826923,9.027027027027026,,1.0,100.0,1.0,-0.0217036124687076
68.50376230072115,9.027027027027026,,1.0,100.0,1.0,-0.0217775533644049
68.79347801875001,9.027027027027026,,1.0,100.0,1.0,-0.0218511364697738
69.08319373677885,9.027027027027026,,1.0,100.0,1.0,-0.0219244783692249
69.3729094548077,9.027027027027026,,1.0,100.0,1.0,-0.0219977180679828
69.66262517283654,9.027027027027026,,1.0,100.0,1.0,-0.0220710176494731
69.95234089086537,9.027027027027026,,1.0,100.0,1.0,-0.0221445629403633
70.24205660889423,9.027027027027026,,1.0,100.0,1.0,-0.0222185641831245
70.53177232692308,9.027027027027026,,1.0,100.0,1.0,-0.0222932567159231
70.82148804495192,9.027027027027026,,1.0,100.0,1.0,-0.0223689016598278
71.11120376298076,9.027027027027026,,1.0,100.0,1.0,-0.0224457866133229
71.40091948100961,9.027027027027026,,1.0,100.0,1.0,-0.0225242263542237
71.69063519903845,9.027027027027026,,1.0,100.0,1.0,-0.0226045635491028
71.9803509170673,9.027027027027026,,1.0,100.0,1.0,-0.0226871694703997
72.27006663509614,9.027027027027026,,1.0,100.0,1.0,-0.0227724447214906
72.55978235312502,9.027027027027026,,1.0,100.0,1.0,-0.0228608199699325
72.84949807115386,9.027027027027026,,1.0,100.0,1.0,-0.0229527566892472
73.13921378918268,9.027027027027026,,1.0,100.0,1.0,-0.0230487479095727
73.42892950721154,9.027027027027026,,1.0,100.0,1.0,-0.0231493189775792
73.71864522524038,9.027027027027026,,1.0,100.0,1.0,-0.0232550283260696
74.00836094326922,9.027027027027026,,1.0,100.0,1.0,-0.0233664682537688
74.29807666129807,9.027027027027026,,1.0,100.0,1.0,-0.0234842657156996
74.58779237932691,9.027027027027026,,1.0,100.0,1.0,-0.02360908312474
74.87750809735577,9.027027027027026,,1.0,100.0,1.0,-0.0237416191648853
75.16722381538462,9.027027027027026,,1.0,100.0,1.0,-0.0238826096167639
75.45693953341345,9.027027027027026,,1.0,100.0,1.0,-0.0240328281960279
75.7466552514423,9.027027027027026,,1.0,100.0,1.0,-0.0241930874052286
76.03637096947115,9.027027027027026,,1.0,100.0,1.0,-0.0243642393998407
76.32608668750001,9.027027027027026,,1.0,100.0,1.0,-0.0245471768690738
76.61580240552884,9.027027027027026,,1.0,100.0,1.0,-0.0247428339322073
76.9055181235577,9.027027027027026,,1.0,100.0,1.0,-0.024952187051132
77.19523384158653,9.027027027027026,,1.0,100.0,1.0,-0.0251762559598911
77.48494955961539,9.027027027027026,,1.0,100.0,1.0,-0.0254161046119308
77.77466527764422,9.027027027027026,,1.0,100.0,1.0,-0.0256728421459143
78.06438099567308,9.027027027027026,,1.0,100.0,1.0,-0.025947623870894
78.35409671370192,9.027027027027026,,1.0,100.0,1.0,-0.026241652271692
78.64381243173077,9.027027027027026,,1.0,100.0,1.0,-0.0265561780353942
78.93352814975961,9.027027027027026,,1.0,100.0,1.0,-0.0268925010997974
79.22324386778845,9.027027027027026,,1.0,100.0,1.0,-0.0272519717248759
79.51295958581731,9.027027027027026,,1.0,100.0,1.0,-0.0276359915880486
79.80267530384614,9.027027027027026,,1.0,100.0,1.0,-0.0280460149044544
80.09239102187499,9.027027027027026,,1.0,100.0,1.0,-0.0284835495731022
80.38210673990385,9.027027027027026,,1.0,100.0,1.0,-0.0289501583500462
80.67182245793269,9.027027027027026,,1.0,100.0,1.0,-0.0294474600496792
80.96153817596152,9.027027027027026,,1.0,100.0,1.0,-0.0299771307752778
81.25125389399038,9.027027027027026,,1.0,100.0,1.0,-0.0305409051799705
81.54096961201923,9.027027027027026,,1.0,100.0,1.0,-0.031140577759402
81.83068533004807,9.027027027027026,,1.0,100.0,1.0,-0.0317780041772686
82.12040104807691,9.027027027027026,,1.0,100.0,1.0,-0.0324551026251306
82.41011676610577,9.027027027027026,,1.0,100.0,1.0,-0.033173855217814
82.6998324841346,9.027027027027026,,1.0,100.0,1.0,-0.0339363094257744
82.98954820216345,9.027027027027026,,1.0,100.0,1.0,-0.0347445795459718
83.2792639201923,9.027027027027026,,1.0,100.0,1.0,-0.0356008482126876
83.56897963822115,9.027027027027026,,1.0,100.0,1.0,-0.0365073679498493
83.85869535625,9.027027027027026,,1.0,100.0,1.0,-0.0374664627666087
84.14841107427884,9.027027027027026,,1.0,100.0,1.0,-0.0384805297976736
84.43812679230768,9.027027027027026,,1.0,100.0,1.0,-0.0395520409902876
84.72784251033653,9.027027027027026,,1.0,100.0,1.0,-0.0406835448396867
85.01755822836537,9.027027027027026,,1.0,100.0,1.0,-0.0418776681747651
85.30727394639422,9.027027027027026,,1.0,100.0,1.0,-0.04313711799613
85.59698966442308,9.027027027027026,,1.0,100.0,1.0,-0.0444646833684272
85.88670538245192,9.027027027027026,,1.0,100.0,1.0,-0.0458632373691219
86.17642110048077,9.027027027027026,,1.0,100.0,1.0,-0.0473357390959587
86.46613681850961,9.027027027027026,,1.0,100.0,1.0,-0.0488852357353434
86.75585253653846,9.027027027027026,,1.0,100.0,1.0,-0.0505148646941233
87.0455682545673,9.027027027027026,,1.0,100.0,1.0,-0.052227855797155
87.33528397259614,9.027027027027026,,1.0,100.0,1.0,-0.05402753355332
87.624999690625,9.027027027027026,,1.0,100.0,1.0,-0.0559173194926645
1.0,11.702702702702704,,1.0,100.0,1.0,-0.2987689644937022
1.289715718028846,11.702702702702704,,1.0,100.0,1.0,-0.2974982022992947
1.5794314360576922,11.702702702702704,,1.0,100.0,1.0,-0.2960695886275662
1.8691471540865385,11.702702702702704,,1.0,100.0,1.0,-0.2945091030292303
2.1588628721153844,11.702702702702704,,1.0,100.0,1.0,-0.2928421823752803
2.4485785901442307,11.702702702702704,,1.0,100.0,1.0,-0.2910937069088667
2.738294308173077,11.702702702702704,,1.0,100.0,1.0,-0.2892879871842262
3.028010026201923,11.702702702702704,,1.0,100.0,1.0,-0.2874487515495841
3.3177257442307693,11.702702702702704,,1.0,100.0,1.0,-0.2855991338587149
3.607441462259615,11.702702702702704,,1.0,100.0,1.0,-0.2837616611192448
3.897157180288461,11.702702702702704,,1.0,100.0,1.0,-0.2819582408087095
4.186872898317307,11.702702702702704,,1.0,100.0,1.0,-0.2802101476120163
4.476588616346154,11.702702702702704,,1.0,100.0,1.0,-0.2785380093562267
4.766304334375,11.702702702702704,,1.0,100.0,1.0,-0.2769617919406351
53.148829245192296,11.702702702702704,,1.0,100.0,1.0,-0.0240680894235999
53.438544963221155,11.702702702702704,,1.0,100.0,1.0,-0.0239876905644425
53.72826068124999,11.702702702702704,,1.0,100.0,1.0,-0.0239188802356672
54.01797639927885,11.702702702702704,,1.0,100.0,1.0,-0.0238611908769585
54.30769211730768,11.702702702702704,,1.0,100.0,1.0,-0.0238141700621584
54.59740783533653,11.702702702702704,,1.0,100.0,1.0,-0.0237773796055431
54.88712355336538,11.702702702702704,,1.0,100.0,1.0,-0.0237503947433216
55.176839271394236,11.702702702702704,,1.0,100.0,1.0,-0.0237328033844377
55.46655498942307,11.702702702702704,,1.0,100.0,1.0,-0.0237242054258953
55.75627070745192,11.702702702702704,,1.0,100.0,1.0,-0.0237242121284211
56.04598642548078,11.702702702702704,,1.0,100.0,1.0,-0.0237324455490263
56.33570214350961,11.702702702702704,,1.0,100.0,1.0,-0.023748538027564
56.62541786153845,11.702702702702704,,1.0,100.0,1.0,-0.0237721317248693
56.9151335795673,11.702702702702704,,1.0,100.0,1.0,-0.0238028782104133
57.20484929759615,11.702702702702704,,1.0,100.0,1.0,-0.0238404380978231
57.49456501562499,11.702702702702704,,1.0,100.0,1.0,-0.0238844807268425
57.784280733653844,11.702702702702704,,1.0,100.0,1.0,-0.0239346838905203
58.07399645168269,11.702702702702704,,1.0,100.0,1.0,-0.0239907336066006
58.36371216971153,11.702702702702704,,1.0,100.0,1.0,-0.0240523239323022
58.65342788774037,11.702702702702704,,1.0,100.0,1.0,-0.0241191568215304
58.94314360576924,11.702702702702704,,1.0,100.0,1.0,-0.0241909420239214
59.23285932379808,11.702702702702704,,1.0,100.0,1.0,-0.0242673970248339
59.52257504182691,11.702702702702704,,1.0,100.0,1.0,-0.0243482470256594
59.812290759855756,11.702702702702704,,1.0,100.0,1.0,-0.0244332249635781
60.10200647788461,11.702702702702704,,1.0,100.0,1.0,-0.024522071569955
60.39172219591345,11.702702702702704,,1.0,100.0,1.0,-0.0246145354665113
60.6814379139423,11.702702702702704,,1.0,100.0,1.0,-0.024710373298257
60.97115363197115,11.702702702702704,,1.0,100.0,1.0,-0.0248093499022187
61.26086934999999,11.702702702702704,,1.0,100.0,1.0,-0.0249112385107661
61.55058506802884,11.702702702702704,,1.0,100.0,1.0,-0.0250158209884533
61.84030078605769,11.702702702702704,,1.0,100.0,1.0,-0.0251228881010632
62.130016504086534,11.702702702702704,,1.0,100.0,1.0,-0.0252322398155918
62.41973222211538,11.702702702702704,,1.0,100.0,1.0,-0.0253436856297958
62.70944794014423,11.702702702702704,,1.0,100.0,1.0,-0.0254570449299905
62.999163658173075,11.702702702702704,,1.0,100.0,1.0,-0.0255721473755561
63.288879376201905,11.702702702702704,,1.0,100.0,1.0,-0.0256888333089047
63.578595094230764,11.702702702702704,,1.0,100.0,1.0,-0.0258069541893074
63.868310812259615,11.702702702702704,,1.0,100.0,1.0,-0.0259263730493212
64.15802653028845,11.702702702702704,,1.0,100.0,1.0,-0.0260469649723124
64.4477422483173,11.702702702702704,,1.0,100.0,1.0,-0.0261686175897639
64.73745796634616,11.702702702702704,,1.0,100.0,1.0,-0.0262912315970726
65.027173684375,11.702702702702704,,1.0,100.0,1.0,-0.0264147212865067
65.31688940240385,11.702702702702704,,1.0,100.0,1.0,-0.026539015096158
65.60660512043269,11.702702702702704,,1.0,100.0,1.0,-0.0266640561737376
65.89632083846153,11.702702702702704,,1.0,100.0,1.0,-0.0267898029541251
66.18603655649038,11.702702702702704,,1.0,100.0,1.0,-0.0269162297496717
66.47575227451922,11.702702702702704,,1.0,100.0,1.0,-0.027043327352333
66.76546799254808,11.702702702702704,,1.0,100.0,1.0,-0.0271711036467935
67.05518371057693,11.702702702702704,,1.0,100.0,1.0,-0.0272995842337846
67.34489942860577,11.702702702702704,,1.0,100.0,1.0,-0.0274288130629547
67.63461514663462,11.702702702702704,,1.0,100.0,1.0,-0.0275588530746194
67.92433086466346,11.702702702702704,,1.0,100.0,1.0,-0.0276897868499358
68.2140465826923,11.702702702702704,,1.0,100.0,1.0,-0.0278217172689737
68.50376230072115,11.702702702702704,,1.0,100.0,1.0,-0.0279547681763651
68.79347801875001,11.702702702702704,,1.0,100.0,1.0,-0.0280890850541896
69.08319373677885,11.702702702702704,,1.0,100.0,1.0,-0.0282248357018513
69.3729094548077,11.702702702702704,,1.0,100.0,1.0,-0.0283622109228226
69.66262517283654,11.702702702702704,,1.0,100.0,1.0,-0.0285014252180881
69.95234089086537,11.702702702702704,,1.0,100.0,1.0,-0.0286427174862684
70.24205660889423,11.702702702702704,,1.0,100.0,1.0,-0.0287863517304367
70.53177232692308,11.702702702702704,,1.0,100.0,1.0,-0.0289326177716724
70.82148804495192,11.702702702702704,,1.0,100.0,1.0,-0.0290818319694604
71.11120376298076,11.702702702702704,,1.0,100.0,1.0,-0.0292343379491116
71.40091948100961,11.702702702702704,,1.0,100.0,1.0,-0.0293905073363899
71.69063519903845,11.702702702702704,,1.0,100.0,1.0,-0.0295507404995984
71.9803509170673,11.702702702702704,,1.0,100.0,1.0,-0.0297154672993681
72.27006663509614,11.702702702702704,,1.0,100.0,1.0,-0.0298851478465489
72.55978235312502,11.702702702702704,,1.0,100.0,1.0,-0.0300602732684779
72.84949807115386,11.702702702702704,,1.0,100.0,1.0,-0.0302413664840118
73.13921378918268,11.702702702702704,,1.0,100.0,1.0,-0.0304289829878399
73.42892950721154,11.702702702702704,,1.0,100.0,1.0,-0.0306237116443353
73.71864522524038,11.702702702702704,,1.0,100.0,1.0,-0.030826175491643
74.00836094326922,11.702702702702704,,1.0,100.0,1.0,-0.0310370325563027
74.29807666129807,11.702702702702704,,1.0,100.0,1.0,-0.0312569766790585
74.58779237932691,11.702702702702704,,1.0,100.0,1.0,-0.0314867383523382
74.87750809735577,11.702702702702704,,1.0,100.0,1.0,-0.0317270855700398
75.16722381538462,11.702702702702704,,1.0,100.0,1.0,-0.031978824690143
75.45693953341345,11.702702702702704,,1.0,100.0,1.0,-0.0322428013108319
75.7466552514423,11.702702702702704,,1.0,100.0,1.0,-0.0325199011607285
76.03637096947115,11.702702702702704,,1.0,100.0,1.0,-0.0328110510039658
76.32608668750001,11.702702702702704,,1.0,100.0,1.0,-0.0331172195607087
76.61580240552884,11.702702702702704,,1.0,100.0,1.0,-0.0334394184439089
76.9055181235577,11.702702702702704,,1.0,100.0,1.0,-0.0337787031129825
77.19523384158653,11.702702702702704,,1.0,100.0,1.0,-0.03413617384522
77.48494955961539,11.702702702702704,,1.0,100.0,1.0,-0.0345129767256808
77.77466527764422,11.702702702702704,,1.0,100.0,1.0,-0.0349103046563793
78.06438099567308,11.702702702702704,,1.0,100.0,1.0,-0.03532939838563
78.35409671370192,11.702702702702704,,1.0,100.0,1.0,-0.0357715475584299
78.64381243173077,11.702702702702704,,1.0,100.0,1.0,-0.0362380917886859
78.93352814975961,11.702702702702704,,1.0,100.0,1.0,-0.0367304217543267
79.22324386778845,11.702702702702704,,1.0,100.0,1.0,-0.0372499803161789
79.51295958581731,11.702702702702704,,1.0,100.0,1.0,-0.0377982636615737
79.80267530384614,11.702702702702704,,1.0,100.0,1.0,-0.0383768224737776
80.09239102187499,11.702702702702704,,1.0,100.0,1.0,-0.0389872631282123
80.38210673990385,11.702702702702704,,1.0,100.0,1.0,-0.0396312489166129
80.67182245793269,11.702702702702704,,1.0,100.0,1.0,-0.0403105013001566
80.96153817596152,11.702702702702704,,1.0,100.0,1.0,-0.0410268011928564
81.25125389399038,11.702702702702704,,1.0,100.0,1.0,-0.0417819902762385
81.54096961201923,11.702702702702704,,1.0,100.0,1.0,-0.0425779723467402
81.83068533004807,11.702702702702704,,1.0,100.0,1.0,-0.0434167146968906
82.12040104807691,11.702702702702704,,1.0,100.0,1.0,-0.0443002495318256
82.41011676610577,11.702702702702704,,1.0,100.0,1.0,-0.0452306754222819
82.6998324841346,11.702702702702704,,1.0,100.0,1.0,-0.046210158795695
82.98954820216345,11.702702702702704,,1.0,100.0,1.0,-0.0472409354667283
83.2792639201923,11.702702702702704,,1.0,100.0,1.0,-0.0483253122088388
83.56897963822115,11.702702702702704,,1.0,100.0,1.0,-0.0494656683683945
83.85869535625,11.702702702702704,,1.0,100.0,1.0,-0.0506644575230826
84.14841107427884,11.702702702702704,,1.0,100.0,1.0,-0.0519242091861668
84.43812679230768,11.702702702702704,,1.0,100.0,1.0,-0.0532475305585089
84.72784251033653,11.702702702702704,,1.0,100.0,1.0,-0.0546371083300711
85.01755822836537,11.702702702702704,,1.0,100.0,1.0,-0.0560957105328548
85.30727394639422,11.702702702702704,,1.0,100.0,1.0,-0.0576261884472513
85.59698966442308,11.702702702702704,,1.0,100.0,1.0,-0.059231478563797
85.88670538245192,11.702702702702704,,1.0,100.0,1.0,-0.0609146046025916
86.17642110048077,11.702702702702704,,1.0,100.0,1.0,-0.0626786795924042
86.46613681850961,11.702702702702704,,1.0,100.0,1.0,-0.0645269080119331
86.75585253653846,11.702702702702704,,1.0,100.0,1.0,-0.0664625879956033
87.0455682545673,11.702702702702704,,1.0,100.0,1.0,-0.068489113606203
87.33528397259614,11.702702702702704,,1.0,100.0,1.0,-0.0706099771772273
87.624999690625,11.702702702702704,,1.0,100.0,1.0,-0.07282877172741
1.0,14.378378378378379,,1.0,100.0,1.0,-0.2933361152573797
1.289715718028846,14.378378378378379,,1.0,100.0,1.0,-0.2906657866120821
1.5794314360576922,14.378378378378379,,1.0,100.0,1.0,-0.2879618311225685
1.8691471540865385,14.378378378378379,,1.0,100.0,1.0,-0.2852316383282955
2.1588628721153844,14.378378378378379,,1.0,100.0,1.0,-0.2824824763684075
2.4485785901442307,14.378378378378379,,1.0,100.0,1.0,-0.2797214833452076
2.738294308173077,14.378378378378379,,1.0,100.0,1.0,-0.2769556591250351
3.028010026201923,14.378378378378379,,1.0,100.0,1.0,-0.2741918574582013
3.3177257442307693,14.378378378378379,,1.0,100.0,1.0,-0.2714367783199383
3.607441462259615,14.378378378378379,,1.0,100.0,1.0,-0.2686969603841287
3.897157180288461,14.378378378378379,,1.0,100.0,1.0,-0.2659787735511945
4.186872898317307,14.378378378378379,,1.0,100.0,1.0,-0.2632884114607288
4.476588616346154,14.378378378378379,,1.0,100.0,1.0,-0.2606318839286802
4.766304334375,14.378378378378379,,1.0,100.0,1.0,-0.2580150092574971
5.056020052403846,14.378378378378379,,1.0,100.0,1.0,-0.2554434063762522
5.345735770432693,14.378378378378379,,1.0,100.0,1.0,-0.2529224867759119
5.6354514884615385,14.378378378378379,,1.0,100.0,1.0,-0.250457446212927
5.925167206490385,14.378378378378379,,1.0,100.0,1.0,-0.2480532561620269
6.21488292451923,14.378378378378379,,1.0,100.0,1.0,-0.2457146550065918
6.504598642548077,14.378378378378379,,1.0,100.0,1.0,-0.2434461389623449
6.794314360576923,14.378378378378379,,1.0,100.0,1.0,-0.2412519527372534
49.092809192788465,14.378378378378379,,1.0,100.0,1.0,-0.0300516000658828
49.38252491081732,14.378378378378379,,1.0,100.0,1.0,-0.0298564219851547
49.67224062884614,14.378378378378379,,1.0,100.0,1.0,-0.0296757063987367
49.96195634687499,14.378378378378379,,1.0,100.0,1.0,-0.0295090362790708
50.25167206490384,14.378378378378379,,1.0,100.0,1.0,-0.0293560083514575
50.54138778293269,14.378378378378379,,1.0,100.0,1.0,-0.0292162320386515
50.83110350096153,14.378378378378379,,1.0,100.0,1.0,-0.0290893284965867
51.120819218990384,14.378378378378379,,1.0,100.0,1.0,-0.0289749297324634
51.41053493701923,14.378378378378379,,1.0,100.0,1.0,-0.0288726777981379
51.70025065504807,14.378378378378379,,1.0,100.0,1.0,-0.0287822240528095
51.98996637307691,14.378378378378379,,1.0,100.0,1.0,-0.0287032284900246
52.27968209110577,14.378378378378379,,1.0,100.0,1.0,-0.0286353591246454
52.569397809134614,14.378378378378379,,1.0,100.0,1.0,-0.0285782914359489
52.859113527163466,14.378378378378379,,1.0,100.0,1.0,-0.028531707863419
53.148829245192296,14.378378378378379,,1.0,100.0,1.0,-0.0284952973519795
53.438544963221155,14.378378378378379,,1.0,100.0,1.0,-0.028468754943829
53.72826068124999,14.378378378378379,,1.0,100.0,1.0,-0.0284517814140128
54.01797639927885,14.378378378378379,,1.0,100.0,1.0,-0.0284440829472767
54.30769211730768,14.378378378378379,,1.0,100.0,1.0,-0.0284453708537484
54.59740783533653,14.378378378378379,,1.0,100.0,1.0,-0.0284553613213972
54.88712355336538,14.378378378378379,,1.0,100.0,1.0,-0.0284737752031799
55.176839271394236,14.378378378378379,,1.0,100.0,1.0,-0.0285003378372445
55.46655498942307,14.378378378378379,,1.0,100.0,1.0,-0.0285347788986729
55.75627070745192,14.378378378378379,,1.0,100.0,1.0,-0.0285768322813537
56.04598642548078,14.378378378378379,,1.0,100.0,1.0,-0.0286262360091206
56.33570214350961,14.378378378378379,,1.0,100.0,1.0,-0.0286827321750094
56.62541786153845,14.378378378378379,,1.0,100.0,1.0,-0.0287460669082046
56.9151335795673,14.378378378378379,,1.0,100.0,1.0,-0.0288159903679136
57.20484929759615,14.378378378378379,,1.0,100.0,1.0,-0.0288922567639415
57.49456501562499,14.378378378378379,,1.0,100.0,1.0,-0.0289746244035954
57.784280733653844,14.378378378378379,,1.0,100.0,1.0,-0.0290628557647512
58.07399645168269,14.378378378378379,,1.0,100.0,1.0,-0.029156717594922
58.36371216971153,14.378378378378379,,1.0,100.0,1.0,-0.0292559810362698
58.65342788774037,14.378378378378379,,1.0,100.0,1.0,-0.0293604217763976
58.94314360576924,14.378378378378379,,1.0,100.0,1.0,-0.029469820224882
59.23285932379808,14.378378378378379,,1.0,100.0,1.0,-0.0295839617153564
59.52257504182691,14.378378378378379,,1.0,100.0,1.0,-0.0297026367330056
59.812290759855756,14.378378378378379,,1.0,100.0,1.0,-0.0298256411671907
60.10200647788461,14.378378378378379,,1.0,100.0,1.0,-0.0299527765889481
60.39172219591345,14.378378378378379,,1.0,100.0,1.0,-0.030083850552944
60.6814379139423,14.378378378378379,,1.0,100.0,1.0,-0.0302186769234491
60.97115363197115,14.378378378378379,,1.0,100.0,1.0,-0.0303570762238528
61.26086934999999,14.378378378378379,,1.0,100.0,1.0,-0.0304988760090443
61.55058506802884,14.378378378378379,,1.0,100.0,1.0,-0.0306439112600622
61.84030078605769,14.378378378378379,,1.0,100.0,1.0,-0.0307920248002904
62.130016504086534,14.378378378378379,,1.0,100.0,1.0,-0.030943067732385
62.41973222211538,14.378378378378379,,1.0,100.0,1.0,-0.0310968998951609
62.70944794014423,14.378378378378379,,1.0,100.0,1.0,-0.0312533903395453
62.999163658173075,14.378378378378379,,1.0,100.0,1.0,-0.0314124178227809
63.288879376201905,14.378378378378379,,1.0,100.0,1.0,-0.0315738713198854
63.578595094230764,14.378378378378379,,1.0,100.0,1.0,-0.031737650551593
63.868310812259615,14.378378378378379,,1.0,100.0,1.0,-0.0319036665277489
64.15802653028845,14.378378378378379,,1.0,100.0,1.0,-0.0320718421054083
64.4477422483173,14.378378378378379,,1.0,100.0,1.0,-0.0322421125606408
64.73745796634616,14.378378378378379,,1.0,100.0,1.0,-0.0324144261732833
65.027173684375,14.378378378378379,,1.0,100.0,1.0,-0.032588744823857
65.31688940240385,14.378378378378379,,1.0,100.0,1.0,-0.0327650446017927
65.60660512043269,14.378378378378379,,1.0,100.0,1.0,-0.0329433164243401
65.89632083846153,14.378378378378379,,1.0,100.0,1.0,-0.0331235666654196
66.18603655649038,14.378378378378379,,1.0,100.0,1.0,-0.0333058177938508
66.47575227451922,14.378378378378379,,1.0,100.0,1.0,-0.0334901090203951
66.76546799254808,14.378378378378379,,1.0,100.0,1.0,-0.0336764969529878
67.05518371057693,14.378378378378379,,1.0,100.0,1.0,-0.0338650562599395
67.34489942860577,14.378378378378379,,1.0,100.0,1.0,-0.0340558803404695
67.63461514663462,14.378378378378379,,1.0,100.0,1.0,-0.0342490820023942
67.92433086466346,14.378378378378379,,1.0,100.0,1.0,-0.0344447941466525
68.2140465826923,14.378378378378379,,1.0,100.0,1.0,-0.0346431704584055
68.50376230072115,14.378378378378379,,1.0,100.0,1.0,-0.0348443861046113
68.79347801875001,14.378378378378379,,1.0,100.0,1.0,-0.0350486384379166
69.08319373677885,14.378378378378379,,1.0,100.0,1.0,-0.0352561477067986
69.3729094548077,14.378378378378379,,1.0,100.0,1.0,-0.0354671577719923
69.66262517283654,14.378378378378379,,1.0,100.0,1.0,-0.0356819368291686
69.95234089086537,14.378378378378379,,1.0,100.0,1.0,-0.0359007781380066
70.24205660889423,14.378378378378379,,1.0,100.0,1.0,-0.0361240007577409
70.53177232692308,14.378378378378379,,1.0,100.0,1.0,-0.036351950289362
70.82148804495192,14.378378378378379,,1.0,100.0,1.0,-0.0365849996246818
71.11120376298076,14.378378378378379,,1.0,100.0,1.0,-0.0368235497024623
71.40091948100961,14.378378378378379,,1.0,100.0,1.0,-0.0370680302719512
71.69063519903845,14.378378378378379,,1.0,100.0,1.0,-0.0373189006640524
71.9803509170673,14.378378378378379,,1.0,100.0,1.0,-0.0375766505705269
72.27006663509614,14.378378378378379,,1.0,100.0,1.0,-0.0378418008315771
72.55978235312502,14.378378378378379,,1.0,100.0,1.0,-0.0381149042321807
72.84949807115386,14.378378378378379,,1.0,100.0,1.0,-0.0383965463076421
73.13921378918268,14.378378378378379,,1.0,100.0,1.0,-0.0386873461588158
73.42892950721154,14.378378378378379,,1.0,100.0,1.0,-0.0389879572773876
73.71864522524038,14.378378378378379,,1.0,100.0,1.0,-0.0392990683818482
74.00836094326922,14.378378378378379,,1.0,100.0,1.0,-0.0396214042645823
74.29807666129807,14.378378378378379,,1.0,100.0,1.0,-0.0399557266506456
74.58779237932691,14.378378378378379,,1.0,100.0,1.0,-0.0403028350688301
74.87750809735577,14.378378378378379,,1.0,100.0,1.0,-0.0406635677355553
75.16722381538462,14.378378378378379,,1.0,100.0,1.0,-0.0410388024522541
75.45693953341345,14.378378378378379,,1.0,100.0,1.0,-0.0414294575168554
75.7466552514423,14.378378378378379,,1.0,100.0,1.0,-0.0418364926500118
76.03637096947115,14.378378378378379,,1.0,100.0,1.0,-0.0422609099368251
76.32608668750001,14.378378378378379,,1.0,100.0,1.0,-0.0427037547846551
76.61580240552884,14.378378378378379,,1.0,100.0,1.0,-0.0431661168978591
76.9055181235577,14.378378378378379,,1.0,100.0,1.0,-0.0436491312701168
77.19523384158653,14.378378378378379,,1.0,100.0,1.0,-0.044153979195197
77.48494955961539,14.378378378378379,,1.0,100.0,1.0,-0.0446818892968885
77.77466527764422,14.378378378378379,,1.0,100.0,1.0,-0.0452341385789679
78.06438099567308,14.378378378378379,,1.0,100.0,1.0,-0.0458120534960371
78.35409671370192,14.378378378378379,,1.0,100.0,1.0,-0.0464170110461084
78.64381243173077,14.378378378378379,,1.0,100.0,1.0,-0.0470504398858636
78.93352814975961,14.378378378378379,,1.0,100.0,1.0,-0.0477138214694428
79.22324386778845,14.378378378378379,,1.0,100.0,1.0,-0.0484086912118523
79.51295958581731,14.378378378378379,,1.0,100.0,1.0,-0.0491366396778637
79.80267530384614,14.378378378378379,,1.0,100.0,1.0,-0.0498993137974732
80.09239102187499,14.378378378378379,,1.0,100.0,1.0,-0.0506984181090596
80.38210673990385,14.378378378378379,,1.0,100.0,1.0,-0.0515357160311578
80.67182245793269,14.378378378378379,,1.0,100.0,1.0,-0.0524130311641499
80.96153817596152,14.378378378378379,,1.0,100.0,1.0,-0.0533322486229451
81.25125389399038,14.378378378378379,,1.0,100.0,1.0,-0.0542953164019026
81.54096961201923,14.378378378378379,,1.0,100.0,1.0,-0.0553042467731796
81.83068533004807,14.378378378378379,,1.0,100.0,1.0,-0.0563611177199032
82.12040104807691,14.378378378378379,,1.0,100.0,1.0,-0.057468074405351
82.41011676610577,14.378378378378379,,1.0,100.0,1.0,-0.0586273306797073
82.6998324841346,14.378378378378379,,1.0,100.0,1.0,-0.0598411706256318
82.98954820216345,14.378378378378379,,1.0,100.0,1.0,-0.0611119501442739
83.2792639201923,14.378378378378379,,1.0,100.0,1.0,-0.0624420985831811
83.56897963822115,14.378378378378379,,1.0,100.0,1.0,-0.0638341204077113
83.85869535625,14.378378378378379,,1.0,100.0,1.0,-0.0652905969176437
84.14841107427884,14.378378378378379,,1.0,100.0,1.0,-0.0668141880105798
84.43812679230768,14.378378378378379,,1.0,100.0,1.0,-0.0684076339940427
84.72784251033653,14.378378378378379,,1.0,100.0,1.0,-0.0700737574480243
85.01755822836537,14.378378378378379,,1.0,100.0,1.0,-0.0718154651398887
85.30727394639422,14.378378378378379,,1.0,100.0,1.0,-0.0736357499936843
85.59698966442308,14.378378378378379,,1.0,100.0,1.0,-0.0755376931157901
85.88670538245192,14.378378378378379,,1.0,100.0,1.0,-0.0775244658791742
86.17642110048077,14.378378378378379,,1.0,100.0,1.0,-0.0795993320683428
86.46613681850961,14.378378378378379,,1.0,100.0,1.0,-0.0817656500873985
86.75585253653846,14.378378378378379,,1.0,100.0,1.0,-0.0840268752335191
87.0455682545673,14.378378378378379,,1.0,100.0,1.0,-0.086386562038352
87.33528397259614,14.378378378378379,,1.0,100.0,1.0,-0.0888483666799495
87.624999690625,14.378378378378379,,1.0,100.0,1.0,-0.0914160494678955
1.0,17.054054054054053,,1.0,100.0,1.0,-0.2891588632507827
1.289715718028846,17.054054054054053,,1.0,100.0,1.0,-0.2854851962933161
1.5794314360576922,17.054054054054053,,1.0,100.0,1.0,-0.2818407309688099
1.8691471540865385,17.054054054054053,,1.0,100.0,1.0,-0.2782265960191871
2.1588628721153844,17.054054054054053,,1.0,100.0,1.0,-0.27464394978136
2.4485785901442307,17.054054054054053,,1.0,100.0,1.0,-0.2710939745118551
2.738294308173077,17.054054054054053,,1.0,100.0,1.0,-0.2675778708429255
3.028010026201923,17.054054054054053,,1.0,100.0,1.0,-0.2640968523355537
3.3177257442307693,17.054054054054053,,1.0,100.0,1.0,-0.2606521401011341
3.607441462259615,17.054054054054053,,1.0,100.0,1.0,-0.2572449574682451
3.897157180288461,17.054054054054053,,1.0,100.0,1.0,-0.2538765246752381
4.186872898317307,17.054054054054053,,1.0,100.0,1.0,-0.2505480535736422
4.476588616346154,17.054054054054053,,1.0,100.0,1.0,-0.2472607423315448
4.766304334375,17.054054054054053,,1.0,100.0,1.0,-0.244015770129752
5.056020052403846,17.054054054054053,,1.0,100.0,1.0,-0.2408142918474211
5.345735770432693,17.054054054054053,,1.0,100.0,1.0,-0.2376574327371006
5.6354514884615385,17.054054054054053,,1.0,100.0,1.0,-0.2345462830924929
5.925167206490385,17.054054054054053,,1.0,100.0,1.0,-0.2314818929150822
6.21488292451923,17.054054054054053,,1.0,100.0,1.0,-0.228465266588713
6.504598642548077,17.054054054054053,,1.0,100.0,1.0,-0.2254973575736087
6.794314360576923,17.054054054054053,,1.0,100.0,1.0,-0.2225790631337392
7.084030078605768,17.054054054054053,,1.0,100.0,1.0,-0.2197112191134638
7.373745796634614,17.054054054054053,,1.0,100.0,1.0,-0.2168945947813922
7.663461514663462,17.054054054054053,,1.0,100.0,1.0,-0.2141298877610789
7.9531772326923065,17.054054054054053,,1.0,100.0,1.0,-0.2114177190697536
8.242892950721153,17.054054054054053,,1.0,100.0,1.0,-0.2087586282878337
8.53260866875,17.054054054054053,,1.0,100.0,1.0,-0.2061530688834539
8.822324386778845,17.054054054054053,,1.0,100.0,1.0,-0.2036014037178755
9.112040104807692,17.054054054054053,,1.0,100.0,1.0,-0.2011039007595498
9.401755822836538,17.054054054054053,,1.0,100.0,1.0,-0.1986607290372668
9.691471540865384,17.054054054054053,,1.0,100.0,1.0,-0.1962719548662624
9.98118725889423,17.054054054054053,,1.0,100.0,1.0,-0.1939375383864
10.270902976923075,17.054054054054053,,1.0,100.0,1.0,-0.1916573304593619
43.87792626826923,17.054054054054053,,1.0,100.0,1.0,-0.0383264831664892
44.16764198629807,17.054054054054053,,1.0,100.0,1.0,-0.0379713635136943
44.457357704326924,17.054054054054053,,1.0,100.0,1.0,-0.0376320155595154
44.74707342235577,17.054054054054053,,1.0,100.0,1.0,-0.0373080974358565
45.03678914038461,17.054054054054053,,1.0,100.0,1.0,-0.0369992809673468
45.32650485841346,17.054054054054053,,1.0,100.0,1.0,-0.0367052506806426
45.61622057644231,17.054054054054053,,1.0,100.0,1.0,-0.0364257028962954
45.905936294471154,17.054054054054053,,1.0,100.0,1.0,-0.0361603448952733
46.1956520125,17.054054054054053,,1.0,100.0,1.0,-0.0359088941511201
46.485367730528836,17.054054054054053,,1.0,100.0,1.0,-0.0356710776184848
46.775083448557695,17.054054054054053,,1.0,100.0,1.0,-0.0354466310690655
47.06479916658654,17.054054054054053,,1.0,100.0,1.0,-0.035235298466838
47.35451488461538,17.054054054054053,,1.0,100.0,1.0,-0.035036831375547
47.644230602644235,17.054054054054053,,1.0,100.0,1.0,-0.0348509883928382
47.93394632067308,17.054054054054053,,1.0,100.0,1.0,-0.0346775346067147
48.22366203870192,17.054054054054053,,1.0,100.0,1.0,-0.0345162410714851
48.51337775673076,17.054054054054053,,1.0,100.0,1.0,-0.0343668843015544
48.80309347475962,17.054054054054053,,1.0,100.0,1.0,-0.0342292457825252
49.092809192788465,17.054054054054053,,1.0,100.0,1.0,-0.0341031115000497
49.38252491081732,17.054054054054053,,1.0,100.0,1.0,-0.0339882714873943
49.67224062884614,17.054054054054053,,1.0,100.0,1.0,-0.033884519393301
49.96195634687499,17.054054054054053,,1.0,100.0,1.0,-0.0337916520718892
50.25167206490384,17.054054054054053,,1.0,100.0,1.0,-0.0337094691964272
50.54138778293269,17.054054054054053,,1.0,100.0,1.0,-0.0336377728987015
50.83110350096153,17.054054054054053,,1.0,100.0,1.0,-0.0335763674355835
51.120819218990384,17.054054054054053,,1.0,100.0,1.0,-0.0335250588839995
51.41053493701923,17.054054054054053,,1.0,100.0,1.0,-0.0334836548652337
51.70025065504807,17.054054054054053,,1.0,100.0,1.0,-0.0334519642991322
51.98996637307691,17.054054054054053,,1.0,100.0,1.0,-0.0334297971883941
52.27968209110577,17.054054054054053,,1.0,100.0,1.0,-0.0334169644328006
52.569397809134614,17.054054054054053,,1.0,100.0,1.0,-0.0334132776729716
52.859113527163466,17.054054054054053,,1.0,100.0,1.0,-0.0334185491629688
53.148829245192296,17.054054054054053,,1.0,100.0,1.0,-0.0334325916708899
53.438544963221155,17.054054054054053,,1.0,100.0,1.0,-0.0334552184064544
53.72826068124999,17.054054054054053,,1.0,100.0,1.0,-0.033486242974568
54.01797639927885,17.054054054054053,,1.0,100.0,1.0,-0.0335254793537456
54.30769211730768,17.054054054054053,,1.0,100.0,1.0,-0.0335727418983646
54.59740783533653,17.054054054054053,,1.0,100.0,1.0,-0.033627845363798
54.88712355336538,17.054054054054053,,1.0,100.0,1.0,-0.0336906049534714
55.176839271394236,17.054054054054053,,1.0,100.0,1.0,-0.0337608363871124
55.46655498942307,17.054054054054053,,1.0,100.0,1.0,-0.0338383559895195
55.75627070745192,17.054054054054053,,1.0,100.0,1.0,-0.0339229807992882
56.04598642548078,17.054054054054053,,1.0,100.0,1.0,-0.0340145286971594
56.33570214350961,17.054054054054053,,1.0,100.0,1.0,-0.034112818553588
56.62541786153845,17.054054054054053,,1.0,100.0,1.0,-0.0342176703954433
56.9151335795673,17.054054054054053,,1.0,100.0,1.0,-0.0343289055916655
57.20484929759615,17.054054054054053,,1.0,100.0,1.0,-0.0344463470578499
57.49456501562499,17.054054054054053,,1.0,100.0,1.0,-0.034569819479853
57.784280733653844,17.054054054054053,,1.0,100.0,1.0,-0.0346991495563269
58.07399645168269,17.054054054054053,,1.0,100.0,1.0,-0.0348341662603721
58.36371216971153,17.054054054054053,,1.0,100.0,1.0,-0.0349747011203038
58.65342788774037,17.054054054054053,,1.0,100.0,1.0,-0.0351205885195737
58.94314360576924,17.054054054054053,,1.0,100.0,1.0,-0.0352716660158854
59.23285932379808,17.054054054054053,,1.0,100.0,1.0,-0.0354277746794253
59.52257504182691,17.054054054054053,,1.0,100.0,1.0,-0.0355887594501923
59.812290759855756,17.054054054054053,,1.0,100.0,1.0,-0.0357544695142064
60.10200647788461,17.054054054054053,,1.0,100.0,1.0,-0.0359247586984738
60.39172219591345,17.054054054054053,,1.0,100.0,1.0,-0.0360994858843757
60.6814379139423,17.054054054054053,,1.0,100.0,1.0,-0.0362785154392171
60.97115363197115,17.054054054054053,,1.0,100.0,1.0,-0.0364617176655295
61.26086934999999,17.054054054054053,,1.0,100.0,1.0,-0.0366489692676633
61.55058506802884,17.054054054054053,,1.0,100.0,1.0,-0.0368401538352263
61.84030078605769,17.054054054054053,,1.0,100.0,1.0,-0.0370351623428063
62.130016504086534,17.054054054054053,,1.0,100.0,1.0,-0.0372338936654077
62.41973222211538,17.054054054054053,,1.0,100.0,1.0,-0.0374362551090021
62.70944794014423,17.054054054054053,,1.0,100.0,1.0,-0.0376421629555642
62.999163658173075,17.054054054054053,,1.0,100.0,1.0,-0.037851543021969
63.288879376201905,17.054054054054053,,1.0,100.0,1.0,-0.0380643312320567
63.578595094230764,17.054054054054053,,1.0,100.0,1.0,-0.0382804742012614
63.868310812259615,17.054054054054053,,1.0,100.0,1.0,-0.0384999298331188
64.15802653028845,17.054054054054053,,1.0,100.0,1.0,-0.0387226679270762
64.4477422483173,17.054054054054053,,1.0,100.0,1.0,-0.0389486707969078
64.73745796634616,17.054054054054053,,1.0,100.0,1.0,-0.0391779338992404
65.027173684375,17.054054054054053,,1.0,100.0,1.0,-0.0394104664715597
65.31688940240385,17.054054054054053,,1.0,100.0,1.0,-0.0396462921792201
65.60660512043269,17.054054054054053,,1.0,100.0,1.0,-0.0398854497709313
65.89632083846153,17.054054054054053,,1.0,100.0,1.0,-0.0401279937422994
66.18603655649038,17.054054054054053,,1.0,100.0,1.0,-0.0403739950070244
66.47575227451922,17.054054054054053,,1.0,100.0,1.0,-0.0406235415753621
66.76546799254808,17.054054054054053,,1.0,100.0,1.0,-0.0408767392395554
67.05518371057693,17.054054054054053,,1.0,100.0,1.0,-0.0411337122659611
67.34489942860577,17.054054054054053,,1.0,100.0,1.0,-0.0413946040936596
67.63461514663462,17.054054054054053,,1.0,100.0,1.0,-0.0416595780393388
67.92433086466346,17.054054054054053,,1.0,100.0,1.0,-0.0419288180083468
68.2140465826923,17.054054054054053,,1.0,100.0,1.0,-0.0422025292118299
68.50376230072115,17.054054054054053,,1.0,100.0,1.0,-0.0424809388898863
68.79347801875001,17.054054054054053,,1.0,100.0,1.0,-0.0427642970407465
69.08319373677885,17.054054054054053,,1.0,100.0,1.0,-0.0430528771560293
69.3729094548077,17.054054054054053,,1.0,100.0,1.0,-0.0433469769621374
69.66262517283654,17.054054054054053,,1.0,100.0,1.0,-0.0436469191679332
69.95234089086537,17.054054054054053,,1.0,100.0,1.0,-0.0439530522188129
70.24205660889423,17.054054054054053,,1.0,100.0,1.0,-0.0442657510574066
70.53177232692308,17.054054054054053,,1.0,100.0,1.0,-0.0445854178910996
70.82148804495192,17.054054054054053,,1.0,100.0,1.0,-0.0449124829666559
71.11120376298076,17.054054054054053,,1.0,100.0,1.0,-0.0452474053521989
71.40091948100961,17.054054054054053,,1.0,100.0,1.0,-0.0455906737269076
71.69063519903845,17.054054054054053,,1.0,100.0,1.0,-0.0459428071787265
71.9803509170673,17.054054054054053,,1.0,100.0,1.0,-0.0463043560104889
72.27006663509614,17.054054054054053,,1.0,100.0,1.0,-0.0466759025548487
72.55978235312502,17.054054054054053,,1.0,100.0,1.0,-0.0470580619984445
72.84949807115386,17.054054054054053,,1.0,100.0,1.0,-0.0474514832157203
73.13921378918268,17.054054054054053,,1.0,100.0,1.0,-0.0478568496129176
73.42892950721154,17.054054054054053,,1.0,100.0,1.0,-0.0482748799826744
73.71864522524038,17.054054054054053,,1.0,100.0,1.0,-0.0487063293697996
74.00836094326922,17.054054054054053,,1.0,100.0,1.0,-0.0491519899487584
74.29807666129807,17.054054054054053,,1.0,100.0,1.0,-0.0496126919133411
74.58779237932691,17.054054054054053,,1.0,100.0,1.0,-0.0500893043792654
74.87750809735577,17.054054054054053,,1.0,100.0,1.0,-0.0505827363001191
75.16722381538462,17.054054054054053,,1.0,100.0,1.0,-0.0510939373974496
75.45693953341345,17.054054054054053,,1.0,100.0,1.0,-0.0516238991054728
75.7466552514423,17.054054054054053,,1.0,100.0,1.0,-0.0521736555312492
76.03637096947115,17.054054054054053,,1.0,100.0,1.0,-0.0527442844308454
76.32608668750001,17.054054054054053,,1.0,100.0,1.0,-0.0533369082023269
76.61580240552884,17.054054054054053,,1.0,100.0,1.0,-0.05395269489623
76.9055181235577,17.054054054054053,,1.0,100.0,1.0,-0.0545928592443309
77.19523384158653,17.054054054054053,,1.0,100.0,1.0,-0.0552586637074268
77.48494955961539,17.054054054054053,,1.0,100.0,1.0,-0.0559514195430221
77.77466527764422,17.054054054054053,,1.0,100.0,1.0,-0.0566724878936679
78.06438099567308,17.054054054054053,,1.0,100.0,1.0,-0.0574232808968475
78.35409671370192,17.054054054054053,,1.0,100.0,1.0,-0.0582052628173328
78.64381243173077,17.054054054054053,,1.0,100.0,1.0,-0.0590199512028339
78.93352814975961,17.054054054054053,,1.0,100.0,1.0,-0.0598689180639397
79.22324386778845,17.054054054054053,,1.0,100.0,1.0,-0.0607537910793556
79.51295958581731,17.054054054054053,,1.0,100.0,1.0,-0.0616762548273198
79.80267530384614,17.054054054054053,,1.0,100.0,1.0,-0.0626380520443774
80.09239102187499,17.054054054054053,,1.0,100.0,1.0,-0.0636409849124635
80.38210673990385,17.054054054054053,,1.0,100.0,1.0,-0.0646869163754545
80.67182245793269,17.054054054054053,,1.0,100.0,1.0,-0.0657777714863024
80.96153817596152,17.054054054054053,,1.0,100.0,1.0,-0.0669155387859647
81.25125389399038,17.054054054054053,,1.0,100.0,1.0,-0.0681022717152596
81.54096961201923,17.054054054054053,,1.0,100.0,1.0,-0.0693400900610158
81.83068533004807,17.054054054054053,,1.0,100.0,1.0,-0.0706311814377037
82.12040104807691,17.054054054054053,,1.0,100.0,1.0,-0.0719778028059908
82.41011676610577,17.054054054054053,,1.0,100.0,1.0,-0.0733822820295079
82.6998324841346,17.054054054054053,,1.0,100.0,1.0,-0.0748470194713591
82.98954820216345,17.054054054054053,,1.0,100.0,1.0,-0.0763744896317637
83.2792639201923,17.054054054054053,,1.0,100.0,1.0,-0.0779672428285072
83.56897963822115,17.054054054054053,,1.0,100.0,1.0,-0.0796279069216021
83.85869535625,17.054054054054053,,1.0,100.0,1.0,-0.0813591890840323
84.14841107427884,17.054054054054053,,1.0,100.0,1.0,-0.083163877620086
84.43812679230768,17.054054054054053,,1.0,100.0,1.0,-0.085044843833191
84.72784251033653,17.054054054054053,,1.0,100.0,1.0,-0.0870050439450613
85.01755822836537,17.054054054054053,,1.0,100.0,1.0,-0.0890475210679828
85.30727394639422,17.054054054054053,,1.0,100.0,1.0,-0.0911754072323569
85.59698966442308,17.054054054054053,,1.0,100.0,1.0,-0.0933919254714094
85.88670538245192,17.054054054054053,,1.0,100.0,1.0,-0.0957003919653073
86.17642110048077,17.054054054054053,,1.0,100.0,1.0,-0.0981042182468403
86.46613681850961,17.054054054054053,,1.0,100.0,1.0,-0.1006069134709356
86.75585253653846,17.054054054054053,,1.0,100.0,1.0,-0.103212086750512
87.0455682545673,17.054054054054053,,1.0,100.0,1.0,-0.1059234495609595
87.33528397259614,17.054054054054053,,1.0,100.0,1.0,-0.1087448182159939
87.624999690625,17.054054054054053,,1.0,100.0,1.0,-0.1116801164174826
1.0,19.72972972972973,,1.0,100.0,1.0,-0.2859911902203745
1.289715718028846,19.72972972972973,,1.0,100.0,1.0,-0.2815842270645795
1.5794314360576922,19.72972972972973,,1.0,100.0,1.0,-0.2772406550815934
1.8691471540865385,19.72972972972973,,1.0,100.0,1.0,-0.2729593867842356
2.1588628721153844,19.72972972972973,,1.0,100.0,1.0,-0.2687394167735424
2.4485785901442307,19.72972972972973,,1.0,100.0,1.0,-0.2645798177919253
2.738294308173077,19.72972972972973,,1.0,100.0,1.0,-0.2604797367431731
3.028010026201923,19.72972972972973,,1.0,100.0,1.0,-0.2564383906724375
3.3177257442307693,19.72972972972973,,1.0,100.0,1.0,-0.2524550627018476
3.607441462259615,19.72972972972973,,1.0,100.0,1.0,-0.248529097919693
3.897157180288461,19.72972972972973,,1.0,100.0,1.0,-0.2446598992233488
4.186872898317307,19.72972972972973,,1.0,100.0,1.0,-0.24084692311826
4.476588616346154,19.72972972972973,,1.0,100.0,1.0,-0.2370896754774273
4.766304334375,19.72972972972973,,1.0,100.0,1.0,-0.2333877072674843
5.056020052403846,19.72972972972973,,1.0,100.0,1.0,-0.2297406102495157
5.345735770432693,19.72972972972973,,1.0,100.0,1.0,-0.2261480126640751
5.6354514884615385,19.72972972972973,,1.0,100.0,1.0,-0.2226095749115855
5.925167206490385,19.72972972972973,,1.0,100.0,1.0,-0.219124985240373
6.21488292451923,19.72972972972973,,1.0,100.0,1.0,-0.2156939554558858
6.504598642548077,19.72972972972973,,1.0,100.0,1.0,-0.2123162166654916
6.794314360576923,19.72972972972973,,1.0,100.0,1.0,-0.2089915150741466
7.084030078605768,19.72972972972973,,1.0,100.0,1.0,-0.2057196078467347
7.373745796634614,19.72972972972973,,1.0,100.0,1.0,-0.2025002590534083
7.663461514663462,19.72972972972973,,1.0,100.0,1.0,-0.1993332357144639
7.9531772326923065,19.72972972972973,,1.0,100.0,1.0,-0.1962183039614166
8.242892950721153,19.72972972972973,,1.0,100.0,1.0,-0.1931552253308463
8.53260866875,19.72972972972973,,1.0,100.0,1.0,-0.1901437532072623
8.822324386778845,19.72972972972973,,1.0,100.0,1.0,-0.1871836294309588
9.112040104807692,19.72972972972973,,1.0,100.0,1.0,-0.1842745810861152
9.401755822836538,19.72972972972973,,1.0,100.0,1.0,-0.1814163174836618
9.691471540865384,19.72972972972973,,1.0,100.0,1.0,-0.1786085273527702
9.98118725889423,19.72972972972973,,1.0,100.0,1.0,-0.1758508762534157
10.270902976923075,19.72972972972973,,1.0,100.0,1.0,-0.1731430042218354
10.560618694951922,19.72972972972973,,1.0,100.0,1.0,-0.170484523659036
10.850334412980768,19.72972972972973,,1.0,100.0,1.0,-0.1678750174715091
11.140050131009614,19.72972972972973,,1.0,100.0,1.0,-0.1653140374718684
11.42976584903846,19.72972972972973,,1.0,100.0,1.0,-0.1628011030457127
11.719481567067307,19.72972972972973,,1.0,100.0,1.0,-0.160335700089736
12.009197285096153,19.72972972972973,,1.0,100.0,1.0,-0.1579172802247845
12.298913003125,19.72972972972973,,1.0,100.0,1.0,-0.155545260286296
12.588628721153844,19.72972972972973,,1.0,100.0,1.0,-0.1532190220934928
12.87834443918269,19.72972972972973,,1.0,100.0,1.0,-0.1509379124977801
13.168060157211537,19.72972972972973,,1.0,100.0,1.0,-0.1487012437100111
13.457775875240383,19.72972972972973,,1.0,100.0,1.0,-0.1465082939058007
13.747491593269228,19.72972972972973,,1.0,100.0,1.0,-0.1443583081077271
14.037207311298074,19.72972972972973,,1.0,100.0,1.0,-0.1422504993431578
14.32692302932692,19.72972972972973,,1.0,100.0,1.0,-0.1401840500763714
14.616638747355767,19.72972972972973,,1.0,100.0,1.0,-0.1381581139137727
14.906354465384615,19.72972972972973,,1.0,100.0,1.0,-0.1361718175806899
15.196070183413461,19.72972972972973,,1.0,100.0,1.0,-0.1342242631678672
15.485785901442307,19.72972972972973,,1.0,100.0,1.0,-0.1323145306444411
15.775501619471152,19.72972972972973,,1.0,100.0,1.0,-0.1304416806321515
16.0652173375,19.72972972972973,,1.0,100.0,1.0,-0.1286047574318355
16.354933055528846,19.72972972972973,,1.0,100.0,1.0,-0.1268027922882586
16.64464877355769,19.72972972972973,,1.0,100.0,1.0,-0.1250348068719652
16.93436449158654,19.72972972972973,,1.0,100.0,1.0,-0.1232998169477533
17.224080209615384,19.72972972972973,,1.0,100.0,1.0,-0.1215968361879276
17.51379592764423,19.72972972972973,,1.0,100.0,1.0,-0.1199248800755733
17.803511645673076,19.72972972972973,,1.0,100.0,1.0,-0.118282969828985
18.093227363701924,19.72972972972973,,1.0,100.0,1.0,-0.116670136264486
18.38294308173077,19.72972972972973,,1.0,100.0,1.0,-0.1150854235023671
18.672658799759613,19.72972972972973,,1.0,100.0,1.0,-0.1135278924115443
18.96237451778846,19.72972972972973,,1.0,100.0,1.0,-0.111996623684907
19.252090235817306,19.72972972972973,,1.0,100.0,1.0,-0.1104907204408385
19.541805953846154,19.72972972972973,,1.0,100.0,1.0,-0.1090093102594977
19.831521671875,19.72972972972973,,1.0,100.0,1.0,-0.1075515465858914
20.121237389903843,19.72972972972973,,1.0,100.0,1.0,-0.1061166094662055
31.999581829086537,19.72972972972973,,1.0,100.0,1.0,-0.0611584508652478
32.28929754711538,19.72972972972973,,1.0,100.0,1.0,-0.0603811421469349
32.579013265144226,19.72972972972973,,1.0,100.0,1.0,-0.0596203857135442
32.86872898317308,19.72972972972973,,1.0,100.0,1.0,-0.0588760967227667
33.15844470120192,19.72972972972973,,1.0,100.0,1.0,-0.0581481753211913
33.44816041923077,19.72972972972973,,1.0,100.0,1.0,-0.0574365086754743
33.73787613725961,19.72972972972973,,1.0,100.0,1.0,-0.056740972634998
34.02759185528846,19.72972972972973,,1.0,100.0,1.0,-0.0560614330789481
34.31730757331731,19.72972972972973,,1.0,100.0,1.0,-0.0553977470141734
34.60702329134615,19.72972972972973,,1.0,100.0,1.0,-0.0547497634939312
34.896739009375,19.72972972972973,,1.0,100.0,1.0,-0.0541173244236544
35.18645472740385,19.72972972972973,,1.0,100.0,1.0,-0.0535002653101838
35.476170445432686,19.72972972972973,,1.0,100.0,1.0,-0.0528984159982082
35.76588616346154,19.72972972972973,,1.0,100.0,1.0,-0.0523116014234497
36.05560188149038,19.72972972972973,,1.0,100.0,1.0,-0.0517396423982718
36.34531759951923,19.72972972972973,,1.0,100.0,1.0,-0.0511823564333063
36.63503331754807,19.72972972972973,,1.0,100.0,1.0,-0.0506395585887733
36.92474903557693,19.72972972972973,,1.0,100.0,1.0,-0.050111062341938
37.21446475360577,19.72972972972973,,1.0,100.0,1.0,-0.049596680452807
37.50418047163461,19.72972972972973,,1.0,100.0,1.0,-0.0490962258083267
37.79389618966346,19.72972972972973,,1.0,100.0,1.0,-0.0486095122255701
38.08361190769231,19.72972972972973,,1.0,100.0,1.0,-0.0481363551964277
38.37332762572115,19.72972972972973,,1.0,100.0,1.0,-0.0476765725595148
38.66304334375,19.72972972972973,,1.0,100.0,1.0,-0.0472299850888793
38.95275906177885,19.72972972972973,,1.0,100.0,1.0,-0.0467964169933307
39.24247477980769,19.72972972972973,,1.0,100.0,1.0,-0.0463756963242225
39.53219049783654,19.72972972972973,,1.0,100.0,1.0,-0.0459676552934441
39.82190621586538,19.72972972972973,,1.0,100.0,1.0,-0.0455721305063457
40.111621933894234,19.72972972972973,,1.0,100.0,1.0,-0.0451889631170835
40.40133765192307,19.72972972972973,,1.0,100.0,1.0,-0.0448179989154922
40.69105336995192,19.72972972972973,,1.0,100.0,1.0,-0.0444590883556427
40.98076908798076,19.72972972972973,,1.0,100.0,1.0,-0.0441120865367647
41.27048480600961,19.72972972972973,,1.0,100.0,1.0,-0.043776853146686
41.56020052403846,19.72972972972973,,1.0,100.0,1.0,-0.0434532523773979
41.8499162420673,19.72972972972973,,1.0,100.0,1.0,-0.0431411528210488
42.13963196009615,19.72972972972973,,1.0,100.0,1.0,-0.0428404273533151
42.429347678125,19.72972972972973,,1.0,100.0,1.0,-0.0425509530094082
42.71906339615384,19.72972972972973,,1.0,100.0,1.0,-0.042272610856467
43.00877911418269,19.72972972972973,,1.0,100.0,1.0,-0.0420052858643715
43.29849483221154,19.72972972972973,,1.0,100.0,1.0,-0.0417488667757768
43.58821055024038,19.72972972972973,,1.0,100.0,1.0,-0.041503245974781
43.87792626826923,19.72972972972973,,1.0,100.0,1.0,-0.0412683193528128
44.16764198629807,19.72972972972973,,1.0,100.0,1.0,-0.0410439861696043
44.457357704326924,19.72972972972973,,1.0,100.0,1.0,-0.0408301489067796
44.74707342235577,19.72972972972973,,1.0,100.0,1.0,-0.0406267131114378
45.03678914038461,19.72972972972973,,1.0,100.0,1.0,-0.040433587227322
45.32650485841346,19.72972972972973,,1.0,100.0,1.0,-0.0402506824115089
45.61622057644231,19.72972972972973,,1.0,100.0,1.0,-0.0400779123351262
45.905936294471154,19.72972972972973,,1.0,100.0,1.0,-0.0399151929672078
46.1956520125,19.72972972972973,,1.0,100.0,1.0,-0.0397624423416691
46.485367730528836,19.72972972972973,,1.0,100.0,1.0,-0.0396195803079909
46.775083448557695,19.72972972972973,,1.0,100.0,1.0,-0.0394865282670449
47.06479916658654,19.72972972972973,,1.0,100.0,1.0,-0.0393632088941738
47.35451488461538,19.72972972972973,,1.0,100.0,1.0,-0.039249545852146
47.644230602644235,19.72972972972973,,1.0,100.0,1.0,-0.0391454634971916
47.93394632067308,19.72972972972973,,1.0,100.0,1.0,-0.0390508865815081
48.22366203870192,19.72972972972973,,1.0,100.0,1.0,-0.0389657399560214
48.51337775673076,19.72972972972973,,1.0,100.0,1.0,-0.0388899482770693
48.80309347475962,19.72972972972973,,1.0,100.0,1.0,-0.0388234357207215
49.092809192788465,19.72972972972973,,1.0,100.0,1.0,-0.0387661257082538
49.38252491081732,19.72972972972973,,1.0,100.0,1.0,-0.0387179406459977
49.67224062884614,19.72972972972973,,1.0,100.0,1.0,-0.0386788016824538
49.96195634687499,19.72972972972973,,1.0,100.0,1.0,-0.0386486284851483
50.25167206490384,19.72972972972973,,1.0,100.0,1.0,-0.0386273390393382
50.54138778293269,19.72972972972973,,1.0,100.0,1.0,-0.0386148494700876
50.83110350096153,19.72972972972973,,1.0,100.0,1.0,-0.0386110738889646
51.120819218990384,19.72972972972973,,1.0,100.0,1.0,-0.0386159242660349
51.41053493701923,19.72972972972973,,1.0,100.0,1.0,-0.0386293103275782
51.70025065504807,19.72972972972973,,1.0,100.0,1.0,-0.0386511394795575
51.98996637307691,19.72972972972973,,1.0,100.0,1.0,-0.0386813167565196
52.27968209110577,19.72972972972973,,1.0,100.0,1.0,-0.0387197447955106
52.569397809134614,19.72972972972973,,1.0,100.0,1.0,-0.0387663238343282
52.859113527163466,19.72972972972973,,1.0,100.0,1.0,-0.0388209517333218
53.148829245192296,19.72972972972973,,1.0,100.0,1.0,-0.0388835240198609
53.438544963221155,19.72972972972973,,1.0,100.0,1.0,-0.0389539339546353
53.72826068124999,19.72972972972973,,1.0,100.0,1.0,-0.0390320726188794
54.01797639927885,19.72972972972973,,1.0,100.0,1.0,-0.039117829021703
54.30769211730768,19.72972972972973,,1.0,100.0,1.0,-0.0392110902267659
54.59740783533653,19.72972972972973,,1.0,100.0,1.0,-0.0393117414976126
54.88712355336538,19.72972972972973,,1.0,100.0,1.0,-0.0394196664610853
55.176839271394236,19.72972972972973,,1.0,100.0,1.0,-0.0395347472883184
55.46655498942307,19.72972972972973,,1.0,100.0,1.0,-0.0396568648929686
55.75627070745192,19.72972972972973,,1.0,100.0,1.0,-0.0397858991463112
56.04598642548078,19.72972972972973,,1.0,100.0,1.0,-0.0399217291091054
56.33570214350961,19.72972972972973,,1.0,100.0,1.0,-0.0400642332799918
56.62541786153845,19.72972972972973,,1.0,100.0,1.0,-0.0402132898604267
56.9151335795673,19.72972972972973,,1.0,100.0,1.0,-0.0403687770361128
57.20484929759615,19.72972972972973,,1.0,100.0,1.0,-0.0405305732749066
57.49456501562499,19.72972972972973,,1.0,100.0,1.0,-0.0406985576412994
57.784280733653844,19.72972972972973,,1.0,100.0,1.0,-0.0408726101274545
58.07399645168269,19.72972972972973,,1.0,100.0,1.0,-0.0410526120008597
58.36371216971153,19.72972972972973,,1.0,100.0,1.0,-0.0412384461685868
58.65342788774037,19.72972972972973,,1.0,100.0,1.0,-0.041429997558176
58.94314360576924,19.72972972972973,,1.0,100.0,1.0,-0.0416271535150775
59.23285932379808,19.72972972972973,,1.0,100.0,1.0,-0.0418298042165264
59.52257504182691,19.72972972972973,,1.0,100.0,1.0,-0.0420378431017844
59.812290759855756,19.72972972972973,,1.0,100.0,1.0,-0.0422511673185057
60.10200647788461,19.72972972972973,,1.0,100.0,1.0,-0.0424696781850292
60.39172219591345,19.72972972972973,,1.0,100.0,1.0,-0.0426932816682767
60.6814379139423,19.72972972972973,,1.0,100.0,1.0,-0.0429218888769716
60.97115363197115,19.72972972972973,,1.0,100.0,1.0,-0.0431554165697944
61.26086934999999,19.72972972972973,,1.0,100.0,1.0,-0.0433937876780429
61.55058506802884,19.72972972972973,,1.0,100.0,1.0,-0.0436369318423776
61.84030078605769,19.72972972972973,,1.0,100.0,1.0,-0.0438847859631712
62.130016504086534,19.72972972972973,,1.0,100.0,1.0,-0.0441372947639939
62.41973222211538,19.72972972972973,,1.0,100.0,1.0,-0.0443944113676453
62.70944794014423,19.72972972972973,,1.0,100.0,1.0,-0.0446560978842976
62.999163658173075,19.72972972972973,,1.0,100.0,1.0,-0.044922326011169
63.288879376201905,19.72972972972973,,1.0,100.0,1.0,-0.0451930776432384
63.578595094230764,19.72972972972973,,1.0,100.0,1.0,-0.0454683454943936
63.868310812259615,19.72972972972973,,1.0,100.0,1.0,-0.0457481337286449
64.15802653028845,19.72972972972973,,1.0,100.0,1.0,-0.0460324586007737
64.4477422483173,19.72972972972973,,1.0,100.0,1.0,-0.0463213491060198
64.73745796634616,19.72972972972973,,1.0,100.0,1.0,-0.0466148476383723
65.027173684375,19.72972972972973,,1.0,100.0,1.0,-0.0469130106569586
65.31688940240385,19.72972972972973,,1.0,100.0,1.0,-0.047215909360284
65.60660512043269,19.72972972972973,,1.0,100.0,1.0,-0.0475236303678133
65.89632083846153,19.72972972972973,,1.0,100.0,1.0,-0.047836276408705
66.18603655649038,19.72972972972973,,1.0,100.0,1.0,-0.0481539670173768
66.47575227451922,19.72972972972973,,1.0,100.0,1.0,-0.0484768392356046
66.76546799254808,19.72972972972973,,1.0,100.0,1.0,-0.0488050483210514
67.05518371057693,19.72972972972973,,1.0,100.0,1.0,-0.0491387684620014
67.34489942860577,19.72972972972973,,1.0,100.0,1.0,-0.0494781934981901
67.63461514663462,19.72972972972973,,1.0,100.0,1.0,-0.0498235376476456
67.92433086466346,19.72972972972973,,1.0,100.0,1.0,-0.0501750362395111
68.2140465826923,19.72972972972973,,1.0,100.0,1.0,-0.0505329464528205
68.50376230072115,19.72972972972973,,1.0,100.0,1.0,-0.0508975480612772
68.79347801875001,19.72972972972973,,1.0,100.0,1.0,-0.0512691441840894
69.08319373677885,19.72972972972973,,1.0,100.0,1.0,-0.0516480620429542
69.3729094548077,19.72972972972973,,1.0,100.0,1.0,-0.052034653725364
69.66262517283654,19.72972972972973,,1.0,100.0,1.0,-0.0524292969543811
69.95234089086537,19.72972972972973,,1.0,100.0,1.0,-0.0528323958650416
70.24205660889423,19.72972972972973,,1.0,100.0,1.0,-0.0532443817876917
70.53177232692308,19.72972972972973,,1.0,100.0,1.0,-0.0536657140384937
70.82148804495192,19.72972972972973,,1.0,100.0,1.0,-0.0540968807173209
71.11120376298076,19.72972972972973,,1.0,100.0,1.0,-0.0545383995134879
71.40091948100961,19.72972972972973,,1.0,100.0,1.0,-0.0549908185195135
71.69063519903845,19.72972972972973,,1.0,100.0,1.0,-0.05545471705343
71.9803509170673,19.72972972972973,,1.0,100.0,1.0,-0.055930706489857
72.27006663509614,19.72972972972973,,1.0,100.0,1.0,-0.0564194311004701
72.55978235312502,19.72972972972973,,1.0,100.0,1.0,-0.0569215689040718
72.84949807115386,19.72972972972973,,1.0,100.0,1.0,-0.0574378325269105
73.13921378918268,19.72972972972973,,1.0,100.0,1.0,-0.0579689700736527
73.42892950721154,19.72972972972973,,1.0,100.0,1.0,-0.0585157660094778
73.71864522524038,19.72972972972973,,1.0,100.0,1.0,-0.0590790420539025
74.00836094326922,19.72972972972973,,1.0,100.0,1.0,-0.0596596580868258
74.29807666129807,19.72972972972973,,1.0,100.0,1.0,-0.0602585130673843
74.58779237932691,19.72972972972973,,1.0,100.0,1.0,-0.0608765459661796
74.87750809735577,19.72972972972973,,1.0,100.0,1.0,-0.061514736711549
75.16722381538462,19.72972972972973,,1.0,100.0,1.0,-0.0621741071504287
75.45693953341345,19.72972972972973,,1.0,100.0,1.0,-0.0628557220245314
75.7466552514423,19.72972972972973,,1.0,100.0,1.0,-0.0635606899624521
76.03637096947115,19.72972972972973,,1.0,100.0,1.0,-0.0642901644884613
76.32608668750001,19.72972972972973,,1.0,100.0,1.0,-0.0650453450486506
76.61580240552884,19.72972972972973,,1.0,100.0,1.0,-0.0658274780551909
76.9055181235577,19.72972972972973,,1.0,100.0,1.0,-0.0666378579494683
77.19523384158653,19.72972972972973,,1.0,100.0,1.0,-0.067477828284886
77.48494955961539,19.72972972972973,,1.0,100.0,1.0,-0.0683487828301285
77.77466527764422,19.72972972972973,,1.0,100.0,1.0,-0.0692521666937444
78.06438099567308,19.72972972972973,,1.0,100.0,1.0,-0.0701894774708913
78.35409671370192,19.72972972972973,,1.0,100.0,1.0,-0.0711622664131671
78.64381243173077,19.72972972972973,,1.0,100.0,1.0,-0.0721721396223876
78.93352814975961,19.72972972972973,,1.0,100.0,1.0,-0.0732207592693102
79.22324386778845,19.72972972972973,,1.0,100.0,1.0,-0.074309844838263
79.51295958581731,19.72972972972973,,1.0,100.0,1.0,-0.0754411743986301
79.80267530384614,19.72972972972973,,1.0,100.0,1.0,-0.0766165859043955
80.09239102187499,19.72972972972973,,1.0,100.0,1.0,-0.0778379785225629
80.38210673990385,19.72972972972973,,1.0,100.0,1.0,-0.0791073139918268
80.67182245793269,19.72972972972973,,1.0,100.0,1.0,-0.0804266180124035
80.96153817596152,19.72972972972973,,1.0,100.0,1.0,-0.0817979816684187
81.25125389399038,19.72972972972973,,1.0,100.0,1.0,-0.0832235628838433
81.54096961201923,19.72972972972973,,1.0,100.0,1.0,-0.0847055879134693
81.83068533004807,19.72972972972973,,1.0,100.0,1.0,-0.0862463528700396
82.12040104807691,19.72972972972973,,1.0,100.0,1.0,-0.0878482252889839
82.41011676610577,19.72972972972973,,1.0,100.0,1.0,-0.0895136457321108
82.6998324841346,19.72972972972973,,1.0,100.0,1.0,-0.0912451294317218
82.98954820216345,19.72972972972973,,1.0,100.0,1.0,-0.093045267976605
83.2792639201923,19.72972972972973,,1.0,100.0,1.0,-0.0949167310415048
83.56897963822115,19.72972972972973,,1.0,100.0,1.0,-0.0968622681615699
83.85869535625,19.72972972972973,,1.0,100.0,1.0,-0.0988847105535701
84.14841107427884,19.72972972972973,,1.0,100.0,1.0,-0.1009869729854476
84.43812679230768,19.72972972972973,,1.0,100.0,1.0,-0.1031720556960866
84.72784251033653,19.72972972972973,,1.0,100.0,1.0,-0.105443046367087
85.01755822836537,19.72972972972973,,1.0,100.0,1.0,-0.1078031221484554
85.30727394639422,19.72972972972973,,1.0,100.0,1.0,-0.1102555517402207
85.59698966442308,19.72972972972973,,1.0,100.0,1.0,-0.1128036975319556
85.88670538245192,19.72972972972973,,1.0,100.0,1.0,-0.1154510178024286
86.17642110048077,19.72972972972973,,1.0,100.0,1.0,-0.1182010689814421
86.46613681850961,19.72972972972973,,1.0,100.0,1.0,-0.1210575079763529
86.75585253653846,19.72972972972973,,1.0,100.0,1.0,-0.124024094565441
87.0455682545673,19.72972972972973,,1.0,100.0,1.0,-0.1271046938607167
87.33528397259614,19.72972972972973,,1.0,100.0,1.0,-0.1303032788426978
87.624999690625,19.72972972972973,,1.0,100.0,1.0,-0.1336239329698276
1.0,22.405405405405407,,1.0,100.0,1.0,-0.2836703394143692
1.289715718028846,22.405405405405407,,1.0,100.0,1.0,-0.2787196410029331
1.5794314360576922,22.405405405405407,,1.0,100.0,1.0,-0.2738524896431525
1.8691471540865385,22.405405405405407,,1.0,100.0,1.0,-0.2690670127175802
2.1588628721153844,22.405405405405407,,1.0,100.0,1.0,-0.2643614345410095
2.4485785901442307,22.405405405405407,,1.0,100.0,1.0,-0.2597340734701189
2.738294308173077,22.405405405405407,,1.0,100.0,1.0,-0.2551833388979357
3.028010026201923,22.405405405405407,,1.0,100.0,1.0,-0.2507077281358277
3.3177257442307693,22.405405405405407,,1.0,100.0,1.0,-0.2463058231868842
3.607441462259615,22.405405405405407,,1.0,100.0,1.0,-0.2419762874161457
3.897157180288461,22.405405405405407,,1.0,100.0,1.0,-0.2377178621241626
4.186872898317307,22.405405405405407,,1.0,100.0,1.0,-0.2335293630316977
4.476588616346154,22.405405405405407,,1.0,100.0,1.0,-0.2294096766844763
4.766304334375,22.405405405405407,,1.0,100.0,1.0,-0.2253577567878439
5.056020052403846,22.405405405405407,,1.0,100.0,1.0,-0.2213726204822587
5.345735770432693,22.405405405405407,,1.0,100.0,1.0,-0.2174533445712514
5.6354514884615385,22.405405405405407,,1.0,100.0,1.0,-0.2135990617143748
5.925167206490385,22.405405405405407,,1.0,100.0,1.0,-0.2098089565981574
6.21488292451923,22.405405405405407,,1.0,100.0,1.0,-0.2060822620987097
6.504598642548077,22.405405405405407,,1.0,100.0,1.0,-0.202418255450007
6.794314360576923,22.405405405405407,,1.0,100.0,1.0,-0.1988162544321324
7.084030078605768,22.405405405405407,,1.0,100.0,1.0,-0.1952756135939899
7.373745796634614,22.405405405405407,,1.0,100.0,1.0,-0.1917957205250408
7.663461514663462,22.405405405405407,,1.0,100.0,1.0,-0.1883759921905157
7.9531772326923065,22.405405405405407,,1.0,100.0,1.0,-0.1850158713443503
8.242892950721153,22.405405405405407,,1.0,100.0,1.0,-0.1817148230339196
8.53260866875,22.405405405405407,,1.0,100.0,1.0,-0.1784723312099348
8.822324386778845,22.405405405405407,,1.0,100.0,1.0,-0.1752878954546644
9.112040104807692,22.405405405405407,,1.0,100.0,1.0,-0.1721610278406555
9.401755822836538,22.405405405405407,,1.0,100.0,1.0,-0.1690912499315442
9.691471540865384,22.405405405405407,,1.0,100.0,1.0,-0.1660780899356907
9.98118725889423,22.405405405405407,,1.0,100.0,1.0,-0.1631210800221567
10.270902976923075,22.405405405405407,,1.0,100.0,1.0,-0.160219753807926
10.560618694951922,22.405405405405407,,1.0,100.0,1.0,-0.1573736440235808
10.850334412980768,22.405405405405407,,1.0,100.0,1.0,-0.1545822803640001
11.140050131009614,22.405405405405407,,1.0,100.0,1.0,-0.1518451875289576
11.42976584903846,22.405405405405407,,1.0,100.0,1.0,-0.1491618834575236
11.719481567067307,22.405405405405407,,1.0,100.0,1.0,-0.1465318777586869
12.009197285096153,22.405405405405407,,1.0,100.0,1.0,-0.1439546703394121
12.298913003125,22.405405405405407,,1.0,100.0,1.0,-0.141429750230064
12.588628721153844,22.405405405405407,,1.0,100.0,1.0,-0.1389565946059022
12.87834443918269,22.405405405405407,,1.0,100.0,1.0,-0.1365346680021494
13.168060157211537,22.405405405405407,,1.0,100.0,1.0,-0.1341634217191346
13.457775875240383,22.405405405405407,,1.0,100.0,1.0,-0.1318422934129902
13.747491593269228,22.405405405405407,,1.0,100.0,1.0,-0.1295707068665228
14.037207311298074,22.405405405405407,,1.0,100.0,1.0,-0.1273480719341275
14.32692302932692,22.405405405405407,,1.0,100.0,1.0,-0.1251737846539423
14.616638747355767,22.405405405405407,,1.0,100.0,1.0,-0.1230472275198938
14.906354465384615,22.405405405405407,,1.0,100.0,1.0,-0.1209677699055755
15.196070183413461,22.405405405405407,,1.0,100.0,1.0,-0.1189347686314314
15.485785901442307,22.405405405405407,,1.0,100.0,1.0,-0.116947568665807
15.775501619471152,22.405405405405407,,1.0,100.0,1.0,-0.1150055039494669
16.0652173375,22.405405405405407,,1.0,100.0,1.0,-0.1131078983316949
16.354933055528846,22.405405405405407,,1.0,100.0,1.0,-0.1112540666043253
16.64464877355769,22.405405405405407,,1.0,100.0,1.0,-0.1094433156174984
16.93436449158654,22.405405405405407,,1.0,100.0,1.0,-0.1076749454579368
17.224080209615384,22.405405405405407,,1.0,100.0,1.0,-0.1059482506668858
17.51379592764423,22.405405405405407,,1.0,100.0,1.0,-0.1042625214707866
17.803511645673076,22.405405405405407,,1.0,100.0,1.0,-0.1026170449935587
18.093227363701924,22.405405405405407,,1.0,100.0,1.0,-0.1010111064152526
18.38294308173077,22.405405405405407,,1.0,100.0,1.0,-0.0994439900386886
18.672658799759613,22.405405405405407,,1.0,100.0,1.0,-0.097914980223756
18.96237451778846,22.405405405405407,,1.0,100.0,1.0,-0.0964233621494459
19.252090235817306,22.405405405405407,,1.0,100.0,1.0,-0.0949684223668853
19.541805953846154,22.405405405405407,,1.0,100.0,1.0,-0.0935494491134645
19.831521671875,22.405405405405407,,1.0,100.0,1.0,-0.0921657323687372
20.121237389903843,22.405405405405407,,1.0,100.0,1.0,-0.0908165636477818
20.41095310793269,22.405405405405407,,1.0,100.0,1.0,-0.0895012355460897
20.700668825961536,22.405405405405407,,1.0,100.0,1.0,-0.0882190410715151
20.99038454399038,22.405405405405407,,1.0,100.0,1.0,-0.0869692728216308
21.28010026201923,22.405405405405407,,1.0,100.0,1.0,-0.0857512220871711
21.569815980048077,22.405405405405407,,1.0,100.0,1.0,-0.084564177981752
21.85953169807692,22.405405405405407,,1.0,100.0,1.0,-0.0834074267122648
22.14924741610577,22.405405405405407,,1.0,100.0,1.0,-0.0822802511106493
22.438963134134614,22.405405405405407,,1.0,100.0,1.0,-0.0811819305445149
22.728678852163462,22.405405405405407,,1.0,100.0,1.0,-0.0801117413094625
23.018394570192307,22.405405405405407,,1.0,100.0,1.0,-0.079068957580092
23.308110288221158,22.405405405405407,,1.0,100.0,1.0,-0.0780528529605716
23.59782600625,22.405405405405407,,1.0,100.0,1.0,-0.0770627026308464
23.88754172427884,22.405405405405407,,1.0,100.0,1.0,-0.0760977860355758
24.17725744230769,22.405405405405407,,1.0,100.0,1.0,-0.0751573900129285
24.46697316033654,22.405405405405407,,1.0,100.0,1.0,-0.0742408122152741
24.75668887836538,22.405405405405407,,1.0,100.0,1.0,-0.0733473646378159
25.046404596394233,22.405405405405407,,1.0,100.0,1.0,-0.0724763770488946
25.336120314423074,22.405405405405407,,1.0,100.0,1.0,-0.0716272001100732
25.62583603245192,22.405405405405407,,1.0,100.0,1.0,-0.0707992079868874
25.915551750480766,22.405405405405407,,1.0,100.0,1.0,-0.0699918002815567
26.205267468509614,22.405405405405407,,1.0,100.0,1.0,-0.0692044031653342
26.494983186538455,22.405405405405407,,1.0,100.0,1.0,-0.0684364696458609
26.78469890456731,22.405405405405407,,1.0,100.0,1.0,-0.0676874789689849
27.074414622596148,22.405405405405407,,1.0,100.0,1.0,-0.0669569352188845
27.364130340624996,22.405405405405407,,1.0,100.0,1.0,-0.0662443652385171
27.65384605865384,22.405405405405407,,1.0,100.0,1.0,-0.0655493160396203
27.94356177668269,22.405405405405407,,1.0,100.0,1.0,-0.0648713519028549
28.233277494711533,22.405405405405407,,1.0,100.0,1.0,-0.064210051382247
28.52299321274039,22.405405405405407,,1.0,100.0,1.0,-0.0635650044231208
28.812708930769226,22.405405405405407,,1.0,100.0,1.0,-0.0629358097806529
29.102424648798074,22.405405405405407,,1.0,100.0,1.0,-0.0623220728899872
29.392140366826922,22.405405405405407,,1.0,100.0,1.0,-0.0617234042930956
29.681856084855767,22.405405405405407,,1.0,100.0,1.0,-0.0611394186767275
29.97157180288462,22.405405405405407,,1.0,100.0,1.0,-0.0605697345252865
30.261287520913456,22.405405405405407,,1.0,100.0,1.0,-0.0600139743465447
30.551003238942304,22.405405405405407,,1.0,100.0,1.0,-0.059471765390518
30.84071895697115,22.405405405405407,,1.0,100.0,1.0,-0.0589427407548099
31.130434674999997,22.405405405405407,,1.0,100.0,1.0,-0.0584265407545137
31.420150393028845,22.405405405405407,,1.0,100.0,1.0,-0.0579228144310217
31.709866111057696,22.405405405405407,,1.0,100.0,1.0,-0.0574312210805857
31.999581829086537,22.405405405405407,,1.0,100.0,1.0,-0.056951431698163
32.28929754711538,22.405405405405407,,1.0,100.0,1.0,-0.0564831302524156
32.579013265144226,22.405405405405407,,1.0,100.0,1.0,-0.056026014731131
32.86872898317308,22.405405405405407,,1.0,100.0,1.0,-0.0555797979202296
33.15844470120192,22.405405405405407,,1.0,100.0,1.0,-0.0551442079020808
33.44816041923077,22.405405405405407,,1.0,100.0,1.0,-0.0547189882781217
33.73787613725961,22.405405405405407,,1.0,100.0,1.0,-0.0543038981364031
34.02759185528846,22.405405405405407,,1.0,100.0,1.0,-0.0538987117955513
34.31730757331731,22.405405405405407,,1.0,100.0,1.0,-0.0535032183634807
34.60702329134615,22.405405405405407,,1.0,100.0,1.0,-0.053117221151869
34.896739009375,22.405405405405407,,1.0,100.0,1.0,-0.0527405369872754
35.18645472740385,22.405405405405407,,1.0,100.0,1.0,-0.0523729954565914
35.476170445432686,22.405405405405407,,1.0,100.0,1.0,-0.0520144381204654
35.76588616346154,22.405405405405407,,1.0,100.0,1.0,-0.0516647177227086
36.05560188149038,22.405405405405407,,1.0,100.0,1.0,-0.0513236974181929
36.34531759951923,22.405405405405407,,1.0,100.0,1.0,-0.0509912500362383
36.63503331754807,22.405405405405407,,1.0,100.0,1.0,-0.0506672573915892
36.92474903557693,22.405405405405407,,1.0,100.0,1.0,-0.0503516096506519
37.21446475360577,22.405405405405407,,1.0,100.0,1.0,-0.0500442047573018
37.50418047163461,22.405405405405407,,1.0,100.0,1.0,-0.0497449479194942
37.79389618966346,22.405405405405407,,1.0,100.0,1.0,-0.0494537511560688
38.08361190769231,22.405405405405407,,1.0,100.0,1.0,-0.0491705329011805
38.37332762572115,22.405405405405407,,1.0,100.0,1.0,-0.0488952176629808
38.66304334375,22.405405405405407,,1.0,100.0,1.0,-0.0486277357321417
38.95275906177885,22.405405405405407,,1.0,100.0,1.0,-0.0483680229353706
39.24247477980769,22.405405405405407,,1.0,100.0,1.0,-0.0481160204287578
39.53219049783654,22.405405405405407,,1.0,100.0,1.0,-0.0478716745254823
39.82190621586538,22.405405405405407,,1.0,100.0,1.0,-0.0476349365523189
40.111621933894234,22.405405405405407,,1.0,100.0,1.0,-0.047405762729347
40.40133765192307,22.405405405405407,,1.0,100.0,1.0,-0.047184114067258
40.69105336995192,22.405405405405407,,1.0,100.0,1.0,-0.0469699562766613
40.98076908798076,22.405405405405407,,1.0,100.0,1.0,-0.0467632596840227
41.27048480600961,22.405405405405407,,1.0,100.0,1.0,-0.0465639991489746
41.56020052403846,22.405405405405407,,1.0,100.0,1.0,-0.0463721539779969
41.8499162420673,22.405405405405407,,1.0,100.0,1.0,-0.0461877078299028
42.13963196009615,22.405405405405407,,1.0,100.0,1.0,-0.0460106486088702
42.429347678125,22.405405405405407,,1.0,100.0,1.0,-0.0458409683412911
42.71906339615384,22.405405405405407,,1.0,100.0,1.0,-0.0456786630333
43.00877911418269,22.405405405405407,,1.0,100.0,1.0,-0.0455237325064319
43.29849483221154,22.405405405405407,,1.0,100.0,1.0,-0.0453761802094994
43.58821055024038,22.405405405405407,,1.0,100.0,1.0,-0.0452360130055689
43.87792626826923,22.405405405405407,,1.0,100.0,1.0,-0.0451032409334549
44.16764198629807,22.405405405405407,,1.0,100.0,1.0,-0.0449778769441012
44.457357704326924,22.405405405405407,,1.0,100.0,1.0,-0.044859936612672
44.74707342235577,22.405405405405407,,1.0,100.0,1.0,-0.0447494378279677
45.03678914038461,22.405405405405407,,1.0,100.0,1.0,-0.0446464004613376
45.32650485841346,22.405405405405407,,1.0,100.0,1.0,-0.0445508460177682
45.61622057644231,22.405405405405407,,1.0,100.0,1.0,-0.0444627972722961
45.905936294471154,22.405405405405407,,1.0,100.0,1.0,-0.0443822778952388
46.1956520125,22.405405405405407,,1.0,100.0,1.0,-0.0443093120699911
46.485367730528836,22.405405405405407,,1.0,100.0,1.0,-0.0442439241072603
46.775083448557695,22.405405405405407,,1.0,100.0,1.0,-0.0441861380597827
47.06479916658654,22.405405405405407,,1.0,100.0,1.0,-0.0441359773413581
47.35451488461538,22.405405405405407,,1.0,100.0,1.0,-0.0440934643540917
47.644230602644235,22.405405405405407,,1.0,100.0,1.0,-0.0440586201273788
47.93394632067308,22.405405405405407,,1.0,100.0,1.0,-0.0440314639720327
48.22366203870192,22.405405405405407,,1.0,100.0,1.0,-0.0440120131525015
48.51337775673076,22.405405405405407,,1.0,100.0,1.0,-0.0440002825799059
48.80309347475962,22.405405405405407,,1.0,100.0,1.0,-0.0439962845280387
49.092809192788465,22.405405405405407,,1.0,100.0,1.0,-0.0440000283742975
49.38252491081732,22.405405405405407,,1.0,100.0,1.0,-0.044011520366905
49.67224062884614,22.405405405405407,,1.0,100.0,1.0,-0.0440307634195012
49.96195634687499,22.405405405405407,,1.0,100.0,1.0,-0.0440577569337035
50.25167206490384,22.405405405405407,,1.0,100.0,1.0,-0.0440924966501198
50.54138778293269,22.405405405405407,,1.0,100.0,1.0,-0.0441349745275929
50.83110350096153,22.405405405405407,,1.0,100.0,1.0,-0.0441851786506131
51.120819218990384,22.405405405405407,,1.0,100.0,1.0,-0.0442430931642899
51.41053493701923,22.405405405405407,,1.0,100.0,1.0,-0.0443086982362562
51.70025065504807,22.405405405405407,,1.0,100.0,1.0,-0.0443819700447054
51.98996637307691,22.405405405405407,,1.0,100.0,1.0,-0.0444628807916069
52.27968209110577,22.405405405405407,,1.0,100.0,1.0,-0.0445513987401976
52.569397809134614,22.405405405405407,,1.0,100.0,1.0,-0.0446474882757329
52.859113527163466,22.405405405405407,,1.0,100.0,1.0,-0.0447511099885242
53.148829245192296,22.405405405405407,,1.0,100.0,1.0,-0.0448622207783777
53.438544963221155,22.405405405405407,,1.0,100.0,1.0,-0.0449807739794841
53.72826068124999,22.405405405405407,,1.0,100.0,1.0,-0.0451067195050356
54.01797639927885,22.405405405405407,,1.0,100.0,1.0,-0.0452400040107985
54.30769211730768,22.405405405405407,,1.0,100.0,1.0,-0.0453805710770257
54.59740783533653,22.405405405405407,,1.0,100.0,1.0,-0.0455283614082046
54.88712355336538,22.405405405405407,,1.0,100.0,1.0,-0.045683313050166
55.176839271394236,22.405405405405407,,1.0,100.0,1.0,-0.0458453616241796
55.46655498942307,22.405405405405407,,1.0,100.0,1.0,-0.0460144405778067
55.75627070745192,22.405405405405407,,1.0,100.0,1.0,-0.0461904814522503
56.04598642548078,22.405405405405407,,1.0,100.0,1.0,-0.0463734141660627
56.33570214350961,22.405405405405407,,1.0,100.0,1.0,-0.0465631673150941
56.62541786153845,22.405405405405407,,1.0,100.0,1.0,-0.0467596684886237
56.9151335795673,22.405405405405407,,1.0,100.0,1.0,-0.046962844601604
57.20484929759615,22.405405405405407,,1.0,100.0,1.0,-0.0471726222429684
57.49456501562499,22.405405405405407,,1.0,100.0,1.0,-0.0473889280399877
57.784280733653844,22.405405405405407,,1.0,100.0,1.0,-0.0476116890386166
58.07399645168269,22.405405405405407,,1.0,100.0,1.0,-0.047840833099732
58.36371216971153,22.405405405405407,,1.0,100.0,1.0,-0.0480762893112229
58.65342788774037,22.405405405405407,,1.0,100.0,1.0,-0.048317988415794
58.94314360576924,22.405405405405407,,1.0,100.0,1.0,-0.0485658632543286
59.23285932379808,22.405405405405407,,1.0,100.0,1.0,-0.0488198492245921
59.52257504182691,22.405405405405407,,1.0,100.0,1.0,-0.0490798847551431
59.812290759855756,22.405405405405407,,1.0,100.0,1.0,-0.0493459117940742
60.10200647788461,22.405405405405407,,1.0,100.0,1.0,-0.0496178763123743
60.39172219591345,22.405405405405407,,1.0,100.0,1.0,-0.049895728821542
60.6814379139423,22.405405405405407,,1.0,100.0,1.0,-0.0501794249050748
60.97115363197115,22.405405405405407,,1.0,100.0,1.0,-0.0504689257634766
61.26086934999999,22.405405405405407,,1.0,100.0,1.0,-0.0507641987723239
61.55058506802884,22.405405405405407,,1.0,100.0,1.0,-0.0510652180529742
61.84030078605769,22.405405405405407,,1.0,100.0,1.0,-0.0513719650554919
62.130016504086534,22.405405405405407,,1.0,100.0,1.0,-0.0516844291532533
62.41973222211538,22.405405405405407,,1.0,100.0,1.0,-0.0520026082488217
62.70944794014423,22.405405405405407,,1.0,100.0,1.0,-0.0523265093906317
62.999163658173075,22.405405405405407,,1.0,100.0,1.0,-0.0526561493999326
63.288879376201905,22.405405405405407,,1.0,100.0,1.0,-0.0529915555076604
63.578595094230764,22.405405405405407,,1.0,100.0,1.0,-0.0533327660006548
63.868310812259615,22.405405405405407,,1.0,100.0,1.0,-0.0536798308768894
64.15802653028845,22.405405405405407,,1.0,100.0,1.0,-0.0540328125093139
64.4477422483173,22.405405405405407,,1.0,100.0,1.0,-0.054391786317807
64.73745796634616,22.405405405405407,,1.0,100.0,1.0,-0.0547568414490278
65.027173684375,22.405405405405407,,1.0,100.0,1.0,-0.0551280814637474
65.31688940240385,22.405405405405407,,1.0,100.0,1.0,-0.0555056250313746
65.60660512043269,22.405405405405407,,1.0,100.0,1.0,-0.0558896066314275
65.89632083846153,22.405405405405407,,1.0,100.0,1.0,-0.0562801772617067
66.18603655649038,22.405405405405407,,1.0,100.0,1.0,-0.0566775051529602
66.47575227451922,22.405405405405407,,1.0,100.0,1.0,-0.0570817764899114
66.76546799254808,22.405405405405407,,1.0,100.0,1.0,-0.0574931961384483
67.05518371057693,22.405405405405407,,1.0,100.0,1.0,-0.0579119883790015
67.34489942860577,22.405405405405407,,1.0,100.0,1.0,-0.0583383976459105
67.63461514663462,22.405405405405407,,1.0,100.0,1.0,-0.0587726892728511
67.92433086466346,22.405405405405407,,1.0,100.0,1.0,-0.0592151502443288
68.2140465826923,22.405405405405407,,1.0,100.0,1.0,-0.0596660899532359
68.50376230072115,22.405405405405407,,1.0,100.0,1.0,-0.0601258409645873
68.79347801875001,22.405405405405407,,1.0,100.0,1.0,-0.0605947597855225
69.08319373677885,22.405405405405407,,1.0,100.0,1.0,-0.0610732276417497
69.3729094548077,22.405405405405407,,1.0,100.0,1.0,-0.0615616512605559
69.66262517283654,22.405405405405407,,1.0,100.0,1.0,-0.0620604636606209
69.95234089086537,22.405405405405407,,1.0,100.0,1.0,-0.0625701249488465
70.24205660889423,22.405405405405407,,1.0,100.0,1.0,-0.0630911231244535
70.53177232692308,22.405405405405407,,1.0,100.0,1.0,-0.0636239748906699
70.82148804495192,22.405405405405407,,1.0,100.0,1.0,-0.0641692264742109
71.11120376298076,22.405405405405407,,1.0,100.0,1.0,-0.0647274544530494
71.40091948100961,22.405405405405407,,1.0,100.0,1.0,-0.0652992665926809
71.69063519903845,22.405405405405407,,1.0,100.0,1.0,-0.0658853026913482
71.9803509170673,22.405405405405407,,1.0,100.0,1.0,-0.0664862354346068
72.27006663509614,22.405405405405407,,1.0,100.0,1.0,-0.0671027712596376
72.55978235312502,22.405405405405407,,1.0,100.0,1.0,-0.0677356512298155
72.84949807115386,22.405405405405407,,1.0,100.0,1.0,-0.0683856519199024
73.13921378918268,22.405405405405407,,1.0,100.0,1.0,-0.0690535863124904
73.42892950721154,22.405405405405407,,1.0,100.0,1.0,-0.0697403047060366
73.71864522524038,22.405405405405407,,1.0,100.0,1.0,-0.0704466956351871
74.00836094326922,22.405405405405407,,1.0,100.0,1.0,-0.0711736868038569
74.29807666129807,22.405405405405407,,1.0,100.0,1.0,-0.0719222460316117
74.58779237932691,22.405405405405407,,1.0,100.0,1.0,-0.0726933822139934
74.87750809735577,22.405405405405407,,1.0,100.0,1.0,-0.0734881462974645
75.16722381538462,22.405405405405407,,1.0,100.0,1.0,-0.0743076322694213
75.45693953341345,22.405405405405407,,1.0,100.0,1.0,-0.0751529781641114
75.7466552514423,22.405405405405407,,1.0,100.0,1.0,-0.07602536708507
76.03637096947115,22.405405405405407,,1.0,100.0,1.0,-0.0769260282447331
76.32608668750001,22.405405405405407,,1.0,100.0,1.0,-0.0778562380220073
76.61580240552884,22.405405405405407,,1.0,100.0,1.0,-0.0788173210385184
76.9055181235577,22.405405405405407,,1.0,100.0,1.0,-0.0798106512542726
77.19523384158653,22.405405405405407,,1.0,100.0,1.0,-0.0808376530836141
77.48494955961539,22.405405405405407,,1.0,100.0,1.0,-0.0818998025321556
77.77466527764422,22.405405405405407,,1.0,100.0,1.0,-0.0829986283556678
78.06438099567308,22.405405405405407,,1.0,100.0,1.0,-0.0841357132416737
78.35409671370192,22.405405405405407,,1.0,100.0,1.0,-0.0853126950147136
78.64381243173077,22.405405405405407,,1.0,100.0,1.0,-0.0865312678661922
78.93352814975961,22.405405405405407,,1.0,100.0,1.0,-0.08779318360972
79.22324386778845,22.405405405405407,,1.0,100.0,1.0,-0.0891002529629833
79.51295958581731,22.405405405405407,,1.0,100.0,1.0,-0.0904543468570839
79.80267530384614,22.405405405405407,,1.0,100.0,1.0,-0.0918573977744559
80.09239102187499,22.405405405405407,,1.0,100.0,1.0,-0.093311401116449
80.38210673990385,22.405405405405407,,1.0,100.0,1.0,-0.0948184166015856
80.67182245793269,22.405405405405407,,1.0,100.0,1.0,-0.0963805696957268
80.96153817596152,22.405405405405407,,1.0,100.0,1.0,-0.0980000530753257
81.25125389399038,22.405405405405407,,1.0,100.0,1.0,-0.0996791281249462
81.54096961201923,22.405405405405407,,1.0,100.0,1.0,-0.1014201264703763
81.83068533004807,22.405405405405407,,1.0,100.0,1.0,-0.1032254515485537
82.12040104807691,22.405405405405407,,1.0,100.0,1.0,-0.1050975802157324
82.41011676610577,22.405405405405407,,1.0,100.0,1.0,-0.1070390643952682
82.6998324841346,22.405405405405407,,1.0,100.0,1.0,-0.109052532766392
82.98954820216345,22.405405405405407,,1.0,100.0,1.0,-0.1111406924955824
83.2792639201923,22.405405405405407,,1.0,100.0,1.0,-0.1133063310120069
83.56897963822115,22.405405405405407,,1.0,100.0,1.0,-0.1155523178286151
83.85869535625,22.405405405405407,,1.0,100.0,1.0,-0.1178816064106081
84.14841107427884,22.405405405405407,,1.0,100.0,1.0,-0.1202972360929046
84.43812679230768,22.405405405405407,,1.0,100.0,1.0,-0.1228023340484584
84.72784251033653,22.405405405405407,,1.0,100.0,1.0,-0.1254001173092351
85.01755822836537,22.405405405405407,,1.0,100.0,1.0,-0.1280938948416897
85.30727394639422,22.405405405405407,,1.0,100.0,1.0,-0.1308870696788606
85.59698966442308,22.405405405405407,,1.0,100.0,1.0,-0.1337831411109352
85.88670538245192,22.405405405405407,,1.0,100.0,1.0,-0.1367857069365863
86.17642110048077,22.405405405405407,,1.0,100.0,1.0,-0.1398984657771115
86.46613681850961,22.405405405405407,,1.0,100.0,1.0,-0.143125219455826
86.75585253653846,22.405405405405407,,1.0,100.0,1.0,-0.1464698754449168
87.0455682545673,22.405405405405407,,1.0,100.0,1.0,-0.1499364493822789
87.33528397259614,22.405405405405407,,1.0,100.0,1.0,-0.1535290676608901
87.624999690625,22.405405405405407,,1.0,100.0,1.0,-0.157251970093382
1.0,25.08108108108108,,1.0,100.0,1.0,-0.2820880101895165
1.289715718028846,25.08108108108108,,1.0,100.0,1.0,-0.2767302903358407
1.5794314360576922,25.08108108108108,,1.0,100.0,1.0,-0.2714689422387807
1.8691471540865385,25.08108108108108,,1.0,100.0,1.0,-0.2663018465929394
2.1588628721153844,25.08108108108108,,1.0,100.0,1.0,-0.2612269811051367
2.4485785901442307,25.08108108108108,,1.0,100.0,1.0,-0.2562424182805408
2.738294308173077,25.08108108108108,,1.0,100.0,1.0,-0.2513463230559148
3.028010026201923,25.08108108108108,,1.0,100.0,1.0,-0.246536950286058
3.3177257442307693,25.08108108108108,,1.0,100.0,1.0,-0.2418126420904112
3.607441462259615,25.08108108108108,,1.0,100.0,1.0,-0.2371718250675141
3.897157180288461,25.08108108108108,,1.0,100.0,1.0,-0.2326130073859278
4.186872898317307,25.08108108108108,,1.0,100.0,1.0,-0.2281347757607812
4.476588616346154,25.08108108108108,,1.0,100.0,1.0,-0.223735792325958
4.766304334375,25.08108108108108,,1.0,100.0,1.0,-0.2194147914123796
5.056020052403846,25.08108108108108,,1.0,100.0,1.0,-0.2151705762435908
5.345735770432693,25.08108108108108,,1.0,100.0,1.0,-0.2110020155601346
5.6354514884615385,25.08108108108108,,1.0,100.0,1.0,-0.2069080401848537
5.925167206490385,25.08108108108108,,1.0,100.0,1.0,-0.2028876395414297
6.21488292451923,25.08108108108108,,1.0,100.0,1.0,-0.1989398581388397
6.504598642548077,25.08108108108108,,1.0,100.0,1.0,-0.1950637920345747
6.794314360576923,25.08108108108108,,1.0,100.0,1.0,-0.1912585852896707
7.084030078605768,25.08108108108108,,1.0,100.0,1.0,-0.187523426428472
7.373745796634614,25.08108108108108,,1.0,100.0,1.0,-0.1838575449161987
7.663461514663462,25.08108108108108,,1.0,100.0,1.0,-0.1802602076671356
7.9531772326923065,25.08108108108108,,1.0,100.0,1.0,-0.1767307155960651
8.242892950721153,25.08108108108108,,1.0,100.0,1.0,-0.1732684002253443
8.53260866875,25.08108108108108,,1.0,100.0,1.0,-0.1698726203595766
8.822324386778845,25.08108108108108,,1.0,100.0,1.0,-0.1665427588393469
9.112040104807692,25.08108108108108,,1.0,100.0,1.0,-0.1632782193851239
9.401755822836538,25.08108108108108,,1.0,100.0,1.0,-0.1600784235415217
9.691471540865384,25.08108108108108,,1.0,100.0,1.0,-0.1569428077317827
9.98118725889423,25.08108108108108,,1.0,100.0,1.0,-0.153870820431259
10.270902976923075,25.08108108108108,,1.0,100.0,1.0,-0.1508619194681295
10.560618694951922,25.08108108108108,,1.0,100.0,1.0,-0.1479155694585036
10.850334412980768,25.08108108108108,,1.0,100.0,1.0,-0.1450312393823035
11.140050131009614,25.08108108108108,,1.0,100.0,1.0,-0.1422084003052475
11.42976584903846,25.08108108108108,,1.0,100.0,1.0,-0.1394465232513279
11.719481567067307,25.08108108108108,,1.0,100.0,1.0,-0.1367450772290984
12.009197285096153,25.08108108108108,,1.0,100.0,1.0,-0.1341035274141377
12.298913003125,25.08108108108108,,1.0,100.0,1.0,-0.1315213334888741
12.588628721153844,25.08108108108108,,1.0,100.0,1.0,-0.1289979481401374
12.87834443918269,25.08108108108108,,1.0,100.0,1.0,-0.1265328157135207
13.168060157211537,25.08108108108108,,1.0,100.0,1.0,-0.1241253710229037
13.457775875240383,25.08108108108108,,1.0,100.0,1.0,-0.1217750383123847
13.747491593269228,25.08108108108108,,1.0,100.0,1.0,-0.1194812303669969
14.037207311298074,25.08108108108108,,1.0,100.0,1.0,-0.1172433477678089
14.32692302932692,25.08108108108108,,1.0,100.0,1.0,-0.1150607782861562
14.616638747355767,25.08108108108108,,1.0,100.0,1.0,-0.1129328964111134
14.906354465384615,25.08108108108108,,1.0,100.0,1.0,-0.1108590630036489
15.196070183413461,25.08108108108108,,1.0,100.0,1.0,-0.1088386250704032
15.485785901442307,25.08108108108108,,1.0,100.0,1.0,-0.1068709156494929
15.775501619471152,25.08108108108108,,1.0,100.0,1.0,-0.1049552538004319
16.0652173375,25.08108108108108,,1.0,100.0,1.0,-0.1030909446898159
16.354933055528846,25.08108108108108,,1.0,100.0,1.0,-0.1012772797642007
16.64464877355769,25.08108108108108,,1.0,100.0,1.0,-0.0995135370013823
16.93436449158654,25.08108108108108,,1.0,100.0,1.0,-0.0977989812309895
17.224080209615384,25.08108108108108,,1.0,100.0,1.0,-0.0961328645153136
17.51379592764423,25.08108108108108,,1.0,100.0,1.0,-0.0945144265810405
17.803511645673076,25.08108108108108,,1.0,100.0,1.0,-0.0929428952926798
18.093227363701924,25.08108108108108,,1.0,100.0,1.0,-0.0914174871584999
18.38294308173077,25.08108108108108,,1.0,100.0,1.0,-0.0899374078600389
18.672658799759613,25.08108108108108,,1.0,100.0,1.0,-0.0885018527967675
18.96237451778846,25.08108108108108,,1.0,100.0,1.0,-0.0871100076381079
19.252090235817306,25.08108108108108,,1.0,100.0,1.0,-0.0857610488761692
19.541805953846154,25.08108108108108,,1.0,100.0,1.0,-0.0844541443738414
19.831521671875,25.08108108108108,,1.0,100.0,1.0,-0.0831884539048722
20.121237389903843,25.08108108108108,,1.0,100.0,1.0,-0.0819631296845235
20.41095310793269,25.08108108108108,,1.0,100.0,1.0,-0.0807773168921765
20.700668825961536,25.08108108108108,,1.0,100.0,1.0,-0.079630154189823
20.99038454399038,25.08108108108108,,1.0,100.0,1.0,-0.0785207742433467
21.28010026201923,25.08108108108108,,1.0,100.0,1.0,-0.0774483042561683
21.569815980048077,25.08108108108108,,1.0,100.0,1.0,-0.0764118665271597
21.85953169807692,25.08108108108108,,1.0,100.0,1.0,-0.0754105790465037
22.14924741610577,25.08108108108108,,1.0,100.0,1.0,-0.0744435561439751
22.438963134134614,25.08108108108108,,1.0,100.0,1.0,-0.0735099092038985
22.728678852163462,25.08108108108108,,1.0,100.0,1.0,-0.0726087474595342
23.018394570192307,25.08108108108108,,1.0,100.0,1.0,-0.071739178877035
23.308110288221158,25.08108108108108,,1.0,100.0,1.0,-0.0709003111351257
23.59782600625,25.08108108108108,,1.0,100.0,1.0,-0.0700912527019324
23.88754172427884,25.08108108108108,,1.0,100.0,1.0,-0.0693111140049469
24.17725744230769,25.08108108108108,,1.0,100.0,1.0,-0.0685590086844989
24.46697316033654,25.08108108108108,,1.0,100.0,1.0,-0.0678340549159599
24.75668887836538,25.08108108108108,,1.0,100.0,1.0,-0.0671353767812021
25.046404596394233,25.08108108108108,,1.0,100.0,1.0,-0.066462105666987
25.336120314423074,25.08108108108108,,1.0,100.0,1.0,-0.0658133816659124
25.62583603245192,25.08108108108108,,1.0,100.0,1.0,-0.0651883549560105
25.915551750480766,25.08108108108108,,1.0,100.0,1.0,-0.0645861871366731
26.205267468509614,25.08108108108108,,1.0,100.0,1.0,-0.0640060525021269
26.494983186538455,25.08108108108108,,1.0,100.0,1.0,-0.0634471392382483
26.78469890456731,25.08108108108108,,1.0,100.0,1.0,-0.0629086505337365
27.074414622596148,25.08108108108108,,1.0,100.0,1.0,-0.0623898056021845
27.364130340624996,25.08108108108108,,1.0,100.0,1.0,-0.0618898406165723
27.65384605865384,25.08108108108108,,1.0,100.0,1.0,-0.0614080095618034
27.94356177668269,25.08108108108108,,1.0,100.0,1.0,-0.0609435850137095
28.233277494711533,25.08108108108108,,1.0,100.0,1.0,-0.0604958588542153
28.52299321274039,25.08108108108108,,1.0,100.0,1.0,-0.0600641429321099
28.812708930769226,25.08108108108108,,1.0,100.0,1.0,-0.0596477696770628
29.102424648798074,25.08108108108108,,1.0,100.0,1.0,-0.0592460926717699
29.392140366826922,25.08108108108108,,1.0,100.0,1.0,-0.0588584871835429
29.681856084855767,25.08108108108108,,1.0,100.0,1.0,-0.058484350652856
29.97157180288462,25.08108108108108,,1.0,100.0,1.0,-0.0581231031327443
30.261287520913456,25.08108108108108,,1.0,100.0,1.0,-0.0577741876700396
30.551003238942304,25.08108108108108,,1.0,100.0,1.0,-0.0574370706174359
30.84071895697115,25.08108108108108,,1.0,100.0,1.0,-0.0571112418644825
31.130434674999997,25.08108108108108,,1.0,100.0,1.0,-0.0567962149759158
31.420150393028845,25.08108108108108,,1.0,100.0,1.0,-0.0564915272273623
31.709866111057696,25.08108108108108,,1.0,100.0,1.0,-0.0561967395308267
31.999581829086537,25.08108108108108,,1.0,100.0,1.0,-0.0559114362455305
32.28929754711538,25.08108108108108,,1.0,100.0,1.0,-0.0556352248734821
32.579013265144226,25.08108108108108,,1.0,100.0,1.0,-0.0553677356428026
32.86872898317308,25.08108108108108,,1.0,100.0,1.0,-0.0551086209855172
33.15844470120192,25.08108108108108,,1.0,100.0,1.0,-0.0548575549199016
33.44816041923077,25.08108108108108,,1.0,100.0,1.0,-0.0546142323500612
33.73787613725961,25.08108108108108,,1.0,100.0,1.0,-0.054378368297611
34.02759185528846,25.08108108108108,,1.0,100.0,1.0,-0.0541496970816341
34.31730757331731,25.08108108108108,,1.0,100.0,1.0,-0.0539279714636884
34.60702329134615,25.08108108108108,,1.0,100.0,1.0,-0.0537129617746601
34.896739009375,25.08108108108108,,1.0,100.0,1.0,-0.0535044550395279
35.18645472740385,25.08108108108108,,1.0,100.0,1.0,-0.0533022541150284
35.476170445432686,25.08108108108108,,1.0,100.0,1.0,-0.0531061768535769
35.76588616346154,25.08108108108108,,1.0,100.0,1.0,-0.0529160553050157
36.05560188149038,25.08108108108108,,1.0,100.0,1.0,-0.0527317349656638
36.34531759951923,25.08108108108108,,1.0,100.0,1.0,-0.0525530740819581
36.63503331754807,25.08108108108108,,1.0,100.0,1.0,-0.052379943013883
36.92474903557693,25.08108108108108,,1.0,100.0,1.0,-0.0522122236610708
37.21446475360577,25.08108108108108,,1.0,100.0,1.0,-0.0520498089525439
37.50418047163461,25.08108108108108,,1.0,100.0,1.0,-0.0518926023990574
37.79389618966346,25.08108108108108,,1.0,100.0,1.0,-0.0517405177052434
38.08361190769231,25.08108108108108,,1.0,100.0,1.0,-0.0515934784372678
38.37332762572115,25.08108108108108,,1.0,100.0,1.0,-0.051451417740329
38.66304334375,25.08108108108108,,1.0,100.0,1.0,-0.0513142780993522
38.95275906177885,25.08108108108108,,1.0,100.0,1.0,-0.0511820111352742
39.24247477980769,25.08108108108108,,1.0,100.0,1.0,-0.0510545774289612
39.53219049783654,25.08108108108108,,1.0,100.0,1.0,-0.0509319463643417
39.82190621586538,25.08108108108108,,1.0,100.0,1.0,-0.0508140959823654
40.111621933894234,25.08108108108108,,1.0,100.0,1.0,-0.0507010128376186
40.40133765192307,25.08108108108108,,1.0,100.0,1.0,-0.0505926918498573
40.69105336995192,25.08108108108108,,1.0,100.0,1.0,-0.0504891361432695
40.98076908798076,25.08108108108108,,1.0,100.0,1.0,-0.0503903568670994
41.27048480600961,25.08108108108108,,1.0,100.0,1.0,-0.0502963729922422
41.56020052403846,25.08108108108108,,1.0,100.0,1.0,-0.0502072110792662
41.8499162420673,25.08108108108108,,1.0,100.0,1.0,-0.0501229050146464
42.13963196009615,25.08108108108108,,1.0,100.0,1.0,-0.0500434957128771
42.429347678125,25.08108108108108,,1.0,100.0,1.0,-0.0499690307833606
42.71906339615384,25.08108108108108,,1.0,100.0,1.0,-0.0498995641620765
43.00877911418269,25.08108108108108,,1.0,100.0,1.0,-0.0498351557089409
43.29849483221154,25.08108108108108,,1.0,100.0,1.0,-0.0497758707728012
43.58821055024038,25.08108108108108,,1.0,100.0,1.0,-0.0497217797268294
43.87792626826923,25.08108108108108,,1.0,100.0,1.0,-0.049672957477712
44.16764198629807,25.08108108108108,,1.0,100.0,1.0,-0.0496294829527063
44.457357704326924,25.08108108108108,,1.0,100.0,1.0,-0.0495914385690512
44.74707342235577,25.08108108108108,,1.0,100.0,1.0,-0.0495589096904857
45.03678914038461,25.08108108108108,,1.0,100.0,1.0,-0.0495319840758959
45.32650485841346,25.08108108108108,,1.0,100.0,1.0,-0.0495107513250457
45.61622057644231,25.08108108108108,,1.0,100.0,1.0,-0.0494953023264124
45.905936294471154,25.08108108108108,,1.0,100.0,1.0,-0.0494857287118769
46.1956520125,25.08108108108108,,1.0,100.0,1.0,-0.04948212232281
46.485367730528836,25.08108108108108,,1.0,100.0,1.0,-0.0494845746917553
46.775083448557695,25.08108108108108,,1.0,100.0,1.0,-0.0494931765434947
47.06479916658654,25.08108108108108,,1.0,100.0,1.0,-0.0495080173189079
47.35451488461538,25.08108108108108,,1.0,100.0,1.0,-0.0495291847244933
47.644230602644235,25.08108108108108,,1.0,100.0,1.0,-0.0495567643100057
47.93394632067308,25.08108108108108,,1.0,100.0,1.0,-0.0495908390761876
48.22366203870192,25.08108108108108,,1.0,100.0,1.0,-0.0496314891140591
48.51337775673076,25.08108108108108,,1.0,100.0,1.0,-0.0496787912768372
48.80309347475962,25.08108108108108,,1.0,100.0,1.0,-0.0497328188851483
49.092809192788465,25.08108108108108,,1.0,100.0,1.0,-0.0497936414657987
49.38252491081732,25.08108108108108,,1.0,100.0,1.0,-0.0498613245240097
49.67224062884614,25.08108108108108,,1.0,100.0,1.0,-0.0499359293488583
49.96195634687499,25.08108108108108,,1.0,100.0,1.0,-0.0500175128511921
50.25167206490384,25.08108108108108,,1.0,100.0,1.0,-0.0501061274334179
50.54138778293269,25.08108108108108,,1.0,100.0,1.0,-0.0502018208900221
50.83110350096153,25.08108108108108,,1.0,100.0,1.0,-0.050304636337973
51.120819218990384,25.08108108108108,,1.0,100.0,1.0,-0.0504146121756724
51.41053493701923,25.08108108108108,,1.0,100.0,1.0,-0.0505317820695291
51.70025065504807,25.08108108108108,,1.0,100.0,1.0,-0.0506561749667924
51.98996637307691,25.08108108108108,,1.0,100.0,1.0,-0.0507878151336169
52.27968209110577,25.08108108108108,,1.0,100.0,1.0,-0.0509267222172098
52.569397809134614,25.08108108108108,,1.0,100.0,1.0,-0.0510729113310846
52.859113527163466,25.08108108108108,,1.0,100.0,1.0,-0.0512263931623733
53.148829245192296,25.08108108108108,,1.0,100.0,1.0,-0.0513871741004093
53.438544963221155,25.08108108108108,,1.0,100.0,1.0,-0.0515552563857224
53.72826068124999,25.08108108108108,,1.0,100.0,1.0,-0.0517306382787856
54.01797639927885,25.08108108108108,,1.0,100.0,1.0,-0.0519133142479079
54.30769211730768,25.08108108108108,,1.0,100.0,1.0,-0.0521032751757211
54.59740783533653,25.08108108108108,,1.0,100.0,1.0,-0.0523005085838637
54.88712355336538,25.08108108108108,,1.0,100.0,1.0,-0.052504998875472
55.176839271394236,25.08108108108108,,1.0,100.0,1.0,-0.0527167275951314
55.46655498942307,25.08108108108108,,1.0,100.0,1.0,-0.0529356737061496
55.75627070745192,25.08108108108108,,1.0,100.0,1.0,-0.0531618138848231
56.04598642548078,25.08108108108108,,1.0,100.0,1.0,-0.0533951228316172
56.33570214350961,25.08108108108108,,1.0,100.0,1.0,-0.053635573599056
56.62541786153845,25.08108108108108,,1.0,100.0,1.0,-0.0538831379362354
56.9151335795673,25.08108108108108,,1.0,100.0,1.0,-0.0541377866498232
57.20484929759615,25.08108108108108,,1.0,100.0,1.0,-0.0543994899813564
57.49456501562499,25.08108108108108,,1.0,100.0,1.0,-0.0546682180008454
57.784280733653844,25.08108108108108,,1.0,100.0,1.0,-0.0549439410163627
58.07399645168269,25.08108108108108,,1.0,100.0,1.0,-0.0552266299995792
58.36371216971153,25.08108108108108,,1.0,100.0,1.0,-0.0555162570269854
58.65342788774037,25.08108108108108,,1.0,100.0,1.0,-0.0558127957365958
58.94314360576924,25.08108108108108,,1.0,100.0,1.0,-0.0561162217998876
59.23285932379808,25.08108108108108,,1.0,100.0,1.0,-0.0564265134087085
59.52257504182691,25.08108108108108,,1.0,100.0,1.0,-0.0567436517767966
59.812290759855756,25.08108108108108,,1.0,100.0,1.0,-0.0570676216556628
60.10200647788461,25.08108108108108,,1.0,100.0,1.0,-0.0573984118644032
60.39172219591345,25.08108108108108,,1.0,100.0,1.0,-0.0577360158331011
60.6814379139423,25.08108108108108,,1.0,100.0,1.0,-0.0580804321593712
60.97115363197115,25.08108108108108,,1.0,100.0,1.0,-0.058431665177696
61.26086934999999,25.08108108108108,,1.0,100.0,1.0,-0.0587897255410601
61.55058506802884,25.08108108108108,,1.0,100.0,1.0,-0.0591546308144504
61.84030078605769,25.08108108108108,,1.0,100.0,1.0,-0.059526406079833
62.130016504086534,25.08108108108108,,1.0,100.0,1.0,-0.0599050845520681
62.41973222211538,25.08108108108108,,1.0,100.0,1.0,-0.060290708205383
62.70944794014423,25.08108108108108,,1.0,100.0,1.0,-0.0606833284099808
62.999163658173075,25.08108108108108,,1.0,100.0,1.0,-0.0610830065782465
63.288879376201905,25.08108108108108,,1.0,100.0,1.0,-0.0614898148203143
63.578595094230764,25.08108108108108,,1.0,100.0,1.0,-0.0619038366084264
63.868310812259615,25.08108108108108,,1.0,100.0,1.0,-0.06232516744982
64.15802653028845,25.08108108108108,,1.0,100.0,1.0,-0.0627539155677505
64.4477422483173,25.08108108108108,,1.0,100.0,1.0,-0.0631902025903262
64.73745796634616,25.08108108108108,,1.0,100.0,1.0,-0.0636341642468526
65.027173684375,25.08108108108108,,1.0,100.0,1.0,-0.0640859510714064
65.31688940240385,25.08108108108108,,1.0,100.0,1.0,-0.0645457291134734
65.60660512043269,25.08108108108108,,1.0,100.0,1.0,-0.0650136806552595
65.89632083846153,25.08108108108108,,1.0,100.0,1.0,-0.0654900049357323
66.18603655649038,25.08108108108108,,1.0,100.0,1.0,-0.0659749188810574
66.47575227451922,25.08108108108108,,1.0,100.0,1.0,-0.0664686578414198
66.76546799254808,25.08108108108108,,1.0,100.0,1.0,-0.0669714763340798
67.05518371057693,25.08108108108108,,1.0,100.0,1.0,-0.0674836487927136
67.34489942860577,25.08108108108108,,1.0,100.0,1.0,-0.0680054703229092
67.63461514663462,25.08108108108108,,1.0,100.0,1.0,-0.0685372574638948
67.92433086466346,25.08108108108108,,1.0,100.0,1.0,-0.0690793489565786
68.2140465826923,25.08108108108108,,1.0,100.0,1.0,-0.0696321065178956
68.50376230072115,25.08108108108108,,1.0,100.0,1.0,-0.0701959156216227
68.79347801875001,25.08108108108108,,1.0,100.0,1.0,-0.0707711862858361
69.08319373677885,25.08108108108108,,1.0,100.0,1.0,-0.0713583538670438
69.3729094548077,25.08108108108108,,1.0,100.0,1.0,-0.0719578798613702
69.66262517283654,25.08108108108108,,1.0,100.0,1.0,-0.0725702527128425
69.95234089086537,25.08108108108108,,1.0,100.0,1.0,-0.0731959886291697
70.24205660889423,25.08108108108108,,1.0,100.0,1.0,-0.0738356324051547
70.53177232692308,25.08108108108108,,1.0,100.0,1.0,-0.0744897582541394
70.82148804495192,25.08108108108108,,1.0,100.0,1.0,-0.0751589706477455
71.11120376298076,25.08108108108108,,1.0,100.0,1.0,-0.0758439051642979
71.40091948100961,25.08108108108108,,1.0,100.0,1.0,-0.0765452293462545
71.69063519903845,25.08108108108108,,1.0,100.0,1.0,-0.0772636435670369
71.9803509170673,25.08108108108108,,1.0,100.0,1.0,-0.0779998819077204
72.27006663509614,25.08108108108108,,1.0,100.0,1.0,-0.0787547130439614
72.55978235312502,25.08108108108108,,1.0,100.0,1.0,-0.0795289411436278
72.84949807115386,25.08108108108108,,1.0,100.0,1.0,-0.0803234067756245
73.13921378918268,25.08108108108108,,1.0,100.0,1.0,-0.0811389878303997
73.42892950721154,25.08108108108108,,1.0,100.0,1.0,-0.0819766004526306
73.71864522524038,25.08108108108108,,1.0,100.0,1.0,-0.0828371999866339
74.00836094326922,25.08108108108108,,1.0,100.0,1.0,-0.0837217819350941
74.29807666129807,25.08108108108108,,1.0,100.0,1.0,-0.0846313829315669
74.58779237932691,25.08108108108108,,1.0,100.0,1.0,-0.085567081727546
74.87750809735577,25.08108108108108,,1.0,100.0,1.0,-0.0865300001944994
75.16722381538462,25.08108108108108,,1.0,100.0,1.0,-0.0875213043416555
75.45693953341345,25.08108108108108,,1.0,100.0,1.0,-0.0885422053501618
75.7466552514423,25.08108108108108,,1.0,100.0,1.0,-0.0895939606242279
76.03637096947115,25.08108108108108,,1.0,100.0,1.0,-0.0906778748601097
76.32608668750001,25.08108108108108,,1.0,100.0,1.0,-0.0917953011334159
76.61580240552884,25.08108108108108,,1.0,100.0,1.0,-0.0929476420057913
76.9055181235577,25.08108108108108,,1.0,100.0,1.0,-0.0941363506514367
77.19523384158653,25.08108108108108,,1.0,100.0,1.0,-0.0953629320044789
77.48494955961539,25.08108108108108,,1.0,100.0,1.0,-0.096628943927896
77.77466527764422,25.08108108108108,,1.0,100.0,1.0,-0.0979359984049191
78.06438099567308,25.08108108108108,,1.0,100.0,1.0,-0.0992857627536667
78.35409671370192,25.08108108108108,,1.0,100.0,1.0,-0.1006799608660393
78.64381243173077,25.08108108108108,,1.0,100.0,1.0,-0.1021203744716948
78.93352814975961,25.08108108108108,,1.0,100.0,1.0,-0.1036088444281094
79.22324386778845,25.08108108108108,,1.0,100.0,1.0,-0.1051472720377263
79.51295958581731,25.08108108108108,,1.0,100.0,1.0,-0.1067376203930766
79.80267530384614,25.08108108108108,,1.0,100.0,1.0,-0.1083819157511243
80.09239102187499,25.08108108108108,,1.0,100.0,1.0,-0.1100822489377697
80.38210673990385,25.08108108108108,,1.0,100.0,1.0,-0.1118407767836052
80.67182245793269,25.08108108108108,,1.0,100.0,1.0,-0.1136597235921794
80.96153817596152,25.08108108108108,,1.0,100.0,1.0,-0.115541382641902
81.25125389399038,25.08108108108108,,1.0,100.0,1.0,-0.1174881177227618
81.54096961201923,25.08108108108108,,1.0,100.0,1.0,-0.119502364709253
81.83068533004807,25.08108108108108,,1.0,100.0,1.0,-0.1215866331706637
82.12040104807691,25.08108108108108,,1.0,100.0,1.0,-0.1237435080201814
82.41011676610577,25.08108108108108,,1.0,100.0,1.0,-0.1259756512042068
82.6998324841346,25.08108108108108,,1.0,100.0,1.0,-0.1282858034332445
82.98954820216345,25.08108108108108,,1.0,100.0,1.0,-0.1306767859559295
83.2792639201923,25.08108108108108,,1.0,100.0,1.0,-0.1331515023777388
83.56897963822115,25.08108108108108,,1.0,100.0,1.0,-0.1357129405259025
83.85869535625,25.08108108108108,,1.0,100.0,1.0,-0.1383641743622959
84.14841107427884,25.08108108108108,,1.0,100.0,1.0,-0.1411083659458846
84.43812679230768,25.08108108108108,,1.0,100.0,1.0,-0.1439487674465681
84.72784251033653,25.08108108108108,,1.0,100.0,1.0,-0.1468887232122642
85.01755822836537,25.08108108108108,,1.0,100.0,1.0,-0.1499316718910783
85.30727394639422,25.08108108108108,,1.0,100.0,1.0,-0.1530811486106033
85.59698966442308,25.08108108108108,,1.0,100.0,1.0,-0.1563407872162231
85.88670538245192,25.08108108108108,,1.0,100.0,1.0,-0.1597143225707814
86.17642110048077,25.08108108108108,,1.0,100.0,1.0,-0.1632055929175287
86.46613681850961,25.08108108108108,,1.0,100.0,1.0,-0.1668185423088629
86.75585253653846,25.08108108108108,,1.0,100.0,1.0,-0.1705572231029916
87.0455682545673,25.08108108108108,,1.0,100.0,1.0,-0.1744257985311251
87.33528397259614,25.08108108108108,,1.0,100.0,1.0,-0.1784285453376223
87.624999690625,25.08108108108108,,1.0,100.0,1.0,-0.1825698564957819
1.0,27.756756756756758,,1.0,100.0,1.0,-0.2811716867087153
1.289715718028846,27.756756756756758,,1.0,100.0,1.0,-0.2755079439803758
1.5794314360576922,27.756756756756758,,1.0,100.0,1.0,-0.2699492682724816
1.8691471540865385,27.756756756756758,,1.0,100.0,1.0,-0.2644935052208116
2.1588628721153844,27.756756756756758,,1.0,100.0,1.0,-0.2591385918362379
2.4485785901442307,27.756756756756758,,1.0,100.0,1.0,-0.2538825547462088
2.738294308173077,27.756756756756758,,1.0,100.0,1.0,-0.2487235082687072
3.028010026201923,27.756756756756758,,1.0,100.0,1.0,-0.2436596523260857
3.3177257442307693,27.756756756756758,,1.0,100.0,1.0,-0.2386892702065737
3.607441462259615,27.756756756756758,,1.0,100.0,1.0,-0.2338107261818909
3.897157180288461,27.756756756756758,,1.0,100.0,1.0,-0.2290224629899164
4.186872898317307,27.756756756756758,,1.0,100.0,1.0,-0.2243229991917706
4.476588616346154,27.756756756756758,,1.0,100.0,1.0,-0.2197109264131812
4.766304334375,27.756756756756758,,1.0,100.0,1.0,-0.2151849064803566
5.056020052403846,27.756756756756758,,1.0,100.0,1.0,-0.2107436684609837
5.345735770432693,27.756756756756758,,1.0,100.0,1.0,-0.2063860056212663
5.6354514884615385,27.756756756756758,,1.0,100.0,1.0,-0.2021107723101858
5.925167206490385,27.756756756756758,,1.0,100.0,1.0,-0.1979168807824315
6.21488292451923,27.756756756756758,,1.0,100.0,1.0,-0.1938032979715021
6.504598642548077,27.756756756756758,,1.0,100.0,1.0,-0.1897690422247419
6.794314360576923,27.756756756756758,,1.0,100.0,1.0,-0.1858131800120313
7.084030078605768,27.756756756756758,,1.0,100.0,1.0,-0.1819348226198381
7.373745796634614,27.756756756756758,,1.0,100.0,1.0,-0.1781331228423947
7.663461514663462,27.756756756756758,,1.0,100.0,1.0,-0.174407271681512
7.9531772326923065,27.756756756756758,,1.0,100.0,1.0,-0.1707564950664606
8.242892950721153,27.756756756756758,,1.0,100.0,1.0,-0.167180050605074
8.53260866875,27.756756756756758,,1.0,100.0,1.0,-0.1636772243769855
8.822324386778845,27.756756756756758,,1.0,100.0,1.0,-0.1602473277794636
9.112040104807692,27.756756756756758,,1.0,100.0,1.0,-0.1568896944360525
9.401755822836538,27.756756756756758,,1.0,100.0,1.0,-0.153603677177664
9.691471540865384,27.756756756756758,,1.0,100.0,1.0,-0.1503886451052369
9.98118725889423,27.756756756756758,,1.0,100.0,1.0,-0.1472439807426889
10.270902976923075,27.756756756756758,,1.0,100.0,1.0,-0.1441690772880972
10.560618694951922,27.756756756756758,,1.0,100.0,1.0,-0.1411633359704713
10.850334412980768,27.756756756756758,,1.0,100.0,1.0,-0.1382261635188936
11.140050131009614,27.756756756756758,,1.0,100.0,1.0,-0.1353569697499803
11.42976584903846,27.756756756756758,,1.0,100.0,1.0,-0.1325551652789127
11.719481567067307,27.756756756756758,,1.0,100.0,1.0,-0.1298201593585382
12.009197285096153,27.756756756756758,,1.0,100.0,1.0,-0.1271513578503476
12.298913003125,27.756756756756758,,1.0,100.0,1.0,-0.1245481613301813
12.588628721153844,27.756756756756758,,1.0,100.0,1.0,-0.1220099633309357
12.87834443918269,27.756756756756758,,1.0,100.0,1.0,-0.1195361487236409
13.168060157211537,27.756756756756758,,1.0,100.0,1.0,-0.1171260922375496
13.457775875240383,27.756756756756758,,1.0,100.0,1.0,-0.114779157119165
13.747491593269228,27.756756756756758,,1.0,100.0,1.0,-0.112494693929394
14.037207311298074,27.756756756756758,,1.0,100.0,1.0,-0.1102720394773428
14.32692302932692,27.756756756756758,,1.0,100.0,1.0,-0.1081105158886081
14.616638747355767,27.756756756756758,,1.0,100.0,1.0,-0.1060094298054046
14.906354465384615,27.756756756756758,,1.0,100.0,1.0,-0.1039680717152224
15.196070183413461,27.756756756756758,,1.0,100.0,1.0,-0.1019857154042708
15.485785901442307,27.756756756756758,,1.0,100.0,1.0,-0.1000616175316154
15.775501619471152,27.756756756756758,,1.0,100.0,1.0,-0.0981950173194557
16.0652173375,27.756756756756758,,1.0,100.0,1.0,-0.0963851363547674
16.354933055528846,27.756756756756758,,1.0,100.0,1.0,-0.094631178497305
16.64464877355769,27.756756756756758,,1.0,100.0,1.0,-0.0929323298888522
16.93436449158654,27.756756756756758,,1.0,100.0,1.0,-0.0912877590584955
17.224080209615384,27.756756756756758,,1.0,100.0,1.0,-0.0896966171187221
17.51379592764423,27.756756756756758,,1.0,100.0,1.0,-0.0881580380472099
17.803511645673076,27.756756756756758,,1.0,100.0,1.0,-0.0866711390493132
18.093227363701924,27.756756756756758,,1.0,100.0,1.0,-0.0852350209964619
18.38294308173077,27.756756756756758,,1.0,100.0,1.0,-0.0838487689358779
18.672658799759613,27.756756756756758,,1.0,100.0,1.0,-0.0825114526673672
18.96237451778846,27.756756756756758,,1.0,100.0,1.0,-0.0812221273833104
19.252090235817306,27.756756756756758,,1.0,100.0,1.0,-0.0799798343682041
19.541805953846154,27.756756756756758,,1.0,100.0,1.0,-0.0787836017546889
19.831521671875,27.756756756756758,,1.0,100.0,1.0,-0.0776324453332226
20.121237389903843,27.756756756756758,,1.0,100.0,1.0,-0.0765253694131093
20.41095310793269,27.756756756756758,,1.0,100.0,1.0,-0.0754613677328445
20.700668825961536,27.756756756756758,,1.0,100.0,1.0,-0.0744394244182198
20.99038454399038,27.756756756756758,,1.0,100.0,1.0,-0.0734585149868724
21.28010026201923,27.756756756756758,,1.0,100.0,1.0,-0.0725176073982069
21.569815980048077,27.756756756756758,,1.0,100.0,1.0,-0.0716156631478918
21.85953169807692,27.756756756756758,,1.0,100.0,1.0,-0.0707516384060563
22.14924741610577,27.756756756756758,,1.0,100.0,1.0,-0.0699244851984961
22.438963134134614,27.756756756756758,,1.0,100.0,1.0,-0.0691331526298648
22.728678852163462,27.756756756756758,,1.0,100.0,1.0,-0.0683765881476864
23.018394570192307,27.756756756756758,,1.0,100.0,1.0,-0.0676537388456297
23.308110288221158,27.756756756756758,,1.0,100.0,1.0,-0.0669635528039563
23.59782600625,27.756756756756758,,1.0,100.0,1.0,-0.0663049804644121
23.88754172427884,27.756756756756758,,1.0,100.0,1.0,-0.0656769760362351
24.17725744230769,27.756756756756758,,1.0,100.0,1.0,-0.0650784989290307
24.46697316033654,27.756756756756758,,1.0,100.0,1.0,-0.0645085152075922
24.75668887836538,27.756756756756758,,1.0,100.0,1.0,-0.0639659990627452
25.046404596394233,27.756756756756758,,1.0,100.0,1.0,-0.0634499342916355
25.336120314423074,27.756756756756758,,1.0,100.0,1.0,-0.0629593157799351
25.62583603245192,27.756756756756758,,1.0,100.0,1.0,-0.0624931509778415
25.915551750480766,27.756756756756758,,1.0,100.0,1.0,-0.0620504613610176
26.205267468509614,27.756756756756758,,1.0,100.0,1.0,-0.0616302838672135
26.494983186538455,27.756756756756758,,1.0,100.0,1.0,-0.0612316722988131
26.78469890456731,27.756756756756758,,1.0,100.0,1.0,-0.06085369868136
27.074414622596148,27.756756756756758,,1.0,100.0,1.0,-0.0604954545679827
27.364130340624996,27.756756756756758,,1.0,100.0,1.0,-0.060156052279734
27.65384605865384,27.756756756756758,,1.0,100.0,1.0,-0.0598346260719292
27.94356177668269,27.756756756756758,,1.0,100.0,1.0,-0.0595303332171163
28.233277494711533,27.756756756756758,,1.0,100.0,1.0,-0.0592423549956435
28.52299321274039,27.756756756756758,,1.0,100.0,1.0,-0.0589698975856132
28.812708930769226,27.756756756756758,,1.0,100.0,1.0,-0.0587121928447301
29.102424648798074,27.756756756756758,,1.0,100.0,1.0,-0.058468498977709
29.392140366826922,27.756756756756758,,1.0,100.0,1.0,-0.0582381010839402
29.681856084855767,27.756756756756758,,1.0,100.0,1.0,-0.0580203115815171
29.97157180288462,27.756756756756758,,1.0,100.0,1.0,-0.0578144705051926
30.261287520913456,27.756756756756758,,1.0,100.0,1.0,-0.0576199456773696
30.551003238942304,27.756756756756758,,1.0,100.0,1.0,-0.0574361327529617
30.84071895697115,27.756756756756758,,1.0,100.0,1.0,-0.0572624551406968
31.130434674999997,27.756756756756758,,1.0,100.0,1.0,-0.0570983638051068
31.420150393028845,27.756756756756758,,1.0,100.0,1.0,-0.0569433369553384
31.709866111057696,27.756756756756758,,1.0,100.0,1.0,-0.0567968796284215
31.999581829086537,27.756756756756758,,1.0,100.0,1.0,-0.0566585231762736
32.28929754711538,27.756756756756758,,1.0,100.0,1.0,-0.0565278246670586
32.579013265144226,27.756756756756758,,1.0,100.0,1.0,-0.0564043662126829
32.86872898317308,27.756756756756758,,1.0,100.0,1.0,-0.0562877542351226
33.15844470120192,27.756756756756758,,1.0,100.0,1.0,-0.0561776186849124
33.44816041923077,27.756756756756758,,1.0,100.0,1.0,-0.0560736122254613
33.73787613725961,27.756756756756758,,1.0,100.0,1.0,-0.0559754093968695
34.02759185528846,27.756756756756758,,1.0,100.0,1.0,-0.0558827057726274
34.31730757331731,27.756756756756758,,1.0,100.0,1.0,-0.0557952171219748
34.60702329134615,27.756756756756758,,1.0,100.0,1.0,-0.0557126785897303
34.896739009375,27.756756756756758,,1.0,100.0,1.0,-0.0556348439043548
35.18645472740385,27.756756756756758,,1.0,100.0,1.0,-0.0555614846234855
35.476170445432686,27.756756756756758,,1.0,100.0,1.0,-0.0554923894246326
35.76588616346154,27.756756756756758,,1.0,100.0,1.0,-0.0554273634470189
36.05560188149038,27.756756756756758,,1.0,100.0,1.0,-0.0553662276886329
36.34531759951923,27.756756756756758,,1.0,100.0,1.0,-0.0553088184608397
36.63503331754807,27.756756756756758,,1.0,100.0,1.0,-0.0552549869007916
36.92474903557693,27.756756756756758,,1.0,100.0,1.0,-0.0552045985403776
37.21446475360577,27.756756756756758,,1.0,100.0,1.0,-0.055157532928548
37.50418047163461,27.756756756756758,,1.0,100.0,1.0,-0.0551136833024337
37.79389618966346,27.756756756756758,,1.0,100.0,1.0,-0.0550729563013394
38.08361190769231,27.756756756756758,,1.0,100.0,1.0,-0.055035271716617
38.37332762572115,27.756756756756758,,1.0,100.0,1.0,-0.0550005622696057
38.66304334375,27.756756756756758,,1.0,100.0,1.0,-0.0549687734091539
38.95275906177885,27.756756756756758,,1.0,100.0,1.0,-0.054939863120156
39.24247477980769,27.756756756756758,,1.0,100.0,1.0,-0.0549138017343526
39.53219049783654,27.756756756756758,,1.0,100.0,1.0,-0.0548905717349761
39.82190621586538,27.756756756756758,,1.0,100.0,1.0,-0.0548701675472653
40.111621933894234,27.756756756756758,,1.0,100.0,1.0,-0.0548525953077005
40.40133765192307,27.756756756756758,,1.0,100.0,1.0,-0.0548378726055753
40.69105336995192,27.756756756756758,,1.0,100.0,1.0,-0.0548260281916217
40.98076908798076,27.756756756756758,,1.0,100.0,1.0,-0.05481710164963
41.27048480600961,27.756756756756758,,1.0,100.0,1.0,-0.0548111430281019
41.56020052403846,27.756756756756758,,1.0,100.0,1.0,-0.0548082124303486
41.8499162420673,27.756756756756758,,1.0,100.0,1.0,-0.054808379562584
42.13963196009615,27.756756756756758,,1.0,100.0,1.0,-0.0548117232408837
42.429347678125,27.756756756756758,,1.0,100.0,1.0,-0.0548183308588006
42.71906339615384,27.756756756756758,,1.0,100.0,1.0,-0.0548282978187092
43.00877911418269,27.756756756756758,,1.0,100.0,1.0,-0.0548417269305065
43.29849483221154,27.756756756756758,,1.0,100.0,1.0,-0.0548587277822939
43.58821055024038,27.756756756756758,,1.0,100.0,1.0,-0.0548794160880966
43.87792626826923,27.756756756756758,,1.0,100.0,1.0,-0.0549039130181039
44.16764198629807,27.756756756756758,,1.0,100.0,1.0,-0.054932344517226
44.457357704326924,27.756756756756758,,1.0,100.0,1.0,-0.054964840617762
44.74707342235577,27.756756756756758,,1.0,100.0,1.0,-0.0550015347520758
45.03678914038461,27.756756756756758,,1.0,100.0,1.0,-0.0550425630707999
45.32650485841346,27.756756756756758,,1.0,100.0,1.0,-0.05508806377205
45.61622057644231,27.756756756756758,,1.0,100.0,1.0,-0.0551381764464945
45.905936294471154,27.756756756756758,,1.0,100.0,1.0,-0.055193041442939
46.1956520125,27.756756756756758,,1.0,100.0,1.0,-0.0552527992583323
46.485367730528836,27.756756756756758,,1.0,100.0,1.0,-0.0553175899557425
46.775083448557695,27.756756756756758,,1.0,100.0,1.0,-0.0553875526132202
47.06479916658654,27.756756756756758,,1.0,100.0,1.0,-0.0554628248058959
47.35451488461538,27.756756756756758,,1.0,100.0,1.0,-0.0555435421231708
47.644230602644235,27.756756756756758,,1.0,100.0,1.0,-0.0556298377222927
47.93394632067308,27.756756756756758,,1.0,100.0,1.0,-0.0557218419191708
48.22366203870192,27.756756756756758,,1.0,100.0,1.0,-0.0558196818168231
48.51337775673076,27.756756756756758,,1.0,100.0,1.0,-0.0559234809714406
48.80309347475962,27.756756756756758,,1.0,100.0,1.0,-0.0560333590958305
49.092809192788465,27.756756756756758,,1.0,100.0,1.0,-0.0561494317995241
49.38252491081732,27.756756756756758,,1.0,100.0,1.0,-0.0562718103648086
49.67224062884614,27.756756756756758,,1.0,100.0,1.0,-0.0564006015576519
49.96195634687499,27.756756756756758,,1.0,100.0,1.0,-0.0565359074723155
50.25167206490384,27.756756756756758,,1.0,100.0,1.0,-0.0566778254085571
50.54138778293269,27.756756756756758,,1.0,100.0,1.0,-0.0568264477799965
50.83110350096153,27.756756756756758,,1.0,100.0,1.0,-0.0569818620524849
51.120819218990384,27.756756756756758,,1.0,100.0,1.0,-0.0571441507110896
51.41053493701923,27.756756756756758,,1.0,100.0,1.0,-0.0573133912545378
51.70025065504807,27.756756756756758,,1.0,100.0,1.0,-0.0574896562158995
51.98996637307691,27.756756756756758,,1.0,100.0,1.0,-0.0576730132083808
52.27968209110577,27.756756756756758,,1.0,100.0,1.0,-0.0578635249952339
52.569397809134614,27.756756756756758,,1.0,100.0,1.0,-0.0580612495828225
52.859113527163466,27.756756756756758,,1.0,100.0,1.0,-0.058266240335983
53.148829245192296,27.756756756756758,,1.0,100.0,1.0,-0.0584785461149502
53.438544963221155,27.756756756756758,,1.0,100.0,1.0,-0.0586982114331102
53.72826068124999,27.756756756756758,,1.0,100.0,1.0,-0.0589252766350988
54.01797639927885,27.756756756756758,,1.0,100.0,1.0,-0.0591597780945907
54.30769211730768,27.756756756756758,,1.0,100.0,1.0,-0.059401748431454
54.59740783533653,27.756756756756758,,1.0,100.0,1.0,-0.0596512167478504
54.88712355336538,27.756756756756758,,1.0,100.0,1.0,-0.0599082088829473
55.176839271394236,27.756756756756758,,1.0,100.0,1.0,-0.0601727476858839
55.46655498942307,27.756756756756758,,1.0,100.0,1.0,-0.0604448533069276
55.75627070745192,27.756756756756758,,1.0,100.0,1.0,-0.0607245435063653
56.04598642548078,27.756756756756758,,1.0,100.0,1.0,-0.061011833981112
56.33570214350961,27.756756756756758,,1.0,100.0,1.0,-0.0613067387086833
56.62541786153845,27.756756756756758,,1.0,100.0,1.0,-0.0616092703084708
56.9151335795673,27.756756756756758,,1.0,100.0,1.0,-0.0619194404200165
57.20484929759615,27.756756756756758,,1.0,100.0,1.0,-0.0622372600981141
57.49456501562499,27.756756756756758,,1.0,100.0,1.0,-0.0625627402245032
57.784280733653844,27.756756756756758,,1.0,100.0,1.0,-0.0628958919359792
58.07399645168269,27.756756756756758,,1.0,100.0,1.0,-0.0632367270685043
58.36371216971153,27.756756756756758,,1.0,100.0,1.0,-0.0635852586172136
58.65342788774037,27.756756756756758,,1.0,100.0,1.0,-0.0639415012118935
58.94314360576924,27.756756756756758,,1.0,100.0,1.0,-0.0643054716076495
59.23285932379808,27.756756756756758,,1.0,100.0,1.0,-0.0646771891903811
59.52257504182691,27.756756756756758,,1.0,100.0,1.0,-0.0650566764967643
59.812290759855756,27.756756756756758,,1.0,100.0,1.0,-0.065443959748248
60.10200647788461,27.756756756756758,,1.0,100.0,1.0,-0.0658390693987607
60.39172219591345,27.756756756756758,,1.0,100.0,1.0,-0.0662420406956165
60.6814379139423,27.756756756756758,,1.0,100.0,1.0,-0.0666529142532832
60.97115363197115,27.756756756756758,,1.0,100.0,1.0,-0.0670717366394816
61.26086934999999,27.756756756756758,,1.0,100.0,1.0,-0.0674985609732404
61.55058506802884,27.756756756756758,,1.0,100.0,1.0,-0.0679334475344342
61.84030078605769,27.756756756756758,,1.0,100.0,1.0,-0.0683764643843843
62.130016504086534,27.756756756756758,,1.0,100.0,1.0,-0.0688276879970377
62.41973222211538,27.756756756756758,,1.0,100.0,1.0,-0.0692872039003698
62.70944794014423,27.756756756756758,,1.0,100.0,1.0,-0.0697551073275589
62.999163658173075,27.756756756756758,,1.0,100.0,1.0,-0.0702315038775219
63.288879376201905,27.756756756756758,,1.0,100.0,1.0,-0.0707165101844569
63.578595094230764,27.756756756756758,,1.0,100.0,1.0,-0.071210254596035
63.868310812259615,27.756756756756758,,1.0,100.0,1.0,-0.0717128778598759
64.15802653028845,27.756756756756758,,1.0,100.0,1.0,-0.0722245338180448
64.4477422483173,27.756756756756758,,1.0,100.0,1.0,-0.0727453901092021
64.73745796634616,27.756756756756758,,1.0,100.0,1.0,-0.0732756288782786
65.027173684375,27.756756756756758,,1.0,100.0,1.0,-0.0738154474932664
65.31688940240385,27.756756756756758,,1.0,100.0,1.0,-0.0743650592691141
65.60660512043269,27.756756756756758,,1.0,100.0,1.0,-0.07492469419844
65.89632083846153,27.756756756756758,,1.0,100.0,1.0,-0.0754945996889193
66.18603655649038,27.756756756756758,,1.0,100.0,1.0,-0.0760750413073131
66.47575227451922,27.756756756756758,,1.0,100.0,1.0,-0.0766663035299927
66.76546799254808,27.756756756756758,,1.0,100.0,1.0,-0.0772686904999622
67.05518371057693,27.756756756756758,,1.0,100.0,1.0,-0.0778825267902963
67.34489942860577,27.756756756756758,,1.0,100.0,1.0,-0.0785081581740805
67.63461514663462,27.756756756756758,,1.0,100.0,1.0,-0.0791459524008697
67.92433086466346,27.756756756756758,,1.0,100.0,1.0,-0.0797962999797063
68.2140465826923,27.756756756756758,,1.0,100.0,1.0,-0.0804596149688262
68.50376230072115,27.756756756756758,,1.0,100.0,1.0,-0.0811363357722347
68.79347801875001,27.756756756756758,,1.0,100.0,1.0,-0.0818269259431833
69.08319373677885,27.756756756756758,,1.0,100.0,1.0,-0.0825318749948248
69.3729094548077,27.756756756756758,,1.0,100.0,1.0,-0.0832516992182617
69.66262517283654,27.756756756756758,,1.0,100.0,1.0,-0.0839869425081651
69.95234089086537,27.756756756756758,,1.0,100.0,1.0,-0.0847381771962595
70.24205660889423,27.756756756756758,,1.0,100.0,1.0,-0.0855060048929067
70.53177232692308,27.756756756756758,,1.0,100.0,1.0,-0.0862910573372182
70.82148804495192,27.756756756756758,,1.0,100.0,1.0,-0.0870939972558747
71.11120376298076,27.756756756756758,,1.0,100.0,1.0,-0.0879155192310483
71.40091948100961,27.756756756756758,,1.0,100.0,1.0,-0.0887563505779059
71.69063519903845,27.756756756756758,,1.0,100.0,1.0,-0.0896172522319365
71.9803509170673,27.756756756756758,,1.0,100.0,1.0,-0.0904990196465744
72.27006663509614,27.756756756756758,,1.0,100.0,1.0,-0.0914024837016052
72.55978235312502,27.756756756756758,,1.0,100.0,1.0,-0.0923285116227511
72.84949807115386,27.756756756756758,,1.0,100.0,1.0,-0.0932780079129067
73.13921378918268,27.756756756756758,,1.0,100.0,1.0,-0.0942519152955566
73.42892950721154,27.756756756756758,,1.0,100.0,1.0,-0.095251215670876
73.71864522524038,27.756756756756758,,1.0,100.0,1.0,-0.0962769310850657
74.00836094326922,27.756756756756758,,1.0,100.0,1.0,-0.097330124713436
74.29807666129807,27.756756756756758,,1.0,100.0,1.0,-0.0984119018578218
74.58779237932691,27.756756756756758,,1.0,100.0,1.0,-0.0995234109590166
74.87750809735577,27.756756756756758,,1.0,100.0,1.0,-0.1006658446247238
75.16722381538462,27.756756756756758,,1.0,100.0,1.0,-0.1018404406736915
75.45693953341345,27.756756756756758,,1.0,100.0,1.0,-0.1030484831967445
75.7466552514423,27.756756756756758,,1.0,100.0,1.0,-0.1042913036353579
76.03637096947115,27.756756756756758,,1.0,100.0,1.0,-0.1055702818784344
76.32608668750001,27.756756756756758,,1.0,100.0,1.0,-0.1068868473780876
76.61580240552884,27.756756756756758,,1.0,100.0,1.0,-0.1082424802851261
76.9055181235577,27.756756756756758,,1.0,100.0,1.0,-0.1096387126050058
77.19523384158653,27.756756756756758,,1.0,100.0,1.0,-0.1110771293751023
77.48494955961539,27.756756756756758,,1.0,100.0,1.0,-0.1125593698640118
77.77466527764422,27.756756756756758,,1.0,100.0,1.0,-0.114087128793872
78.06438099567308,27.756756756756758,,1.0,100.0,1.0,-0.1156621575864087
78.35409671370192,27.756756756756758,,1.0,100.0,1.0,-0.1172862656337998
78.64381243173077,27.756756756756758,,1.0,100.0,1.0,-0.1189613215950279
78.93352814975961,27.756756756756758,,1.0,100.0,1.0,-0.1206892547189796
79.22324386778845,27.756756756756758,,1.0,100.0,1.0,-0.1224720561950124
79.51295958581731,27.756756756756758,,1.0,100.0,1.0,-0.1243117805320984
79.80267530384614,27.756756756756758,,1.0,100.0,1.0,-0.1262105469676879
80.09239102187499,27.756756756756758,,1.0,100.0,1.0,-0.1281705409072133
80.38210673990385,27.756756756756758,,1.0,100.0,1.0,-0.130194015395468
80.67182245793269,27.756756756756758,,1.0,100.0,1.0,-0.13228329262089
80.96153817596152,27.756756756756758,,1.0,100.0,1.0,-0.1344407654541021
81.25125389399038,27.756756756756758,,1.0,100.0,1.0,-0.1366688990217797
81.54096961201923,27.756756756756758,,1.0,100.0,1.0,-0.1389702323171988
81.83068533004807,27.756756756756758,,1.0,100.0,1.0,-0.1413473798487443
82.12040104807691,27.756756756756758,,1.0,100.0,1.0,-0.14380303332771
82.41011676610577,27.756756756756758,,1.0,100.0,1.0,-0.146339963396861
82.6998324841346,27.756756756756758,,1.0,100.0,1.0,-0.1489610214010789
82.98954820216345,27.756756756756758,,1.0,100.0,1.0,-0.1516691412016999
83.2792639201923,27.756756756756758,,1.0,100.0,1.0,-0.1544673410359944
83.56897963822115,27.756756756756758,,1.0,100.0,1.0,-0.1573587254234414
83.85869535625,27.756756756756758,,1.0,100.0,1.0,-0.1603464871204662
84.14841107427884,27.756756756756758,,1.0,100.0,1.0,-0.1634339091252196
84.43812679230768,27.756756756756758,,1.0,100.0,1.0,-0.166624366734304
84.72784251033653,27.756756756756758,,1.0,100.0,1.0,-0.1699213296532318
85.01755822836537,27.756756756756758,,1.0,100.0,1.0,-0.1733283641624267
85.30727394639422,27.756756756756758,,1.0,100.0,1.0,-0.1768491353408907
85.59698966442308,27.756756756756758,,1.0,100.0,1.0,-0.1804874093493519
85.88670538245192,27.756756756756758,,1.0,100.0,1.0,-0.1842470557751861
86.17642110048077,27.756756756756758,,1.0,100.0,1.0,-0.1881320500411761
86.46613681850961,27.756756756756758,,1.0,100.0,1.0,-0.1921464758803659
86.75585253653846,27.756756756756758,,1.0,100.0,1.0,-0.1962945278794358
87.0455682545673,27.756756756756758,,1.0,100.0,1.0,-0.2005805140928606
87.33528397259614,27.756756756756758,,1.0,100.0,1.0,-0.205008858730528
87.624999690625,27.756756756756758,,1.0,100.0,1.0,-0.2095841049213388
1.0,30.43243243243243,,1.0,100.0,1.0,-0.2808724003266523
1.289715718028846,30.43243243243243,,1.0,100.0,1.0,-0.274978831238399
1.5794314360576922,30.43243243243243,,1.0,100.0,1.0,-0.2691965022732968
1.8691471540865385,30.43243243243243,,1.0,100.0,1.0,-0.2635233087781396
2.1588628721153844,30.43243243243243,,1.0,100.0,1.0,-0.2579572298312532
2.4485785901442307,30.43243243243243,,1.0,100.0,1.0,-0.2524963268077608
2.738294308173077,30.43243243243243,,1.0,100.0,1.0,-0.2471387417745026
3.028010026201923,30.43243243243243,,1.0,100.0,1.0,-0.2418826957222136
3.3177257442307693,30.43243243243243,,1.0,100.0,1.0,-0.2367264866430301
3.607441462259615,30.43243243243243,,1.0,100.0,1.0,-0.2316684874617403
3.897157180288461,30.43243243243243,,1.0,100.0,1.0,-0.2267071438295929
4.186872898317307,30.43243243243243,,1.0,100.0,1.0,-0.221840971789739
4.476588616346154,30.43243243243243,,1.0,100.0,1.0,-0.2170685553238002
4.766304334375,30.43243243243243,,1.0,100.0,1.0,-0.212388543789187
5.056020052403846,30.43243243243243,,1.0,100.0,1.0,-0.2077996492571933
5.345735770432693,30.43243243243243,,1.0,100.0,1.0,-0.2033006437619569
5.6354514884615385,30.43243243243243,,1.0,100.0,1.0,-0.1988903564707183
5.925167206490385,30.43243243243243,,1.0,100.0,1.0,-0.1945676707857925
6.21488292451923,30.43243243243243,,1.0,100.0,1.0,-0.1903315213889034
6.504598642548077,30.43243243243243,,1.0,100.0,1.0,-0.1861808912385167
6.794314360576923,30.43243243243243,,1.0,100.0,1.0,-0.1821148085308975
7.084030078605768,30.43243243243243,,1.0,100.0,1.0,-0.1781323436355462
7.373745796634614,30.43243243243243,,1.0,100.0,1.0,-0.1742326060156677
7.663461514663462,30.43243243243243,,1.0,100.0,1.0,-0.1704147411442194
7.9531772326923065,30.43243243243243,,1.0,100.0,1.0,-0.1666779274258889
8.242892950721153,30.43243243243243,,1.0,100.0,1.0,-0.1630213731352691
8.53260866875,30.43243243243243,,1.0,100.0,1.0,-0.1594443133812298
8.822324386778845,30.43243243243243,,1.0,100.0,1.0,-0.1559460071071773
9.112040104807692,30.43243243243243,,1.0,100.0,1.0,-0.1525257341366922
9.401755822836538,30.43243243243243,,1.0,100.0,1.0,-0.1491827922736219
9.691471540865384,30.43243243243243,,1.0,100.0,1.0,-0.1459164944653362
9.98118725889423,30.43243243243243,,1.0,100.0,1.0,-0.1427261660374418
10.270902976923075,30.43243243243243,,1.0,100.0,1.0,-0.1396111420078876
10.560618694951922,30.43243243243243,,1.0,100.0,1.0,-0.136570764487738
10.850334412980768,30.43243243243243,,1.0,100.0,1.0,-0.1336043801755769
11.140050131009614,30.43243243243243,,1.0,100.0,1.0,-0.1307113379518725
11.42976584903846,30.43243243243243,,1.0,100.0,1.0,-0.1278909865790823
11.719481567067307,30.43243243243243,,1.0,100.0,1.0,-0.1251426725127662
12.009197285096153,30.43243243243243,,1.0,100.0,1.0,-0.1224657378283336
12.298913003125,30.43243243243243,,1.0,100.0,1.0,-0.1198595182675238
12.588628721153844,30.43243243243243,,1.0,100.0,1.0,-0.117323341408034
12.87834443918269,30.43243243243243,,1.0,100.0,1.0,-0.1148565249592473
13.168060157211537,30.43243243243243,,1.0,100.0,1.0,-0.1124583751862347
13.457775875240383,30.43243243243243,,1.0,100.0,1.0,-0.1101281854638535
13.747491593269228,30.43243243243243,,1.0,100.0,1.0,-0.1078652349619303
14.037207311298074,30.43243243243243,,1.0,100.0,1.0,-0.1056687874622543
14.32692302932692,30.43243243243243,,1.0,100.0,1.0,-0.1035380903072527
14.616638747355767,30.43243243243243,,1.0,100.0,1.0,-0.1014723734800305
14.906354465384615,30.43243243243243,,1.0,100.0,1.0,-0.0994708488147347
15.196070183413461,30.43243243243243,,1.0,100.0,1.0,-0.097532709335899
15.485785901442307,30.43243243243243,,1.0,100.0,1.0,-0.095657128724946
15.775501619471152,30.43243243243243,,1.0,100.0,1.0,-0.0938432609117291
16.0652173375,30.43243243243243,,1.0,100.0,1.0,-0.0920902397885333
16.354933055528846,30.43243243243243,,1.0,100.0,1.0,-0.0903971790438389
16.64464877355769,30.43243243243243,,1.0,100.0,1.0,-0.0887631721127427
16.93436449158654,30.43243243243243,,1.0,100.0,1.0,-0.0871872922408442
17.224080209615384,30.43243243243243,,1.0,100.0,1.0,-0.08566859265817
17.51379592764423,30.43243243243243,,1.0,100.0,1.0,-0.0842061068595869
17.803511645673076,30.43243243243243,,1.0,100.0,1.0,-0.0827988489881232
18.093227363701924,30.43243243243243,,1.0,100.0,1.0,-0.0814458143174718
18.38294308173077,30.43243243243243,,1.0,100.0,1.0,-0.0801459798299853
18.672658799759613,30.43243243243243,,1.0,100.0,1.0,-0.0788983048864398
18.96237451778846,30.43243243243243,,1.0,100.0,1.0,-0.0777017319838391
19.252090235817306,30.43243243243243,,1.0,100.0,1.0,-0.076555187597595
19.541805953846154,30.43243243243243,,1.0,100.0,1.0,-0.0754575831044305
19.831521671875,30.43243243243243,,1.0,100.0,1.0,-0.0744078157823162
20.121237389903843,30.43243243243243,,1.0,100.0,1.0,-0.0734047698839169
20.41095310793269,30.43243243243243,,1.0,100.0,1.0,-0.0724473177798259
20.700668825961536,30.43243243243243,,1.0,100.0,1.0,-0.0715343211680625
20.99038454399038,30.43243243243243,,1.0,100.0,1.0,-0.0706646323460666
21.28010026201923,30.43243243243243,,1.0,100.0,1.0,-0.069837095541455
21.569815980048077,30.43243243243243,,1.0,100.0,1.0,-0.0690505482976737
21.85953169807692,30.43243243243243,,1.0,100.0,1.0,-0.0683038229104404
22.14924741610577,30.43243243243243,,1.0,100.0,1.0,-0.0675957479107892
22.438963134134614,30.43243243243243,,1.0,100.0,1.0,-0.0669251495901243
22.728678852163462,30.43243243243243,,1.0,100.0,1.0,-0.0662908535625272
23.018394570192307,30.43243243243243,,1.0,100.0,1.0,-0.0656916863590953
23.308110288221158,30.43243243243243,,1.0,100.0,1.0,-0.0651264770488189
23.59782600625,30.43243243243243,,1.0,100.0,1.0,-0.0645940588800254
23.88754172427884,30.43243243243243,,1.0,100.0,1.0,-0.0640932709359662
24.17725744230769,30.43243243243243,,1.0,100.0,1.0,-0.0636229597976921
24.46697316033654,30.43243243243243,,1.0,100.0,1.0,-0.0631819812070229
24.75668887836538,30.43243243243243,,1.0,100.0,1.0,-0.0627692017216938
25.046404596394233,30.43243243243243,,1.0,100.0,1.0,-0.0623835003547116
25.336120314423074,30.43243243243243,,1.0,100.0,1.0,-0.0620237701892494
25.62583603245192,30.43243243243243,,1.0,100.0,1.0,-0.0616889199603903
25.915551750480766,30.43243243243243,,1.0,100.0,1.0,-0.0613778755945658
26.205267468509614,30.43243243243243,,1.0,100.0,1.0,-0.0610895816975366
26.494983186538455,30.43243243243243,,1.0,100.0,1.0,-0.0608230029817187
26.78469890456731,30.43243243243243,,1.0,100.0,1.0,-0.0605771256236913
27.074414622596148,30.43243243243243,,1.0,100.0,1.0,-0.0603509585430169
27.364130340624996,30.43243243243243,,1.0,100.0,1.0,-0.060143534593847
27.65384605865384,30.43243243243243,,1.0,100.0,1.0,-0.0599539116613039
27.94356177668269,30.43243243243243,,1.0,100.0,1.0,-0.0597811736553486
28.233277494711533,30.43243243243243,,1.0,100.0,1.0,-0.0596244313955967
28.52299321274039,30.43243243243243,,1.0,100.0,1.0,-0.0594828233816366
28.812708930769226,30.43243243243243,,1.0,100.0,1.0,-0.0593555164444129
29.102424648798074,30.43243243243243,,1.0,100.0,1.0,-0.059241706275507
29.392140366826922,30.43243243243243,,1.0,100.0,1.0,-0.0591406178325801
29.681856084855767,30.43243243243243,,1.0,100.0,1.0,-0.0590515056205599
29.97157180288462,30.43243243243243,,1.0,100.0,1.0,-0.0589736538496977
30.261287520913456,30.43243243243243,,1.0,100.0,1.0,-0.0589063764731757
30.551003238942304,30.43243243243243,,1.0,100.0,1.0,-0.0588490171083878
30.84071895697115,30.43243243243243,,1.0,100.0,1.0,-0.0588009488475793
31.130434674999997,30.43243243243243,,1.0,100.0,1.0,-0.0587615739648466
31.420150393028845,30.43243243243243,,1.0,100.0,1.0,-0.0587303235279134
31.709866111057696,30.43243243243243,,1.0,100.0,1.0,-0.0587066569241389
31.999581829086537,30.43243243243243,,1.0,100.0,1.0,-0.0586900613112572
32.28929754711538,30.43243243243243,,1.0,100.0,1.0,-0.0586800510042043
32.579013265144226,30.43243243243243,,1.0,100.0,1.0,-0.0586761668097334
32.86872898317308,30.43243243243243,,1.0,100.0,1.0,-0.0586779753211216
33.15844470120192,30.43243243243243,,1.0,100.0,1.0,-0.058685068185067
33.44816041923077,30.43243243243243,,1.0,100.0,1.0,-0.0586970613528593
33.73787613725961,30.43243243243243,,1.0,100.0,1.0,-0.0587135943273172
34.02759185528846,30.43243243243243,,1.0,100.0,1.0,-0.0587343294163963
34.31730757331731,30.43243243243243,,1.0,100.0,1.0,-0.0587589510032866
34.60702329134615,30.43243243243243,,1.0,100.0,1.0,-0.0587871648417903
34.896739009375,30.43243243243243,,1.0,100.0,1.0,-0.058818697384336
35.18645472740385,30.43243243243243,,1.0,100.0,1.0,-0.0588532951486127
35.476170445432686,30.43243243243243,,1.0,100.0,1.0,-0.0588907241270834
35.76588616346154,30.43243243243243,,1.0,100.0,1.0,-0.0589307692421364
36.05560188149038,30.43243243243243,,1.0,100.0,1.0,-0.0589732338479087
36.34531759951923,30.43243243243243,,1.0,100.0,1.0,-0.0590179392781426
36.63503331754807,30.43243243243243,,1.0,100.0,1.0,-0.0590647244380578
36.92474903557693,30.43243243243243,,1.0,100.0,1.0,-0.0591134454365582
37.21446475360577,30.43243243243243,,1.0,100.0,1.0,-0.0591639752540589
37.50418047163461,30.43243243243243,,1.0,100.0,1.0,-0.0592162034399813
37.79389618966346,30.43243243243243,,1.0,100.0,1.0,-0.0592700358331718
38.08361190769231,30.43243243243243,,1.0,100.0,1.0,-0.0593253942978783
38.37332762572115,30.43243243243243,,1.0,100.0,1.0,-0.05938221646755
38.66304334375,30.43243243243243,,1.0,100.0,1.0,-0.0594404554885509
38.95275906177885,30.43243243243243,,1.0,100.0,1.0,-0.0595000797560928
39.24247477980769,30.43243243243243,,1.0,100.0,1.0,-0.0595610726349982
39.53219049783654,30.43243243243243,,1.0,100.0,1.0,-0.0596234321585129
39.82190621586538,30.43243243243243,,1.0,100.0,1.0,-0.0596871706991077
40.111621933894234,30.43243243243243,,1.0,100.0,1.0,-0.059752314606168
40.40133765192307,30.43243243243243,,1.0,100.0,1.0,-0.0598189038065902
40.69105336995192,30.43243243243243,,1.0,100.0,1.0,-0.0598869913652485
40.98076908798076,30.43243243243243,,1.0,100.0,1.0,-0.059956643003701
41.27048480600961,30.43243243243243,,1.0,100.0,1.0,-0.060027936576543
41.56020052403846,30.43243243243243,,1.0,100.0,1.0,-0.0601009615059883
41.8499162420673,30.43243243243243,,1.0,100.0,1.0,-0.0601758181765202
42.13963196009615,30.43243243243243,,1.0,100.0,1.0,-0.0602526172922203
42.429347678125,30.43243243243243,,1.0,100.0,1.0,-0.0603314792004646
42.71906339615384,30.43243243243243,,1.0,100.0,1.0,-0.0604125331864379
43.00877911418269,30.43243243243243,,1.0,100.0,1.0,-0.0604959167433836
43.29849483221154,30.43243243243243,,1.0,100.0,1.0,-0.0605817748241493
43.58821055024038,30.43243243243243,,1.0,100.0,1.0,-0.0606702590797946
43.87792626826923,30.43243243243243,,1.0,100.0,1.0,-0.0607615270911562
44.16764198629807,30.43243243243243,,1.0,100.0,1.0,-0.0608557415993867
44.457357704326924,30.43243243243243,,1.0,100.0,1.0,-0.0609530697411808
44.74707342235577,30.43243243243243,,1.0,100.0,1.0,-0.0610536822943367
45.03678914038461,30.43243243243243,,1.0,100.0,1.0,-0.0611577529387955
45.32650485841346,30.43243243243243,,1.0,100.0,1.0,-0.0612654575379869
45.61622057644231,30.43243243243243,,1.0,100.0,1.0,-0.0613769734446875
45.905936294471154,30.43243243243243,,1.0,100.0,1.0,-0.0614924788352045
46.1956520125,30.43243243243243,,1.0,100.0,1.0,-0.0616121520750234
46.485367730528836,30.43243243243243,,1.0,100.0,1.0,-0.0617361711185399
46.775083448557695,30.43243243243243,,1.0,100.0,1.0,-0.0618647129449058
47.06479916658654,30.43243243243243,,1.0,100.0,1.0,-0.0619979530315353
47.35451488461538,30.43243243243243,,1.0,100.0,1.0,-0.0621360648662576
47.644230602644235,30.43243243243243,,1.0,100.0,1.0,-0.0622792194986812
47.93394632067308,30.43243243243243,,1.0,100.0,1.0,-0.0624275851309134
48.22366203870192,30.43243243243243,,1.0,100.0,1.0,-0.0625813267474104
48.51337775673076,30.43243243243243,,1.0,100.0,1.0,-0.0627406057834488
48.80309347475962,30.43243243243243,,1.0,100.0,1.0,-0.0629055798314738
49.092809192788465,30.43243243243243,,1.0,100.0,1.0,-0.0630764023843145
49.38252491081732,30.43243243243243,,1.0,100.0,1.0,-0.0632532226142342
49.67224062884614,30.43243243243243,,1.0,100.0,1.0,-0.0634361851865205
49.96195634687499,30.43243243243243,,1.0,100.0,1.0,-0.0636254301064251
50.25167206490384,30.43243243243243,,1.0,100.0,1.0,-0.063821092598137
50.54138778293269,30.43243243243243,,1.0,100.0,1.0,-0.0640233030145028
50.83110350096153,30.43243243243243,,1.0,100.0,1.0,-0.064232186776215
51.120819218990384,30.43243243243243,,1.0,100.0,1.0,-0.0644478643393282
51.41053493701923,30.43243243243243,,1.0,100.0,1.0,-0.0646704511899086
51.70025065504807,30.43243243243243,,1.0,100.0,1.0,-0.0649000578648042
51.98996637307691,30.43243243243243,,1.0,100.0,1.0,-0.0651367899975015
52.27968209110577,30.43243243243243,,1.0,100.0,1.0,-0.0653807483882282
52.569397809134614,30.43243243243243,,1.0,100.0,1.0,-0.0656320290974759
52.859113527163466,30.43243243243243,,1.0,100.0,1.0,-0.0658907235621973
53.148829245192296,30.43243243243243,,1.0,100.0,1.0,-0.0661569187340876
53.438544963221155,30.43243243243243,,1.0,100.0,1.0,-0.0664306972393244
53.72826068124999,30.43243243243243,,1.0,100.0,1.0,-0.0667121375592857
54.01797639927885,30.43243243243243,,1.0,100.0,1.0,-0.0670013142318068
54.30769211730768,30.43243243243243,,1.0,100.0,1.0,-0.0672982980725557
54.59740783533653,30.43243243243243,,1.0,100.0,1.0,-0.0676031564162165
54.88712355336538,30.43243243243243,,1.0,100.0,1.0,-0.0679159533771341
55.176839271394236,30.43243243243243,,1.0,100.0,1.0,-0.0682367501290994
55.46655498942307,30.43243243243243,,1.0,100.0,1.0,-0.0685656052040516
55.75627070745192,30.43243243243243,,1.0,100.0,1.0,-0.0689025748094283
56.04598642548078,30.43243243243243,,1.0,100.0,1.0,-0.0692477131638793
56.33570214350961,30.43243243243243,,1.0,100.0,1.0,-0.0696010728510918
56.62541786153845,30.43243243243243,,1.0,100.0,1.0,-0.0699627051914865
56.9151335795673,30.43243243243243,,1.0,100.0,1.0,-0.0703326606314783
57.20484929759615,30.43243243243243,,1.0,100.0,1.0,-0.0707109891500754
57.49456501562499,30.43243243243243,,1.0,100.0,1.0,-0.0710977406824224
57.784280733653844,30.43243243243243,,1.0,100.0,1.0,-0.0714929655600723
58.07399645168269,30.43243243243243,,1.0,100.0,1.0,-0.0718967149675732
58.36371216971153,30.43243243243243,,1.0,100.0,1.0,-0.0723090414150646
58.65342788774037,30.43243243243243,,1.0,100.0,1.0,-0.0727299992265064
58.94314360576924,30.43243243243243,,1.0,100.0,1.0,-0.073159645043109
59.23285932379808,30.43243243243243,,1.0,100.0,1.0,-0.0735980383416297
59.52257504182691,30.43243243243243,,1.0,100.0,1.0,-0.0740452419670535
59.812290759855756,30.43243243243243,,1.0,100.0,1.0,-0.0745013226793022
60.10200647788461,30.43243243243243,,1.0,100.0,1.0,-0.0749663517134285
60.39172219591345,30.43243243243243,,1.0,100.0,1.0,-0.0754404053529514
60.6814379139423,30.43243243243243,,1.0,100.0,1.0,-0.0759235655158641
60.97115363197115,30.43243243243243,,1.0,100.0,1.0,-0.0764159203527904
61.26086934999999,30.43243243243243,,1.0,100.0,1.0,-0.0769175648569531
61.55058506802884,30.43243243243243,,1.0,100.0,1.0,-0.0774286014854127
61.84030078605769,30.43243243243243,,1.0,100.0,1.0,-0.0779491407912409
62.130016504086534,30.43243243243243,,1.0,100.0,1.0,-0.0784793020661285
62.41973222211538,30.43243243243243,,1.0,100.0,1.0,-0.0790192139930067
62.70944794014423,30.43243243243243,,1.0,100.0,1.0,-0.0795690153084295
62.999163658173075,30.43243243243243,,1.0,100.0,1.0,-0.080128855474137
63.288879376201905,30.43243243243243,,1.0,100.0,1.0,-0.0806988953576539
63.578595094230764,30.43243243243243,,1.0,100.0,1.0,-0.0812793079213741
63.868310812259615,30.43243243243243,,1.0,100.0,1.0,-0.0818702789200618
64.15802653028845,30.43243243243243,,1.0,100.0,1.0,-0.0824720076062964
64.4477422483173,30.43243243243243,,1.0,100.0,1.0,-0.083084707443683
64.73745796634616,30.43243243243243,,1.0,100.0,1.0,-0.0837086068276249
65.027173684375,30.43243243243243,,1.0,100.0,1.0,-0.0843439498134041
65.31688940240385,30.43243243243243,,1.0,100.0,1.0,-0.0849909968514525
65.60660512043269,30.43243243243243,,1.0,100.0,1.0,-0.0856500255296054
65.89632083846153,30.43243243243243,,1.0,100.0,1.0,-0.0863213313223224
66.18603655649038,30.43243243243243,,1.0,100.0,1.0,-0.0870052283466936
66.47575227451922,30.43243243243243,,1.0,100.0,1.0,-0.0877020501252503
66.76546799254808,30.43243243243243,,1.0,100.0,1.0,-0.0884121503555096
67.05518371057693,30.43243243243243,,1.0,100.0,1.0,-0.0891359036863115
67.34489942860577,30.43243243243243,,1.0,100.0,1.0,-0.0898737065009286
67.63461514663462,30.43243243243243,,1.0,100.0,1.0,-0.0906259777070209
67.92433086466346,30.43243243243243,,1.0,100.0,1.0,-0.0913931595335778
68.2140465826923,30.43243243243243,,1.0,100.0,1.0,-0.0921757183348838
68.50376230072115,30.43243243243243,,1.0,100.0,1.0,-0.092974145401721
68.79347801875001,30.43243243243243,,1.0,100.0,1.0,-0.0937889577799365
69.08319373677885,30.43243243243243,,1.0,100.0,1.0,-0.0946206990965625
69.3729094548077,30.43243243243243,,1.0,100.0,1.0,-0.0954699403937496
69.66262517283654,30.43243243243243,,1.0,100.0,1.0,-0.0963372809707329
69.95234089086537,30.43243243243243,,1.0,100.0,1.0,-0.0972233492340364
70.24205660889423,30.43243243243243,,1.0,100.0,1.0,-0.0981288035563852
70.53177232692308,30.43243243243243,,1.0,100.0,1.0,-0.0990543331443521
70.82148804495192,30.43243243243243,,1.0,100.0,1.0,-0.1000006589153835
71.11120376298076,30.43243243243243,,1.0,100.0,1.0,-0.1009685343842782
71.40091948100961,30.43243243243243,,1.0,100.0,1.0,-0.1019587465597534
71.69063519903845,30.43243243243243,,1.0,100.0,1.0,-0.1029721168512584
71.9803509170673,30.43243243243243,,1.0,100.0,1.0,-0.1040095019865995
72.27006663509614,30.43243243243243,,1.0,100.0,1.0,-0.1050717949407736
72.55978235312502,30.43243243243243,,1.0,100.0,1.0,-0.106159925876503
72.84949807115386,30.43243243243243,,1.0,100.0,1.0,-0.1072748630968292
73.13921378918268,30.43243243243243,,1.0,100.0,1.0,-0.1084176140104044
73.42892950721154,30.43243243243243,,1.0,100.0,1.0,-0.1095892261099465
73.71864522524038,30.43243243243243,,1.0,100.0,1.0,-0.1107907879643308
74.00836094326922,30.43243243243243,,1.0,100.0,1.0,-0.112023430224994
74.29807666129807,30.43243243243243,,1.0,100.0,1.0,-0.113288326647097
74.58779237932691,30.43243243243243,,1.0,100.0,1.0,-0.1145866951261791
74.87750809735577,30.43243243243243,,1.0,100.0,1.0,-0.1159197987507862
75.16722381538462,30.43243243243243,,1.0,100.0,1.0,-0.117288946871828
75.45693953341345,30.43243243243243,,1.0,100.0,1.0,-0.1186954961892026
75.7466552514423,30.43243243243243,,1.0,100.0,1.0,-0.1201408518565225
76.03637096947115,30.43243243243243,,1.0,100.0,1.0,-0.1216264686044936
76.32608668750001,30.43243243243243,,1.0,100.0,1.0,-0.1231538518837288
76.61580240552884,30.43243243243243,,1.0,100.0,1.0,-0.1247245590278243
76.9055181235577,30.43243243243243,,1.0,100.0,1.0,-0.1263402004373052
77.19523384158653,30.43243243243243,,1.0,100.0,1.0,-0.1280024407853986
77.48494955961539,30.43243243243243,,1.0,100.0,1.0,-0.1297130002463228
77.77466527764422,30.43243243243243,,1.0,100.0,1.0,-0.1314736557470336
78.06438099567308,30.43243243243243,,1.0,100.0,1.0,-0.1332862422432553
78.35409671370192,30.43243243243243,,1.0,100.0,1.0,-0.1351526540206711
78.64381243173077,30.43243243243243,,1.0,100.0,1.0,-0.1370748460222949
78.93352814975961,30.43243243243243,,1.0,100.0,1.0,-0.1390548352027929
79.22324386778845,30.43243243243243,,1.0,100.0,1.0,-0.1410947019110229
79.51295958581731,30.43243243243243,,1.0,100.0,1.0,-0.1431965913014705
79.80267530384614,30.43243243243243,,1.0,100.0,1.0,-0.1453627147759382
80.09239102187499,30.43243243243243,,1.0,100.0,1.0,-0.1475953514563702
80.38210673990385,30.43243243243243,,1.0,100.0,1.0,-0.149896849689995
80.67182245793269,30.43243243243243,,1.0,100.0,1.0,-0.1522696285879158
80.96153817596152,30.43243243243243,,1.0,100.0,1.0,-0.1547161795984015
81.25125389399038,30.43243243243243,,1.0,100.0,1.0,-0.1572390681159929
81.54096961201923,30.43243243243243,,1.0,100.0,1.0,-0.1598409351277979
81.83068533004807,30.43243243243243,,1.0,100.0,1.0,-0.1625244988981853
82.12040104807691,30.43243243243243,,1.0,100.0,1.0,-0.1652925566933538
82.41011676610577,30.43243243243243,,1.0,100.0,1.0,-0.1681479865469802
82.6998324841346,30.43243243243243,,1.0,100.0,1.0,-0.1710937490685951
82.98954820216345,30.43243243243243,,1.0,100.0,1.0,-0.174132889296016
83.2792639201923,30.43243243243243,,1.0,100.0,1.0,-0.1772685385934872
83.56897963822115,30.43243243243243,,1.0,100.0,1.0,-0.1805039165969864
83.85869535625,30.43243243243243,,1.0,100.0,1.0,-0.1838423332085336
84.14841107427884,30.43243243243243,,1.0,100.0,1.0,-0.1872871906409758
84.43812679230768,30.43243243243243,,1.0,100.0,1.0,-0.1908419855151718
84.72784251033653,30.43243243243243,,1.0,100.0,1.0,-0.1945103110113858
85.01755822836537,30.43243243243243,,1.0,100.0,1.0,-0.1982958590766315
85.30727394639422,30.43243243243243,,1.0,100.0,1.0,-0.2022024226900909
85.59698966442308,30.43243243243243,,1.0,100.0,1.0,-0.2062338981885393
85.88670538245192,30.43243243243243,,1.0,100.0,1.0,-0.210394287653841
86.17642110048077,30.43243243243243,,1.0,100.0,1.0,-0.2146877013647157
86.46613681850961,30.43243243243243,,1.0,100.0,1.0,-0.2191183603150437
86.75585253653846,30.43243243243243,,1.0,100.0,1.0,-0.2236905988009518
87.0455682545673,30.43243243243243,,1.0,100.0,1.0,-0.2284088670791696
87.33528397259614,30.43243243243243,,1.0,100.0,1.0,-0.233277734099042
87.624999690625,30.43243243243243,,1.0,100.0,1.0,-0.2383018903109205
1.0,33.108108108108105,,1.0,100.0,1.0,-0.28115663207433
1.289715718028846,33.108108108108105,,1.0,100.0,1.0,-0.2750917768517716
1.5794314360576922,33.108108108108105,,1.0,100.0,1.0,-0.2691426683814225
1.8691471540865385,33.108108108108105,,1.0,100.0,1.0,-0.2633072849533004
2.1588628721153844,33.108108108108105,,1.0,100.0,1.0,-0.2575836804878027
2.4485785901442307,33.108108108108105,,1.0,100.0,1.0,-0.2519699833452214
2.738294308173077,33.108108108108105,,1.0,100.0,1.0,-0.2464643949675669
3.028010026201923,33.108108108108105,,1.0,100.0,1.0,-0.2410651883603783
3.3177257442307693,33.108108108108105,,1.0,100.0,1.0,-0.2357707064224743
3.607441462259615,33.108108108108105,,1.0,100.0,1.0,-0.2305793601318697
3.897157180288461,33.108108108108105,,1.0,100.0,1.0,-0.2254896265963777
4.186872898317307,33.108108108108105,,1.0,100.0,1.0,-0.2205000469775629
4.476588616346154,33.108108108108105,,1.0,100.0,1.0,-0.2156092242970907
4.766304334375,33.108108108108105,,1.0,100.0,1.0,-0.2108158211345325
5.056020052403846,33.108108108108105,,1.0,100.0,1.0,-0.2061185572260176
5.345735770432693,33.108108108108105,,1.0,100.0,1.0,-0.2015162069731748
5.6354514884615385,33.108108108108105,,1.0,100.0,1.0,-0.1970075968719906
5.925167206490385,33.108108108108105,,1.0,100.0,1.0,-0.1925916028712541
6.21488292451923,33.108108108108105,,1.0,100.0,1.0,-0.1882671476704189
6.504598642548077,33.108108108108105,,1.0,100.0,1.0,-0.1840331979666362
6.794314360576923,33.108108108108105,,1.0,100.0,1.0,-0.1798887616608247
7.084030078605768,33.108108108108105,,1.0,100.0,1.0,-0.1758328850325857
7.373745796634614,33.108108108108105,,1.0,100.0,1.0,-0.1718646498936993
7.663461514663462,33.108108108108105,,1.0,100.0,1.0,-0.167983170729912
7.9531772326923065,33.108108108108105,,1.0,100.0,1.0,-0.1641875918405866
8.242892950721153,33.108108108108105,,1.0,100.0,1.0,-0.1604770844855864
8.53260866875,33.108108108108105,,1.0,100.0,1.0,-0.1568508440487371
8.822324386778845,33.108108108108105,,1.0,100.0,1.0,-0.1533080872268084
9.112040104807692,33.108108108108105,,1.0,100.0,1.0,-0.1498480492529346
9.401755822836538,33.108108108108105,,1.0,100.0,1.0,-0.1464699811629248
9.691471540865384,33.108108108108105,,1.0,100.0,1.0,-0.1431731471128017
9.98118725889423,33.108108108108105,,1.0,100.0,1.0,-0.1399568217554406
10.270902976923075,33.108108108108105,,1.0,100.0,1.0,-0.1368202876839369
10.560618694951922,33.108108108108105,,1.0,100.0,1.0,-0.1337628329489378
10.850334412980768,33.108108108108105,,1.0,100.0,1.0,-0.1307837486567099
11.140050131009614,33.108108108108105,,1.0,100.0,1.0,-0.1278823266544371
11.42976584903846,33.108108108108105,,1.0,100.0,1.0,-0.1250578573087111
11.719481567067307,33.108108108108105,,1.0,100.0,1.0,-0.1223096273827333
12.009197285096153,33.108108108108105,,1.0,100.0,1.0,-0.1196369180173924
12.298913003125,33.108108108108105,,1.0,100.0,1.0,-0.11703900282074
12.588628721153844,33.108108108108105,,1.0,100.0,1.0,-0.1145151460701459
12.87834443918269,33.108108108108105,,1.0,100.0,1.0,-0.1120646010306513
13.168060157211537,33.108108108108105,,1.0,100.0,1.0,-0.1096866083928539
13.457775875240383,33.108108108108105,,1.0,100.0,1.0,-0.1073803948329058
13.747491593269228,33.108108108108105,,1.0,100.0,1.0,-0.1051451716969523
14.037207311298074,33.108108108108105,,1.0,100.0,1.0,-0.1029801338117082
14.32692302932692,33.108108108108105,,1.0,100.0,1.0,-0.1008844584225047
14.616638747355767,33.108108108108105,,1.0,100.0,1.0,-0.0988573042596216
14.906354465384615,33.108108108108105,,1.0,100.0,1.0,-0.0968978107333758
15.196070183413461,33.108108108108105,,1.0,100.0,1.0,-0.0950050972578986
15.485785901442307,33.108108108108105,,1.0,100.0,1.0,-0.0931782627032215
15.775501619471152,33.108108108108105,,1.0,100.0,1.0,-0.091416384974916
16.0652173375,33.108108108108105,,1.0,100.0,1.0,-0.0897185207200688
16.354933055528846,33.108108108108105,,1.0,100.0,1.0,-0.088083705158165
16.64464877355769,33.108108108108105,,1.0,100.0,1.0,-0.0865109520350512
16.93436449158654,33.108108108108105,,1.0,100.0,1.0,-0.0849992536978714
17.224080209615384,33.108108108108105,,1.0,100.0,1.0,-0.0835475812885949
17.51379592764423,33.108108108108105,,1.0,100.0,1.0,-0.0821548850535145
17.803511645673076,33.108108108108105,,1.0,100.0,1.0,-0.0808200947658404
18.093227363701924,33.108108108108105,,1.0,100.0,1.0,-0.0795421202582831
18.38294308173077,33.108108108108105,,1.0,100.0,1.0,-0.0783198520623417
18.672658799759613,33.108108108108105,,1.0,100.0,1.0,-0.0771521621507936
18.96237451778846,33.108108108108105,,1.0,100.0,1.0,-0.0760379047797007
19.252090235817306,33.108108108108105,,1.0,100.0,1.0,-0.0749759174260756
19.541805953846154,33.108108108108105,,1.0,100.0,1.0,-0.0739650218171529
19.831521671875,33.108108108108105,,1.0,100.0,1.0,-0.0730040250470331
20.121237389903843,33.108108108108105,,1.0,100.0,1.0,-0.0720917207763338
20.41095310793269,33.108108108108105,,1.0,100.0,1.0,-0.0712268905101458
20.700668825961536,33.108108108108105,,1.0,100.0,1.0,-0.0704083049495865
20.99038454399038,33.108108108108105,,1.0,100.0,1.0,-0.0696347254118563
21.28010026201923,33.108108108108105,,1.0,100.0,1.0,-0.0689049053135349
21.569815980048077,33.108108108108105,,1.0,100.0,1.0,-0.0682175917116382
21.85953169807692,33.108108108108105,,1.0,100.0,1.0,-0.0675715268966233
22.14924741610577,33.108108108108105,,1.0,100.0,1.0,-0.066965450031311
22.438963134134614,33.108108108108105,,1.0,100.0,1.0,-0.0663980988293614
22.728678852163462,33.108108108108105,,1.0,100.0,1.0,-0.0658682112666123
23.018394570192307,33.108108108108105,,1.0,100.0,1.0,-0.0653745273183862
23.308110288221158,33.108108108108105,,1.0,100.0,1.0,-0.0649157907154155
23.59782600625,33.108108108108105,,1.0,100.0,1.0,-0.0644907507108224
23.88754172427884,33.108108108108105,,1.0,100.0,1.0,-0.0640981638502623
24.17725744230769,33.108108108108105,,1.0,100.0,1.0,-0.0637367957371131
24.46697316033654,33.108108108108105,,1.0,100.0,1.0,-0.0634054227842368
24.75668887836538,33.108108108108105,,1.0,100.0,1.0,-0.0631028339437755
25.046404596394233,33.108108108108105,,1.0,100.0,1.0,-0.0628278324062212
25.336120314423074,33.108108108108105,,1.0,100.0,1.0,-0.0625792372598952
25.62583603245192,33.108108108108105,,1.0,100.0,1.0,-0.0623558851020521
25.915551750480766,33.108108108108105,,1.0,100.0,1.0,-0.0621566315927537
26.205267468509614,33.108108108108105,,1.0,100.0,1.0,-0.0619803529430079
26.494983186538455,33.108108108108105,,1.0,100.0,1.0,-0.0618259473287303
26.78469890456731,33.108108108108105,,1.0,100.0,1.0,-0.0616923362226931
27.074414622596148,33.108108108108105,,1.0,100.0,1.0,-0.0615784656368836
27.364130340624996,33.108108108108105,,1.0,100.0,1.0,-0.0614833072685128
27.65384605865384,33.108108108108105,,1.0,100.0,1.0,-0.0614058595434937
27.94356177668269,33.108108108108105,,1.0,100.0,1.0,-0.0613451485521607
28.233277494711533,33.108108108108105,,1.0,100.0,1.0,-0.0613002288728292
28.52299321274039,33.108108108108105,,1.0,100.0,1.0,-0.0612701842800069
28.812708930769226,33.108108108108105,,1.0,100.0,1.0,-0.0612541283350435
29.102424648798074,33.108108108108105,,1.0,100.0,1.0,-0.0612512048582639
29.392140366826922,33.108108108108105,,1.0,100.0,1.0,-0.0612605882829921
29.681856084855767,33.108108108108105,,1.0,100.0,1.0,-0.0612814838929567
29.97157180288462,33.108108108108105,,1.0,100.0,1.0,-0.0613131279460644
30.261287520913456,33.108108108108105,,1.0,100.0,1.0,-0.0613547876886382
30.551003238942304,33.108108108108105,,1.0,100.0,1.0,-0.0614057612655644
30.84071895697115,33.108108108108105,,1.0,100.0,1.0,-0.0614653775328833
31.130434674999997,33.108108108108105,,1.0,100.0,1.0,-0.0615329957803807
31.420150393028845,33.108108108108105,,1.0,100.0,1.0,-0.0616080053727888
31.709866111057696,33.108108108108105,,1.0,100.0,1.0,-0.0616898253187779
31.999581829086537,33.108108108108105,,1.0,100.0,1.0,-0.0617779037777573
32.28929754711538,33.108108108108105,,1.0,100.0,1.0,-0.061871717514674
32.579013265144226,33.108108108108105,,1.0,100.0,1.0,-0.0619707713133872
32.86872898317308,33.108108108108105,,1.0,100.0,1.0,-0.0620745973591464
33.15844470120192,33.108108108108105,,1.0,100.0,1.0,-0.0621827546003642
33.44816041923077,33.108108108108105,,1.0,100.0,1.0,-0.0622948280996235
33.73787613725961,33.108108108108105,,1.0,100.0,1.0,-0.0624104283831009
34.02759185528846,33.108108108108105,,1.0,100.0,1.0,-0.06252919079679
34.31730757331731,33.108108108108105,,1.0,100.0,1.0,-0.0626507748769121
34.60702329134615,33.108108108108105,,1.0,100.0,1.0,-0.0627748637407824
34.896739009375,33.108108108108105,,1.0,100.0,1.0,-0.06290116350312
35.18645472740385,33.108108108108105,,1.0,100.0,1.0,-0.0630294027214598
35.476170445432686,33.108108108108105,,1.0,100.0,1.0,-0.0631593318729913
35.76588616346154,33.108108108108105,,1.0,100.0,1.0,-0.063290722863648
36.05560188149038,33.108108108108105,,1.0,100.0,1.0,-0.0634233685690697
36.34531759951923,33.108108108108105,,1.0,100.0,1.0,-0.0635570824056489
36.63503331754807,33.108108108108105,,1.0,100.0,1.0,-0.0636916979287964
36.92474903557693,33.108108108108105,,1.0,100.0,1.0,-0.0638270684543537
37.21446475360577,33.108108108108105,,1.0,100.0,1.0,-0.0639630666984023
37.50418047163461,33.108108108108105,,1.0,100.0,1.0,-0.0640995844298831
37.79389618966346,33.108108108108105,,1.0,100.0,1.0,-0.0642365321299309
38.08361190769231,33.108108108108105,,1.0,100.0,1.0,-0.0643738386516723
38.37332762572115,33.108108108108105,,1.0,100.0,1.0,-0.0645114508739693
38.66304334375,33.108108108108105,,1.0,100.0,1.0,-0.0646493333429196
38.95275906177885,33.108108108108105,,1.0,100.0,1.0,-0.0647874678951302
39.24247477980769,33.108108108108105,,1.0,100.0,1.0,-0.0649258532573141
39.53219049783654,33.108108108108105,,1.0,100.0,1.0,-0.0650645046175343
39.82190621586538,33.108108108108105,,1.0,100.0,1.0,-0.0652034531640536
40.111621933894234,33.108108108108105,,1.0,100.0,1.0,-0.0653427455888565
40.40133765192307,33.108108108108105,,1.0,100.0,1.0,-0.0654824435537715
40.69105336995192,33.108108108108105,,1.0,100.0,1.0,-0.0656226231181553
40.98076908798076,33.108108108108105,,1.0,100.0,1.0,-0.0657633741282471
41.27048480600961,33.108108108108105,,1.0,100.0,1.0,-0.0659047995691376
41.56020052403846,33.108108108108105,,1.0,100.0,1.0,-0.0660470148814008
41.8499162420673,33.108108108108105,,1.0,100.0,1.0,-0.0661901472452
42.13963196009615,33.108108108108105,,1.0,100.0,1.0,-0.066334334835626
42.429347678125,33.108108108108105,,1.0,100.0,1.0,-0.0664797260533516
42.71906339615384,33.108108108108105,,1.0,100.0,1.0,-0.0666264787356553
43.00877911418269,33.108108108108105,,1.0,100.0,1.0,-0.0667747593528551
43.29849483221154,33.108108108108105,,1.0,100.0,1.0,-0.0669247421956379
43.58821055024038,33.108108108108105,,1.0,100.0,1.0,-0.0670766085589097
43.87792626826923,33.108108108108105,,1.0,100.0,1.0,-0.0672305459276041
44.16764198629807,33.108108108108105,,1.0,100.0,1.0,-0.0673867471699503
44.457357704326924,33.108108108108105,,1.0,100.0,1.0,-0.0675454097432735
44.74707342235577,33.108108108108105,,1.0,100.0,1.0,-0.0677067349171937
45.03678914038461,33.108108108108105,,1.0,100.0,1.0,-0.0678709270185949
45.32650485841346,33.108108108108105,,1.0,100.0,1.0,-0.0680381927023401
45.61622057644231,33.108108108108105,,1.0,100.0,1.0,-0.068208740251133
45.905936294471154,33.108108108108105,,1.0,100.0,1.0,-0.0683827789074724
46.1956520125,33.108108108108105,,1.0,100.0,1.0,-0.0685605182400779
46.485367730528836,33.108108108108105,,1.0,100.0,1.0,-0.0687421675466058
46.775083448557695,33.108108108108105,,1.0,100.0,1.0,-0.0689279352941487
47.06479916658654,33.108108108108105,,1.0,100.0,1.0,-0.0691180285982819
47.35451488461538,33.108108108108105,,1.0,100.0,1.0,-0.0693126527412533
47.644230602644235,33.108108108108105,,1.0,100.0,1.0,-0.0695120107293788
47.93394632067308,33.108108108108105,,1.0,100.0,1.0,-0.06971630288945
48.22366203870192,33.108108108108105,,1.0,100.0,1.0,-0.0699257265036212
48.51337775673076,33.108108108108105,,1.0,100.0,1.0,-0.0701404754821355
48.80309347475962,33.108108108108105,,1.0,100.0,1.0,-0.0703607400728867
49.092809192788465,33.108108108108105,,1.0,100.0,1.0,-0.0705867066069045
49.38252491081732,33.108108108108105,,1.0,100.0,1.0,-0.0708185572785632
49.67224062884614,33.108108108108105,,1.0,100.0,1.0,-0.071056469959378
49.96195634687499,33.108108108108105,,1.0,100.0,1.0,-0.0713006180441859
50.25167206490384,33.108108108108105,,1.0,100.0,1.0,-0.0715511703285948
50.54138778293269,33.108108108108105,,1.0,100.0,1.0,-0.0718082909164211
50.83110350096153,33.108108108108105,,1.0,100.0,1.0,-0.072072139156177
51.120819218990384,33.108108108108105,,1.0,100.0,1.0,-0.0723428696053873
51.41053493701923,33.108108108108105,,1.0,100.0,1.0,-0.072620632021939
51.70025065504807,33.108108108108105,,1.0,100.0,1.0,-0.0729055713814098
51.98996637307691,33.108108108108105,,1.0,100.0,1.0,-0.0731978279196411
52.27968209110577,33.108108108108105,,1.0,100.0,1.0,-0.07349753719977
52.569397809134614,33.108108108108105,,1.0,100.0,1.0,-0.073804830203074
52.859113527163466,33.108108108108105,,1.0,100.0,1.0,-0.0741198334429429
53.148829245192296,33.108108108108105,,1.0,100.0,1.0,-0.074442669101555
53.438544963221155,33.108108108108105,,1.0,100.0,1.0,-0.0747734551885993
53.72826068124999,33.108108108108105,,1.0,100.0,1.0,-0.0751123057217618
54.01797639927885,33.108108108108105,,1.0,100.0,1.0,-0.0754593309284634
54.30769211730768,33.108108108108105,,1.0,100.0,1.0,-0.075814637468522
54.59740783533653,33.108108108108105,,1.0,100.0,1.0,-0.0761783286773888
54.88712355336538,33.108108108108105,,1.0,100.0,1.0,-0.0765505048296342
55.176839271394236,33.108108108108105,,1.0,100.0,1.0,-0.0769312634223394
55.46655498942307,33.108108108108105,,1.0,100.0,1.0,-0.0773206994781776
55.75627070745192,33.108108108108105,,1.0,100.0,1.0,-0.0777189058677455
56.04598642548078,33.108108108108105,,1.0,100.0,1.0,-0.0781259736510047
56.33570214350961,33.108108108108105,,1.0,100.0,1.0,-0.0785419924373664
56.62541786153845,33.108108108108105,,1.0,100.0,1.0,-0.0789670507641978
56.9151335795673,33.108108108108105,,1.0,100.0,1.0,-0.0794012364933889
57.20484929759615,33.108108108108105,,1.0,100.0,1.0,-0.0798446372256076
57.49456501562499,33.108108108108105,,1.0,100.0,1.0,-0.0802973407319661
57.784280733653844,33.108108108108105,,1.0,100.0,1.0,-0.0807594354025939
58.07399645168269,33.108108108108105,,1.0,100.0,1.0,-0.0812310107118338
58.36371216971153,33.108108108108105,,1.0,100.0,1.0,-0.081712157699634
58.65342788774037,33.108108108108105,,1.0,100.0,1.0,-0.082202969468674
58.94314360576924,33.108108108108105,,1.0,100.0,1.0,-0.0827035416968287
59.23285932379808,33.108108108108105,,1.0,100.0,1.0,-0.0832139731645422
59.52257504182691,33.108108108108105,,1.0,100.0,1.0,-0.0837343662966163
59.812290759855756,33.108108108108105,,1.0,100.0,1.0,-0.0842648277180275
60.10200647788461,33.108108108108105,,1.0,100.0,1.0,-0.0848054688232222
60.39172219591345,33.108108108108105,,1.0,100.0,1.0,-0.0853564063585173
60.6814379139423,33.108108108108105,,1.0,100.0,1.0,-0.0859177630171135
60.97115363197115,33.108108108108105,,1.0,100.0,1.0,-0.0864896680462516
61.26086934999999,33.108108108108105,,1.0,100.0,1.0,-0.0870722578661074
61.55058506802884,33.108108108108105,,1.0,100.0,1.0,-0.0876656766999344
61.84030078605769,33.108108108108105,,1.0,100.0,1.0,-0.0882700772150972
62.130016504086534,33.108108108108105,,1.0,100.0,1.0,-0.0888856211745499
62.41973222211538,33.108108108108105,,1.0,100.0,1.0,-0.0895124800983173
62.70944794014423,33.108108108108105,,1.0,100.0,1.0,-0.090150835934742
62.999163658173075,33.108108108108105,,1.0,100.0,1.0,-0.0908008817409683
63.288879376201905,33.108108108108105,,1.0,100.0,1.0,-0.0914628223725138
63.578595094230764,33.108108108108105,,1.0,100.0,1.0,-0.0921368751814545
63.868310812259615,33.108108108108105,,1.0,100.0,1.0,-0.0928232707230497
64.15802653028845,33.108108108108105,,1.0,100.0,1.0,-0.0935222534705203
64.4477422483173,33.108108108108105,,1.0,100.0,1.0,-0.0942340825377491
64.73745796634616,33.108108108108105,,1.0,100.0,1.0,-0.0949590324096559
65.027173684375,33.108108108108105,,1.0,100.0,1.0,-0.0956973936801767
65.31688940240385,33.108108108108105,,1.0,100.0,1.0,-0.0964494737975915
65.60660512043269,33.108108108108105,,1.0,100.0,1.0,-0.0972155978171442
65.89632083846153,33.108108108108105,,1.0,100.0,1.0,-0.0979961091608557
66.18603655649038,33.108108108108105,,1.0,100.0,1.0,-0.0987913703844484
66.47575227451922,33.108108108108105,,1.0,100.0,1.0,-0.0996017639513572
66.76546799254808,33.108108108108105,,1.0,100.0,1.0,-0.1004276930138536
67.05518371057693,33.108108108108105,,1.0,100.0,1.0,-0.1012695822012367
67.34489942860577,33.108108108108105,,1.0,100.0,1.0,-0.1021278784152196
67.63461514663462,33.108108108108105,,1.0,100.0,1.0,-0.1030030516325239
67.92433086466346,33.108108108108105,,1.0,100.0,1.0,-0.1038955957147961
68.2140465826923,33.108108108108105,,1.0,100.0,1.0,-0.1048060292260184
68.50376230072115,33.108108108108105,,1.0,100.0,1.0,-0.1057348962575202
68.79347801875001,33.108108108108105,,1.0,100.0,1.0,-0.1066827672607496
69.08319373677885,33.108108108108105,,1.0,100.0,1.0,-0.1076502398880981
69.3729094548077,33.108108108108105,,1.0,100.0,1.0,-0.1086379398418686
69.66262517283654,33.108108108108105,,1.0,100.0,1.0,-0.1096465217317903
69.95234089086537,33.108108108108105,,1.0,100.0,1.0,-0.1106766699411583
70.24205660889423,33.108108108108105,,1.0,100.0,1.0,-0.1117290995021385
70.53177232692308,33.108108108108105,,1.0,100.0,1.0,-0.1128045569803051
70.82148804495192,33.108108108108105,,1.0,100.0,1.0,-0.1139038213688753
71.11120376298076,33.108108108108105,,1.0,100.0,1.0,-0.1150277049930084
71.40091948100961,33.108108108108105,,1.0,100.0,1.0,-0.1161770544245202
71.69063519903845,33.108108108108105,,1.0,100.0,1.0,-0.1173527514073485
71.9803509170673,33.108108108108105,,1.0,100.0,1.0,-0.1185557137942818
72.27006663509614,33.108108108108105,,1.0,100.0,1.0,-0.1197868964953643
72.55978235312502,33.108108108108105,,1.0,100.0,1.0,-0.1210472924383664
72.84949807115386,33.108108108108105,,1.0,100.0,1.0,-0.1223379335419139
73.13921378918268,33.108108108108105,,1.0,100.0,1.0,-0.123659891701662
73.42892950721154,33.108108108108105,,1.0,100.0,1.0,-0.125014279790097
73.71864522524038,33.108108108108105,,1.0,100.0,1.0,-0.1264022526704669
74.00836094326922,33.108108108108105,,1.0,100.0,1.0,-0.1278250082254565
74.29807666129807,33.108108108108105,,1.0,100.0,1.0,-0.1292837884010645
74.58779237932691,33.108108108108105,,1.0,100.0,1.0,-0.1307798802664095
74.87750809735577,33.108108108108105,,1.0,100.0,1.0,-0.1323146170900289
75.16722381538462,33.108108108108105,,1.0,100.0,1.0,-0.1338893794332583
75.45693953341345,33.108108108108105,,1.0,100.0,1.0,-0.1355055962614374
75.7466552514423,33.108108108108105,,1.0,100.0,1.0,-0.1371647460735459
76.03637096947115,33.108108108108105,,1.0,100.0,1.0,-0.1388683580510534
76.32608668750001,33.108108108108105,,1.0,100.0,1.0,-0.1406180132266041
76.61580240552884,33.108108108108105,,1.0,100.0,1.0,-0.1424153456734013
76.9055181235577,33.108108108108105,,1.0,100.0,1.0,-0.1442620437159377
77.19523384158653,33.108108108108105,,1.0,100.0,1.0,-0.1461598511629751
77.48494955961539,33.108108108108105,,1.0,100.0,1.0,-0.1481105685635275
77.77466527764422,33.108108108108105,,1.0,100.0,1.0,-0.150116054486749
78.06438099567308,33.108108108108105,,1.0,100.0,1.0,-0.1521782268264926
78.35409671370192,33.108108108108105,,1.0,100.0,1.0,-0.154299064131558
78.64381243173077,33.108108108108105,,1.0,100.0,1.0,-0.1564806069625317
78.93352814975961,33.108108108108105,,1.0,100.0,1.0,-0.1587249592760494
79.22324386778845,33.108108108108105,,1.0,100.0,1.0,-0.1610342898377107
79.51295958581731,33.108108108108105,,1.0,100.0,1.0,-0.1634108336643235
79.80267530384614,33.108108108108105,,1.0,100.0,1.0,-0.1658568934969155
80.09239102187499,33.108108108108105,,1.0,100.0,1.0,-0.1683748413052523
80.38210673990385,33.108108108108105,,1.0,100.0,1.0,-0.1709671198252109
80.67182245793269,33.108108108108105,,1.0,100.0,1.0,-0.1736362441299559
80.96153817596152,33.108108108108105,,1.0,100.0,1.0,-0.1763848032363792
81.25125389399038,33.108108108108105,,1.0,100.0,1.0,-0.1792154617476755
81.54096961201923,33.108108108108105,,1.0,100.0,1.0,-0.1821309615336831
81.83068533004807,33.108108108108105,,1.0,100.0,1.0,-0.1851341234499657
82.12040104807691,33.108108108108105,,1.0,100.0,1.0,-0.1882278490972726
82.41011676610577,33.108108108108105,,1.0,100.0,1.0,-0.1914151226225323
82.6998324841346,33.108108108108105,,1.0,100.0,1.0,-0.1946990125629322
82.98954820216345,33.108108108108105,,1.0,100.0,1.0,-0.1980826737345951
83.2792639201923,33.108108108108105,,1.0,100.0,1.0,-0.2015693491673132
83.56897963822115,33.108108108108105,,1.0,100.0,1.0,-0.2051623720869499
83.85869535625,33.108108108108105,,1.0,100.0,1.0,-0.2088651679471703
84.14841107427884,33.108108108108105,,1.0,100.0,1.0,-0.2126812565121923
84.43812679230768,33.108108108108105,,1.0,100.0,1.0,-0.216614253992239
84.72784251033653,33.108108108108105,,1.0,100.0,1.0,-0.2206678752336244
85.01755822836537,33.108108108108105,,1.0,100.0,1.0,-0.2248459359652393
85.30727394639422,33.108108108108105,,1.0,100.0,1.0,-0.2291523551034641
85.59698966442308,33.108108108108105,,1.0,100.0,1.0,-0.2335911571174028
85.88670538245192,33.108108108108105,,1.0,100.0,1.0,-0.2381664744566495
86.17642110048077,33.108108108108105,,1.0,100.0,1.0,-0.2428825500436553
86.46613681850961,33.108108108108105,,1.0,100.0,1.0,-0.2477437398328427
86.75585253653846,33.108108108108105,,1.0,100.0,1.0,-0.2527545154390481
87.0455682545673,33.108108108108105,,1.0,100.0,1.0,-0.2579194668372886
87.33528397259614,33.108108108108105,,1.0,100.0,1.0,-0.2632433051366529
87.624999690625,33.108108108108105,,1.0,100.0,1.0,-0.2687308654307511
1.0,35.78378378378378,,1.0,100.0,1.0,-0.2820009128609906
1.289715718028846,35.78378378378378,,1.0,100.0,1.0,-0.2758104610874723
1.5794314360576922,35.78378378378378,,1.0,100.0,1.0,-0.2697390830797194
1.8691471540865385,35.78378378378378,,1.0,100.0,1.0,-0.2637848517586147
2.1588628721153844,35.78378378378378,,1.0,100.0,1.0,-0.257945907753475
2.4485785901442307,35.78378378378378,,1.0,100.0,1.0,-0.2522204584067992
2.738294308173077,35.78378378378378,,1.0,100.0,1.0,-0.2466067766164404
3.028010026201923,35.78378378378378,,1.0,100.0,1.0,-0.2411031995228282
3.3177257442307693,35.78378378378378,,1.0,100.0,1.0,-0.235708127048901
3.607441462259615,35.78378378378378,,1.0,100.0,1.0,-0.230420020300798
3.897157180288461,35.78378378378378,,1.0,100.0,1.0,-0.2252373998374697
4.186872898317307,35.78378378378378,,1.0,100.0,1.0,-0.2201588438174864
4.476588616346154,35.78378378378378,,1.0,100.0,1.0,-0.2151829860316515
4.766304334375,35.78378378378378,,1.0,100.0,1.0,-0.2103085138299552
5.056020052403846,35.78378378378378,,1.0,100.0,1.0,-0.2055341659517661
5.345735770432693,35.78378378378378,,1.0,100.0,1.0,-0.2008587302680395
5.6354514884615385,35.78378378378378,,1.0,100.0,1.0,-0.1962810414445983
5.925167206490385,35.78378378378378,,1.0,100.0,1.0,-0.1917999785354708
6.21488292451923,35.78378378378378,,1.0,100.0,1.0,-0.1874144625154203
6.504598642548077,35.78378378378378,,1.0,100.0,1.0,-0.1831234537607506
6.794314360576923,35.78378378378378,,1.0,100.0,1.0,-0.1789259494874918
7.084030078605768,35.78378378378378,,1.0,100.0,1.0,-0.1748209811560717
7.373745796634614,35.78378378378378,,1.0,100.0,1.0,-0.1708076118515164
7.663461514663462,35.78378378378378,,1.0,100.0,1.0,-0.1668849336481198
7.9531772326923065,35.78378378378378,,1.0,100.0,1.0,-0.1630520649674615
8.242892950721153,35.78378378378378,,1.0,100.0,1.0,-0.1593081479385698
8.53260866875,35.78378378378378,,1.0,100.0,1.0,-0.155652345768736
8.822324386778845,35.78378378378378,,1.0,100.0,1.0,-0.1520838401335304
9.112040104807692,35.78378378378378,,1.0,100.0,1.0,-0.1486018285941822
9.401755822836538,35.78378378378378,,1.0,100.0,1.0,-0.1452055220503817
9.691471540865384,35.78378378378378,,1.0,100.0,1.0,-0.1418941422363242
9.98118725889423,35.78378378378378,,1.0,100.0,1.0,-0.1386669192674323
10.270902976923075,35.78378378378378,,1.0,100.0,1.0,-0.1355230892451671
10.560618694951922,35.78378378378378,,1.0,100.0,1.0,-0.132461891926707
10.850334412980768,35.78378378378378,,1.0,100.0,1.0,-0.1294825684662551
11.140050131009614,35.78378378378378,,1.0,100.0,1.0,-0.1265843592342428
11.42976584903846,35.78378378378378,,1.0,100.0,1.0,-0.1237665017203352
11.719481567067307,35.78378378378378,,1.0,100.0,1.0,-0.1210282285258906
12.009197285096153,35.78378378378378,,1.0,100.0,1.0,-0.1183687654510431
12.298913003125,35.78378378378378,,1.0,100.0,1.0,-0.115787329681249
12.588628721153844,35.78378378378378,,1.0,100.0,1.0,-0.1132831280777102
12.87834443918269,35.78378378378378,,1.0,100.0,1.0,-0.1108553555757158
13.168060157211537,35.78378378378378,,1.0,100.0,1.0,-0.1085031936944868
13.457775875240383,35.78378378378378,,1.0,100.0,1.0,-0.1062258091617858
13.747491593269228,35.78378378378378,,1.0,100.0,1.0,-0.1040223526559979
14.037207311298074,35.78378378378378,,1.0,100.0,1.0,-0.1018919576681339
14.32692302932692,35.78378378378378,,1.0,100.0,1.0,-0.0998337394856775
14.616638747355767,35.78378378378378,,1.0,100.0,1.0,-0.0978467942998472
14.906354465384615,35.78378378378378,,1.0,100.0,1.0,-0.0959301984374169
15.196070183413461,35.78378378378378,,1.0,100.0,1.0,-0.094083007717871
15.485785901442307,35.78378378378378,,1.0,100.0,1.0,-0.0923042569362277
15.775501619471152,35.78378378378378,,1.0,100.0,1.0,-0.090592959471559
16.0652173375,35.78378378378378,,1.0,100.0,1.0,-0.088948107020748
16.354933055528846,35.78378378378378,,1.0,100.0,1.0,-0.0873686694568294
16.64464877355769,35.78378378378378,,1.0,100.0,1.0,-0.0858535948107054
16.93436449158654,35.78378378378378,,1.0,100.0,1.0,-0.0844018093748831
17.224080209615384,35.78378378378378,,1.0,100.0,1.0,-0.0830122179273709
17.51379592764423,35.78378378378378,,1.0,100.0,1.0,-0.0816837040736939
17.803511645673076,35.78378378378378,,1.0,100.0,1.0,-0.0804151307045574
18.093227363701924,35.78378378378378,,1.0,100.0,1.0,-0.0792053405664496
18.38294308173077,35.78378378378378,,1.0,100.0,1.0,-0.0780531569421598
18.672658799759613,35.78378378378378,,1.0,100.0,1.0,-0.0769573844378532
18.96237451778846,35.78378378378378,,1.0,100.0,1.0,-0.0759168098731286
19.252090235817306,35.78378378378378,,1.0,100.0,1.0,-0.0749302032700661
19.541805953846154,35.78378378378378,,1.0,100.0,1.0,-0.0739963189371719
19.831521671875,35.78378378378378,,1.0,100.0,1.0,-0.0731138966436386
20.121237389903843,35.78378378378378,,1.0,100.0,1.0,-0.0722816628791805
20.41095310793269,35.78378378378378,,1.0,100.0,1.0,-0.0714983321943864
20.700668825961536,35.78378378378378,,1.0,100.0,1.0,-0.0707626086162064
20.99038454399038,35.78378378378378,,1.0,100.0,1.0,-0.0700731871329001
21.28010026201923,35.78378378378378,,1.0,100.0,1.0,-0.0694287552425437
21.569815980048077,35.78378378378378,,1.0,100.0,1.0,-0.0688279945587763
21.85953169807692,35.78378378378378,,1.0,100.0,1.0,-0.0682695824672561
22.14924741610577,35.78378378378378,,1.0,100.0,1.0,-0.0677521938260142
22.438963134134614,35.78378378378378,,1.0,100.0,1.0,-0.0672745027025062
22.728678852163462,35.78378378378378,,1.0,100.0,1.0,-0.0668351841399788
23.018394570192307,35.78378378378378,,1.0,100.0,1.0,-0.0664329159454554
23.308110288221158,35.78378378378378,,1.0,100.0,1.0,-0.0660663804914289
23.59782600625,35.78378378378378,,1.0,100.0,1.0,-0.0657342665230877
23.88754172427884,35.78378378378378,,1.0,100.0,1.0,-0.0654352709627531
24.17725744230769,35.78378378378378,,1.0,100.0,1.0,-0.0651681007029976
24.46697316033654,35.78378378378378,,1.0,100.0,1.0,-0.06493147437993
24.75668887836538,35.78378378378378,,1.0,100.0,1.0,-0.0647241241179042
25.046404596394233,35.78378378378378,,1.0,100.0,1.0,-0.0645447972370837
25.336120314423074,35.78378378378378,,1.0,100.0,1.0,-0.0643922579152815
25.62583603245192,35.78378378378378,,1.0,100.0,1.0,-0.0642652887956807
25.915551750480766,35.78378378378378,,1.0,100.0,1.0,-0.0641626925322637
26.205267468509614,35.78378378378378,,1.0,100.0,1.0,-0.0640832932650917
26.494983186538455,35.78378378378378,,1.0,100.0,1.0,-0.0640259380180763
26.78469890456731,35.78378378378378,,1.0,100.0,1.0,-0.0639894980122186
27.074414622596148,35.78378378378378,,1.0,100.0,1.0,-0.0639728698880833
27.364130340624996,35.78378378378378,,1.0,100.0,1.0,-0.0639749768318407
27.65384605865384,35.78378378378378,,1.0,100.0,1.0,-0.0639947696000398
27.94356177668269,35.78378378378378,,1.0,100.0,1.0,-0.0640312274391151
28.233277494711533,35.78378378378378,,1.0,100.0,1.0,-0.0640833588966122
28.52299321274039,35.78378378378378,,1.0,100.0,1.0,-0.0641502025220928
28.812708930769226,35.78378378378378,,1.0,100.0,1.0,-0.0642308274567081
29.102424648798074,35.78378378378378,,1.0,100.0,1.0,-0.0643243339115079
29.392140366826922,35.78378378378378,,1.0,100.0,1.0,-0.064429853535834
29.681856084855767,35.78378378378378,,1.0,100.0,1.0,-0.064546549677909
29.97157180288462,35.78378378378378,,1.0,100.0,1.0,-0.0646736175412056
30.261287520913456,35.78378378378378,,1.0,100.0,1.0,-0.0648102842408737
30.551003238942304,35.78378378378378,,1.0,100.0,1.0,-0.0649558087657317
30.84071895697115,35.78378378378378,,1.0,100.0,1.0,-0.0651094818521437
31.130434674999997,35.78378378378378,,1.0,100.0,1.0,-0.0652706257767441
31.420150393028845,35.78378378378378,,1.0,100.0,1.0,-0.0654385940758705
31.709866111057696,35.78378378378378,,1.0,100.0,1.0,-0.0656127711999757
31.999581829086537,35.78378378378378,,1.0,100.0,1.0,-0.0657925721115392
32.28929754711538,35.78378378378378,,1.0,100.0,1.0,-0.0659774418354193
32.579013265144226,35.78378378378378,,1.0,100.0,1.0,-0.0661668549704448
32.86872898317308,35.78378378378378,,1.0,100.0,1.0,-0.0663603151709706
33.15844470120192,35.78378378378378,,1.0,100.0,1.0,-0.0665573546067526
33.44816041923077,35.78378378378378,,1.0,100.0,1.0,-0.0667575334090838
33.73787613725961,35.78378378378378,,1.0,100.0,1.0,-0.0669604391104102
34.02759185528846,35.78378378378378,,1.0,100.0,1.0,-0.0671656860838898
34.31730757331731,35.78378378378378,,1.0,100.0,1.0,-0.0673729149885287
34.60702329134615,35.78378378378378,,1.0,100.0,1.0,-0.0675817922243697
34.896739009375,35.78378378378378,,1.0,100.0,1.0,-0.0677920094013474
35.18645472740385,35.78378378378378,,1.0,100.0,1.0,-0.0680032828241063
35.476170445432686,35.78378378378378,,1.0,100.0,1.0,-0.0682153529941469
35.76588616346154,35.78378378378378,,1.0,100.0,1.0,-0.0684279841294303
36.05560188149038,35.78378378378378,,1.0,100.0,1.0,-0.0686409637006195
36.34531759951923,35.78378378378378,,1.0,100.0,1.0,-0.0688541019820502
36.63503331754807,35.78378378378378,,1.0,100.0,1.0,-0.0690672316148434
36.92474903557693,35.78378378378378,,1.0,100.0,1.0,-0.0692802071785779
37.21446475360577,35.78378378378378,,1.0,100.0,1.0,-0.0694929047676662
37.50418047163461,35.78378378378378,,1.0,100.0,1.0,-0.0697052215677773
37.79389618966346,35.78378378378378,,1.0,100.0,1.0,-0.0699170754277954
38.08361190769231,35.78378378378378,,1.0,100.0,1.0,-0.0701284044223207
38.37332762572115,35.78378378378378,,1.0,100.0,1.0,-0.0703391664001085
38.66304334375,35.78378378378378,,1.0,100.0,1.0,-0.0705493385139177
38.95275906177885,35.78378378378378,,1.0,100.0,1.0,-0.0707589167276977
39.24247477980769,35.78378378378378,,1.0,100.0,1.0,-0.0709679152975547
39.53219049783654,35.78378378378378,,1.0,100.0,1.0,-0.0711763662236675
39.82190621586538,35.78378378378378,,1.0,100.0,1.0,-0.0713843186708207
40.111621933894234,35.78378378378378,,1.0,100.0,1.0,-0.0715918383564271
40.40133765192307,35.78378378378378,,1.0,100.0,1.0,-0.071799006905302
40.69105336995192,35.78378378378378,,1.0,100.0,1.0,-0.0720059211716538
40.98076908798076,35.78378378378378,,1.0,100.0,1.0,-0.0722126925293841
41.27048480600961,35.78378378378378,,1.0,100.0,1.0,-0.0724194461326658
41.56020052403846,35.78378378378378,,1.0,100.0,1.0,-0.0726263201495038
41.8499162420673,35.78378378378378,,1.0,100.0,1.0,-0.0728334649715644
42.13963196009615,35.78378378378378,,1.0,100.0,1.0,-0.0730410424042178
42.429347678125,35.78378378378378,,1.0,100.0,1.0,-0.0732492248410724
42.71906339615384,35.78378378378378,,1.0,100.0,1.0,-0.0734581944276999
43.00877911418269,35.78378378378378,,1.0,100.0,1.0,-0.0736681422194127
43.29849483221154,35.78378378378378,,1.0,100.0,1.0,-0.0738792673380395
43.58821055024038,35.78378378378378,,1.0,100.0,1.0,-0.0740917761327426
43.87792626826923,35.78378378378378,,1.0,100.0,1.0,-0.0743058813496302
44.16764198629807,35.78378378378378,,1.0,100.0,1.0,-0.0745218013148247
44.457357704326924,35.78378378378378,,1.0,100.0,1.0,-0.0747397591353691
44.74707342235577,35.78378378378378,,1.0,100.0,1.0,-0.0749599819219252
45.03678914038461,35.78378378378378,,1.0,100.0,1.0,-0.0751827000368379
45.32650485841346,35.78378378378378,,1.0,100.0,1.0,-0.0754081463707869
45.61622057644231,35.78378378378378,,1.0,100.0,1.0,-0.0756365556505956
45.905936294471154,35.78378378378378,,1.0,100.0,1.0,-0.0758681637805684
46.1956520125,35.78378378378378,,1.0,100.0,1.0,-0.0761032072189596
46.485367730528836,35.78378378378378,,1.0,100.0,1.0,-0.0763419223910452
46.775083448557695,35.78378378378378,,1.0,100.0,1.0,-0.0765845451396168
47.06479916658654,35.78378378378378,,1.0,100.0,1.0,-0.0768313102134349
47.35451488461538,35.78378378378378,,1.0,100.0,1.0,-0.0770824507938482
47.644230602644235,35.78378378378378,,1.0,100.0,1.0,-0.0773381980594991
47.93394632067308,35.78378378378378,,1.0,100.0,1.0,-0.0775987807886702
48.22366203870192,35.78378378378378,,1.0,100.0,1.0,-0.0778644249987321
48.51337775673076,35.78378378378378,,1.0,100.0,1.0,-0.0781353536220168
48.80309347475962,35.78378378378378,,1.0,100.0,1.0,-0.0784117862171395
49.092809192788465,35.78378378378378,,1.0,100.0,1.0,-0.0786939387148975
49.38252491081732,35.78378378378378,,1.0,100.0,1.0,-0.0789820231977034
49.67224062884614,35.78378378378378,,1.0,100.0,1.0,-0.0792762477115117
49.96195634687499,35.78378378378378,,1.0,100.0,1.0,-0.0795768161092425
50.25167206490384,35.78378378378378,,1.0,100.0,1.0,-0.079883927924648
50.54138778293269,35.78378378378378,,1.0,100.0,1.0,-0.0801977782756764
50.83110350096153,35.78378378378378,,1.0,100.0,1.0,-0.0805185577963545
51.120819218990384,35.78378378378378,,1.0,100.0,1.0,-0.0808464525963931
51.41053493701923,35.78378378378378,,1.0,100.0,1.0,-0.0811816442476123
51.70025065504807,35.78378378378378,,1.0,100.0,1.0,-0.0815243097964916
51.98996637307691,35.78378378378378,,1.0,100.0,1.0,-0.0818746218021441
52.27968209110577,35.78378378378378,,1.0,100.0,1.0,-0.0822327483990587
52.569397809134614,35.78378378378378,,1.0,100.0,1.0,-0.0825988533840725
52.859113527163466,35.78378378378378,,1.0,100.0,1.0,-0.0829730963270252
53.148829245192296,35.78378378378378,,1.0,100.0,1.0,-0.0833556327045942
53.438544963221155,35.78378378378378,,1.0,100.0,1.0,-0.0837466140569419
53.72826068124999,35.78378378378378,,1.0,100.0,1.0,-0.0841461881666734
54.01797639927885,35.78378378378378,,1.0,100.0,1.0,-0.0845544992597912
54.30769211730768,35.78378378378378,,1.0,100.0,1.0,-0.0849716882282545
54.59740783533653,35.78378378378378,,1.0,100.0,1.0,-0.0853978928737978
54.88712355336538,35.78378378378378,,1.0,100.0,1.0,-0.0858332481726777
55.176839271394236,35.78378378378378,,1.0,100.0,1.0,-0.0862778865610063
55.46655498942307,35.78378378378378,,1.0,100.0,1.0,-0.0867319382402922
55.75627070745192,35.78378378378378,,1.0,100.0,1.0,-0.0871955315029656
56.04598642548078,35.78378378378378,,1.0,100.0,1.0,-0.0876687930773876
56.33570214350961,35.78378378378378,,1.0,100.0,1.0,-0.0881518484921107
56.62541786153845,35.78378378378378,,1.0,100.0,1.0,-0.0886448224589511
56.9151335795673,35.78378378378378,,1.0,100.0,1.0,-0.0891478392745045
57.20484929759615,35.78378378378378,,1.0,100.0,1.0,-0.0896610232397793
57.49456501562499,35.78378378378378,,1.0,100.0,1.0,-0.0901844990973834
57.784280733653844,35.78378378378378,,1.0,100.0,1.0,-0.0907183924860504
58.07399645168269,35.78378378378378,,1.0,100.0,1.0,-0.0912628304118899
58.36371216971153,35.78378378378378,,1.0,100.0,1.0,-0.0918179417360436
58.65342788774037,35.78378378378378,,1.0,100.0,1.0,-0.0923838576782085
58.94314360576924,35.78378378378378,,1.0,100.0,1.0,-0.0929607123356683
59.23285932379808,35.78378378378378,,1.0,100.0,1.0,-0.0935486432172159
59.52257504182691,35.78378378378378,,1.0,100.0,1.0,-0.0941477917916886
59.812290759855756,35.78378378378378,,1.0,100.0,1.0,-0.094758304050462
60.10200647788461,35.78378378378378,,1.0,100.0,1.0,-0.0953803310836022
60.39172219591345,35.78378378378378,,1.0,100.0,1.0,-0.0960140296690243
60.6814379139423,35.78378378378378,,1.0,100.0,1.0,-0.0966595628744086
60.97115363197115,35.78378378378378,,1.0,100.0,1.0,-0.0973171006712328
61.26086934999999,35.78378378378378,,1.0,100.0,1.0,-0.0979868205606173
61.55058506802884,35.78378378378378,,1.0,100.0,1.0,-0.0986689082104427
61.84030078605769,35.78378378378378,,1.0,100.0,1.0,-0.0993635581034572
62.130016504086534,35.78378378378378,,1.0,100.0,1.0,-0.1000709741958452
62.41973222211538,35.78378378378378,,1.0,100.0,1.0,-0.1007913705859755
62.70944794014423,35.78378378378378,,1.0,100.0,1.0,-0.101524972192918
62.999163658173075,35.78378378378378,,1.0,100.0,1.0,-0.1022720154444196
63.288879376201905,35.78378378378378,,1.0,100.0,1.0,-0.1030327489740275
63.578595094230764,35.78378378378378,,1.0,100.0,1.0,-0.1038074343270734
63.868310812259615,35.78378378378378,,1.0,100.0,1.0,-0.1045963466751896
64.15802653028845,35.78378378378378,,1.0,100.0,1.0,-0.1053997755392727
64.4477422483173,35.78378378378378,,1.0,100.0,1.0,-0.106218025520509
64.73745796634616,35.78378378378378,,1.0,100.0,1.0,-0.1070514170393954
65.027173684375,35.78378378378378,,1.0,100.0,1.0,-0.107900287082569
65.31688940240385,35.78378378378378,,1.0,100.0,1.0,-0.1087649899572831
65.60660512043269,35.78378378378378,,1.0,100.0,1.0,-0.109645898053496
65.89632083846153,35.78378378378378,,1.0,100.0,1.0,-0.1105434026134006
66.18603655649038,35.78378378378378,,1.0,100.0,1.0,-0.1114579145084816
66.47575227451922,35.78378378378378,,1.0,100.0,1.0,-0.1123898650239481
66.76546799254808,35.78378378378378,,1.0,100.0,1.0,-0.1133397066505996
67.05518371057693,35.78378378378378,,1.0,100.0,1.0,-0.1143079138842502
67.34489942860577,35.78378378378378,,1.0,100.0,1.0,-0.1152949840325824
67.63461514663462,35.78378378378378,,1.0,100.0,1.0,-0.1163014380296643
67.92433086466346,35.78378378378378,,1.0,100.0,1.0,-0.1173278212582351
68.2140465826923,35.78378378378378,,1.0,100.0,1.0,-0.1183747043797776
68.50376230072115,35.78378378378378,,1.0,100.0,1.0,-0.119442684172684
68.79347801875001,35.78378378378378,,1.0,100.0,1.0,-0.1205323843785901
69.08319373677885,35.78378378378378,,1.0,100.0,1.0,-0.121644456557125
69.3729094548077,35.78378378378378,,1.0,100.0,1.0,-0.1227795809493305
69.66262517283654,35.78378378378378,,1.0,100.0,1.0,-0.1239384673499315
69.95234089086537,35.78378378378378,,1.0,100.0,1.0,-0.1251218559888166
70.24205660889423,35.78378378378378,,1.0,100.0,1.0,-0.1263305184219396
70.53177232692308,35.78378378378378,,1.0,100.0,1.0,-0.1275652584320195
70.82148804495192,35.78378378378378,,1.0,100.0,1.0,-0.1288269129393601
71.11120376298076,35.78378378378378,,1.0,100.0,1.0,-0.1301163529231104
71.40091948100961,35.78378378378378,,1.0,100.0,1.0,-0.131434484353409
71.69063519903845,35.78378378378378,,1.0,100.0,1.0,-0.132782249134741
71.9803509170673,35.78378378378378,,1.0,100.0,1.0,-0.1341606260609741
72.27006663509614,35.78378378378378,,1.0,100.0,1.0,-0.1355706317824754
72.55978235312502,35.78378378378378,,1.0,100.0,1.0,-0.1370133217858122
72.84949807115386,35.78378378378378,,1.0,100.0,1.0,-0.1384897913864454
73.13921378918268,35.78378378378378,,1.0,100.0,1.0,-0.1400011767350094
73.42892950721154,35.78378378378378,,1.0,100.0,1.0,-0.1415486558375455
73.71864522524038,35.78378378378378,,1.0,100.0,1.0,-0.143133449590382
74.00836094326922,35.78378378378378,,1.0,100.0,1.0,-0.1447568228301448
74.29807666129807,35.78378378378378,,1.0,100.0,1.0,-0.1464200853994337
74.58779237932691,35.78378378378378,,1.0,100.0,1.0,-0.1481245932288144
74.87750809735577,35.78378378378378,,1.0,100.0,1.0,-0.1498717494357937
75.16722381538462,35.78378378378378,,1.0,100.0,1.0,-0.1516630054412296
75.45693953341345,35.78378378378378,,1.0,100.0,1.0,-0.153499862104062
75.7466552514423,35.78378378378378,,1.0,100.0,1.0,-0.155383870874877
76.03637096947115,35.78378378378378,,1.0,100.0,1.0,-0.1573166349691013
76.32608668750001,35.78378378378378,,1.0,100.0,1.0,-0.1592998105604822
76.61580240552884,35.78378378378378,,1.0,100.0,1.0,-0.1613351079956398
76.9055181235577,35.78378378378378,,1.0,100.0,1.0,-0.1634242930304722
77.19523384158653,35.78378378378378,,1.0,100.0,1.0,-0.1655691880892164
77.48494955961539,35.78378378378378,,1.0,100.0,1.0,-0.1677716735468291
77.77466527764422,35.78378378378378,,1.0,100.0,1.0,-0.1700336890358632
78.06438099567308,35.78378378378378,,1.0,100.0,1.0,-0.1723572347783292
78.35409671370192,35.78378378378378,,1.0,100.0,1.0,-0.1747443729437425
78.64381243173077,35.78378378378378,,1.0,100.0,1.0,-0.1771972290340482
78.93352814975961,35.78378378378378,,1.0,100.0,1.0,-0.1797179932966227
79.22324386778845,35.78378378378378,,1.0,100.0,1.0,-0.1823089221661163
79.51295958581731,35.78378378378378,,1.0,100.0,1.0,-0.1849723397362261
79.80267530384614,35.78378378378378,,1.0,100.0,1.0,-0.1877106392625191
80.09239102187499,35.78378378378378,,1.0,100.0,1.0,-0.190526284697338
80.38210673990385,35.78378378378378,,1.0,100.0,1.0,-0.1934218122577755
80.67182245793269,35.78378378378378,,1.0,100.0,1.0,-0.1963998320281648
80.96153817596152,35.78378378378378,,1.0,100.0,1.0,-0.1994630295978875
81.25125389399038,35.78378378378378,,1.0,100.0,1.0,-0.2026141677360871
81.54096961201923,35.78378378378378,,1.0,100.0,1.0,-0.2058560881043157
81.83068533004807,35.78378378378378,,1.0,100.0,1.0,-0.2091917130084941
82.12040104807691,35.78378378378378,,1.0,100.0,1.0,-0.2126240471915041
82.41011676610577,35.78378378378378,,1.0,100.0,1.0,-0.2161561796678925
82.6998324841346,35.78378378378378,,1.0,100.0,1.0,-0.2197912856019666
82.98954820216345,35.78378378378378,,1.0,100.0,1.0,-0.2235326282308783
83.2792639201923,35.78378378378378,,1.0,100.0,1.0,-0.2273835608342215
83.56897963822115,35.78378378378378,,1.0,100.0,1.0,-0.2313475287516289
83.85869535625,35.78378378378378,,1.0,100.0,1.0,-0.2354280714501861
84.14841107427884,35.78378378378378,,1.0,100.0,1.0,-0.2396288246430333
84.43812679230768,35.78378378378378,,1.0,100.0,1.0,-0.2439535224613046
84.72784251033653,35.78378378378378,,1.0,100.0,1.0,-0.2484059996808916
85.01755822836537,35.78378378378378,,1.0,100.0,1.0,-0.2529901940060028
85.30727394639422,35.78378378378378,,1.0,100.0,1.0,-0.257710148411487
85.59698966442308,35.78378378378378,,1.0,100.0,1.0,-0.2625700135458479
85.88670538245192,35.78378378378378,,1.0,100.0,1.0,-0.2675740501970879
86.17642110048077,35.78378378378378,,1.0,100.0,1.0,-0.2727266318233825
86.46613681850961,35.78378378378378,,1.0,100.0,1.0,-0.2780322471510131
86.75585253653846,35.78378378378378,,1.0,100.0,1.0,-0.2834955028415893
87.0455682545673,35.78378378378378,,1.0,100.0,1.0,-0.2891211262311216
87.33528397259614,35.78378378378378,,1.0,100.0,1.0,-0.2949139681433477
87.624999690625,35.78378378378378,,1.0,100.0,1.0,-0.3008790057797745
1.0,38.45945945945946,,1.0,100.0,1.0,-0.2833882016711118
1.289715718028846,38.45945945945946,,1.0,100.0,1.0,-0.2771083066470215
1.5794314360576922,38.45945945945946,,1.0,100.0,1.0,-0.2709499300190087
1.8691471540865385,38.45945945945946,,1.0,100.0,1.0,-0.264911241989602
2.1588628721153844,38.45945945945946,,1.0,100.0,1.0,-0.2589904729671631
2.4485785901442307,38.45945945945946,,1.0,100.0,1.0,-0.2531859127353156
2.738294308173077,38.45945945945946,,1.0,100.0,1.0,-0.2474959094657325
3.028010026201923,38.45945945945946,,1.0,100.0,1.0,-0.2419188685816858
3.3177257442307693,38.45945945945946,,1.0,100.0,1.0,-0.2364532514798854
3.607441462259615,38.45945945945946,,1.0,100.0,1.0,-0.2310975741183776
3.897157180288461,38.45945945945946,,1.0,100.0,1.0,-0.2258504054782837
4.186872898317307,38.45945945945946,,1.0,100.0,1.0,-0.2207103659073957
4.476588616346154,38.45945945945946,,1.0,100.0,1.0,-0.2156761253537756
4.766304334375,38.45945945945946,,1.0,100.0,1.0,-0.2107464014975084
5.056020052403846,38.45945945945946,,1.0,100.0,1.0,-0.2059199577889773
5.345735770432693,38.45945945945946,,1.0,100.0,1.0,-0.2011956014019897
5.6354514884615385,38.45945945945946,,1.0,100.0,1.0,-0.1965721811102647
5.925167206490385,38.45945945945946,,1.0,100.0,1.0,-0.1920485850957202
6.21488292451923,38.45945945945946,,1.0,100.0,1.0,-0.1876237386970858
6.504598642548077,38.45945945945946,,1.0,100.0,1.0,-0.1832966021074053
6.794314360576923,38.45945945945946,,1.0,100.0,1.0,-0.1790661680288615
7.084030078605768,38.45945945945946,,1.0,100.0,1.0,-0.1749314592935332
7.373745796634614,38.45945945945946,,1.0,100.0,1.0,-0.1708915264583392
7.663461514663462,38.45945945945946,,1.0,100.0,1.0,-0.1669454453827499
7.9531772326923065,38.45945945945946,,1.0,100.0,1.0,-0.1630923147973595
8.242892950721153,38.45945945945946,,1.0,100.0,1.0,-0.1593312538715989
8.53260866875,38.45945945945946,,1.0,100.0,1.0,-0.1556613997886236
8.822324386778845,38.45945945945946,,1.0,100.0,1.0,-0.1520819053351812
9.112040104807692,38.45945945945946,,1.0,100.0,1.0,-0.1485919365143546
9.401755822836538,38.45945945945946,,1.0,100.0,1.0,-0.1451906701885711
9.691471540865384,38.45945945945946,,1.0,100.0,1.0,-0.1418772917603226
9.98118725889423,38.45945945945946,,1.0,100.0,1.0,-0.1386509928976803
10.270902976923075,38.45945945945946,,1.0,100.0,1.0,-0.1355109693114781
10.560618694951922,38.45945945945946,,1.0,100.0,1.0,-0.1324564185908716
10.850334412980768,38.45945945945946,,1.0,100.0,1.0,-0.1294865381035007
11.140050131009614,38.45945945945946,,1.0,100.0,1.0,-0.1266005229664983
11.42976584903846,38.45945945945946,,1.0,100.0,1.0,-0.1237975640939688
11.719481567067307,38.45945945945946,,1.0,100.0,1.0,-0.1210768463265327
12.009197285096153,38.45945945945946,,1.0,100.0,1.0,-0.1184375466479666
12.298913003125,38.45945945945946,,1.0,100.0,1.0,-0.1158788324938638
12.588628721153844,38.45945945945946,,1.0,100.0,1.0,-0.11339986015667
12.87834443918269,38.45945945945946,,1.0,100.0,1.0,-0.1109997732912883
13.168060157211537,38.45945945945946,,1.0,100.0,1.0,-0.1086777015250141
13.457775875240383,38.45945945945946,,1.0,100.0,1.0,-0.1064327591750886
13.747491593269228,38.45945945945946,,1.0,100.0,1.0,-0.1042640440770376
14.037207311298074,38.45945945945946,,1.0,100.0,1.0,-0.1021706365263577
14.32692302932692,38.45945945945946,,1.0,100.0,1.0,-0.1001515983357898
14.616638747355767,38.45945945945946,,1.0,100.0,1.0,-0.0982059720102202
14.906354465384615,38.45945945945946,,1.0,100.0,1.0,-0.0963327800405457
15.196070183413461,38.45945945945946,,1.0,100.0,1.0,-0.0945310243177966
15.485785901442307,38.45945945945946,,1.0,100.0,1.0,-0.0927996856682113
15.775501619471152,38.45945945945946,,1.0,100.0,1.0,-0.0911377235096728
16.0652173375,38.45945945945946,,1.0,100.0,1.0,-0.0895440756295166
16.354933055528846,38.45945945945946,,1.0,100.0,1.0,-0.0880176580833961
16.64464877355769,38.45945945945946,,1.0,100.0,1.0,-0.0865573652144717
16.93436449158654,38.45945945945946,,1.0,100.0,1.0,-0.0851620697918595
17.224080209615384,38.45945945945946,,1.0,100.0,1.0,-0.0838306232669132
17.51379592764423,38.45945945945946,,1.0,100.0,1.0,-0.0825618561455333
17.803511645673076,38.45945945945946,,1.0,100.0,1.0,-0.0813545784744176
18.093227363701924,38.45945945945946,,1.0,100.0,1.0,-0.0802075804386954
18.38294308173077,38.45945945945946,,1.0,100.0,1.0,-0.0791196330682122
18.672658799759613,38.45945945945946,,1.0,100.0,1.0,-0.0780894890491948
18.96237451778846,38.45945945945946,,1.0,100.0,1.0,-0.0771158836378487
19.252090235817306,38.45945945945946,,1.0,100.0,1.0,-0.0761975356720109
19.541805953846154,38.45945945945946,,1.0,100.0,1.0,-0.0753331486766979
19.831521671875,38.45945945945946,,1.0,100.0,1.0,-0.074521412058961
20.121237389903843,38.45945945945946,,1.0,100.0,1.0,-0.0737610023872949
20.41095310793269,38.45945945945946,,1.0,100.0,1.0,-0.0730505847503195
20.700668825961536,38.45945945945946,,1.0,100.0,1.0,-0.0723888141892676
20.99038454399038,38.45945945945946,,1.0,100.0,1.0,-0.0717743371984695
21.28010026201923,38.45945945945946,,1.0,100.0,1.0,-0.0712057932876282
21.569815980048077,38.45945945945946,,1.0,100.0,1.0,-0.0706818165994863
21.85953169807692,38.45945945945946,,1.0,100.0,1.0,-0.0702010375760712
22.14924741610577,38.45945945945946,,1.0,100.0,1.0,-0.0697620846665709
22.438963134134614,38.45945945945946,,1.0,100.0,1.0,-0.0693635860694422
22.728678852163462,38.45945945945946,,1.0,100.0,1.0,-0.0690041715012299
23.018394570192307,38.45945945945946,,1.0,100.0,1.0,-0.0686824739843954
23.308110288221158,38.45945945945946,,1.0,100.0,1.0,-0.0683971316460658
23.59782600625,38.45945945945946,,1.0,100.0,1.0,-0.0681467895196777
23.88754172427884,38.45945945945946,,1.0,100.0,1.0,-0.0679301013412467
24.17725744230769,38.45945945945946,,1.0,100.0,1.0,-0.067745731331914
24.46697316033654,38.45945945945946,,1.0,100.0,1.0,-0.0675923559585099
24.75668887836538,38.45945945945946,,1.0,100.0,1.0,-0.0674686656637451
25.046404596394233,38.45945945945946,,1.0,100.0,1.0,-0.0673733665579249
25.336120314423074,38.45945945945946,,1.0,100.0,1.0,-0.0673051820640162
25.62583603245192,38.45945945945946,,1.0,100.0,1.0,-0.0672628545084444
25.915551750480766,38.45945945945946,,1.0,100.0,1.0,-0.0672451466499398
26.205267468509614,38.45945945945946,,1.0,100.0,1.0,-0.0672508431394243
26.494983186538455,38.45945945945946,,1.0,100.0,1.0,-0.0672787519042701
26.78469890456731,38.45945945945946,,1.0,100.0,1.0,-0.0673277054508267
27.074414622596148,38.45945945945946,,1.0,100.0,1.0,-0.0673965620796762
27.364130340624996,38.45945945945946,,1.0,100.0,1.0,-0.0674842070088783
27.65384605865384,38.45945945945946,,1.0,100.0,1.0,-0.0675895534010798
27.94356177668269,38.45945945945946,,1.0,100.0,1.0,-0.067711543291336
28.233277494711533,38.45945945945946,,1.0,100.0,1.0,-0.0678491484131696
28.52299321274039,38.45945945945946,,1.0,100.0,1.0,-0.0680013709214972
28.812708930769226,38.45945945945946,,1.0,100.0,1.0,-0.0681672440118326
29.102424648798074,38.45945945945946,,1.0,100.0,1.0,-0.0683458324362202
29.392140366826922,38.45945945945946,,1.0,100.0,1.0,-0.0685362329172628
29.681856084855767,38.45945945945946,,1.0,100.0,1.0,-0.0687375744625209
29.97157180288462,38.45945945945946,,1.0,100.0,1.0,-0.0689490185825434
30.261287520913456,38.45945945945946,,1.0,100.0,1.0,-0.0691697594165375
30.551003238942304,38.45945945945946,,1.0,100.0,1.0,-0.0693990237705093
30.84071895697115,38.45945945945946,,1.0,100.0,1.0,-0.0696360710734962
31.130434674999997,38.45945945945946,,1.0,100.0,1.0,-0.0698801932578756
31.420150393028845,38.45945945945946,,1.0,100.0,1.0,-0.070130714570557
31.709866111057696,38.45945945945946,,1.0,100.0,1.0,-0.070386991321913
31.999581829086537,38.45945945945946,,1.0,100.0,1.0,-0.0706484115797361
32.28929754711538,38.45945945945946,,1.0,100.0,1.0,-0.070914394815547
32.579013265144226,38.45945945945946,,1.0,100.0,1.0,-0.0711843915105304
32.86872898317308,38.45945945945946,,1.0,100.0,1.0,-0.0714578827281717
33.15844470120192,38.45945945945946,,1.0,100.0,1.0,-0.071734379660401
33.44816041923077,38.45945945945946,,1.0,100.0,1.0,-0.0720134231535517
33.73787613725961,38.45945945945946,,1.0,100.0,1.0,-0.0722945832198979
34.02759185528846,38.45945945945946,,1.0,100.0,1.0,-0.0725774585398781
34.31730757331731,38.45945945945946,,1.0,100.0,1.0,-0.0728616759593114
34.60702329134615,38.45945945945946,,1.0,100.0,1.0,-0.0731468899851955
34.896739009375,38.45945945945946,,1.0,100.0,1.0,-0.0734327822826975
35.18645472740385,38.45945945945946,,1.0,100.0,1.0,-0.0737190611751732
35.476170445432686,38.45945945945946,,1.0,100.0,1.0,-0.0740054611481257
35.76588616346154,38.45945945945946,,1.0,100.0,1.0,-0.0742917423572248
36.05560188149038,38.45945945945946,,1.0,100.0,1.0,-0.074577690139632
36.34531759951923,38.45945945945946,,1.0,100.0,1.0,-0.0748631145272887
36.63503331754807,38.45945945945946,,1.0,100.0,1.0,-0.0751478497601297
36.92474903557693,38.45945945945946,,1.0,100.0,1.0,-0.0754317537966339
37.21446475360577,38.45945945945946,,1.0,100.0,1.0,-0.0757147078188987
37.50418047163461,38.45945945945946,,1.0,100.0,1.0,-0.0759966157289859
37.79389618966346,38.45945945945946,,1.0,100.0,1.0,-0.0762774036332888
38.08361190769231,38.45945945945946,,1.0,100.0,1.0,-0.0765570193116577
38.37332762572115,38.45945945945946,,1.0,100.0,1.0,-0.0768354316681407
38.66304334375,38.45945945945946,,1.0,100.0,1.0,-0.0771126301605351
38.95275906177885,38.45945945945946,,1.0,100.0,1.0,-0.0773886242062272
39.24247477980769,38.45945945945946,,1.0,100.0,1.0,-0.0776634425624356
39.53219049783654,38.45945945945946,,1.0,100.0,1.0,-0.0779371326793487
39.82190621586538,38.45945945945946,,1.0,100.0,1.0,-0.0782097600254035
40.111621933894234,38.45945945945946,,1.0,100.0,1.0,-0.0784814073845798
40.40133765192307,38.45945945945946,,1.0,100.0,1.0,-0.0787521741261587
40.69105336995192,38.45945945945946,,1.0,100.0,1.0,-0.0790221754482273
40.98076908798076,38.45945945945946,,1.0,100.0,1.0,-0.0792915415967202
41.27048480600961,38.45945945945946,,1.0,100.0,1.0,-0.0795604170624055
41.56020052403846,38.45945945945946,,1.0,100.0,1.0,-0.0798289597588017
41.8499162420673,38.45945945945946,,1.0,100.0,1.0,-0.080097340184441
42.13963196009615,38.45945945945946,,1.0,100.0,1.0,-0.0803657405732534
42.429347678125,38.45945945945946,,1.0,100.0,1.0,-0.0806343540371979
42.71906339615384,38.45945945945946,,1.0,100.0,1.0,-0.0809033837053413
43.00877911418269,38.45945945945946,,1.0,100.0,1.0,-0.0811730418638113
43.29849483221154,38.45945945945946,,1.0,100.0,1.0,-0.0814435491009635
43.58821055024038,38.45945945945946,,1.0,100.0,1.0,-0.081715133462027
43.87792626826923,38.45945945945946,,1.0,100.0,1.0,-0.0819880296173531
44.16764198629807,38.45945945945946,,1.0,100.0,1.0,-0.0822624780481919
44.457357704326924,38.45945945945946,,1.0,100.0,1.0,-0.0825387242535106
44.74707342235577,38.45945945945946,,1.0,100.0,1.0,-0.0828170179811822
45.03678914038461,38.45945945945946,,1.0,100.0,1.0,-0.0830976124863731
45.32650485841346,38.45945945945946,,1.0,100.0,1.0,-0.0833807638196756
45.61622057644231,38.45945945945946,,1.0,100.0,1.0,-0.0836667301470611
45.905936294471154,38.45945945945946,,1.0,100.0,1.0,-0.0839557711033398
46.1956520125,38.45945945945946,,1.0,100.0,1.0,-0.0842481471804554
46.485367730528836,38.45945945945946,,1.0,100.0,1.0,-0.0845441191515805
46.775083448557695,38.45945945945946,,1.0,100.0,1.0,-0.0848439475316306
47.06479916658654,38.45945945945946,,1.0,100.0,1.0,-0.0851478920744197
47.35451488461538,38.45945945945946,,1.0,100.0,1.0,-0.0854562113066358
47.644230602644235,38.45945945945946,,1.0,100.0,1.0,-0.0857691620983099
47.93394632067308,38.45945945945946,,1.0,100.0,1.0,-0.0860869992694443
48.22366203870192,38.45945945945946,,1.0,100.0,1.0,-0.0864099752322345
48.51337775673076,38.45945945945946,,1.0,100.0,1.0,-0.0867383396682491
48.80309347475962,38.45945945945946,,1.0,100.0,1.0,-0.0870723392396832
49.092809192788465,38.45945945945946,,1.0,100.0,1.0,-0.0874122173340292
49.38252491081732,38.45945945945946,,1.0,100.0,1.0,-0.0877582138411384
49.67224062884614,38.45945945945946,,1.0,100.0,1.0,-0.0881105649619273
49.96195634687499,38.45945945945946,,1.0,100.0,1.0,-0.0884695030477666
50.25167206490384,38.45945945945946,,1.0,100.0,1.0,-0.088835256469802
50.54138778293269,38.45945945945946,,1.0,100.0,1.0,-0.089208049517273
50.83110350096153,38.45945945945946,,1.0,100.0,1.0,-0.0895881023242242
51.120819218990384,38.45945945945946,,1.0,100.0,1.0,-0.0899756308236651
51.41053493701923,38.45945945945946,,1.0,100.0,1.0,-0.0903708467287477
51.70025065504807,38.45945945945946,,1.0,100.0,1.0,-0.0907739575401292
51.98996637307691,38.45945945945946,,1.0,100.0,1.0,-0.0911851665790198
52.27968209110577,38.45945945945946,,1.0,100.0,1.0,-0.0916046730454238
52.569397809134614,38.45945945945946,,1.0,100.0,1.0,-0.0920326721009432
52.859113527163466,38.45945945945946,,1.0,100.0,1.0,-0.0924693549758358
53.148829245192296,38.45945945945946,,1.0,100.0,1.0,-0.0929149090997591
53.438544963221155,38.45945945945946,,1.0,100.0,1.0,-0.0933695182558959
53.72826068124999,38.45945945945946,,1.0,100.0,1.0,-0.0938333627579737
54.01797639927885,38.45945945945946,,1.0,100.0,1.0,-0.094306619649892
54.30769211730768,38.45945945945946,,1.0,100.0,1.0,-0.0947894629275578
54.59740783533653,38.45945945945946,,1.0,100.0,1.0,-0.095282063782522
54.88712355336538,38.45945945945946,,1.0,100.0,1.0,-0.0957845908671348
55.176839271394236,38.45945945945946,,1.0,100.0,1.0,-0.0962972105808214
55.46655498942307,38.45945945945946,,1.0,100.0,1.0,-0.0968200873771029
55.75627070745192,38.45945945945946,,1.0,100.0,1.0,-0.0973533840909685
56.04598642548078,38.45945945945946,,1.0,100.0,1.0,-0.097897262286325
56.33570214350961,38.45945945945946,,1.0,100.0,1.0,-0.098451882622951
56.62541786153845,38.45945945945946,,1.0,100.0,1.0,-0.0990174052426959
56.9151335795673,38.45945945945946,,1.0,100.0,1.0,-0.0995939901744751
57.20484929759615,38.45945945945946,,1.0,100.0,1.0,-0.1001817977575399
57.49456501562499,38.45945945945946,,1.0,100.0,1.0,-0.1007809890827252
57.784280733653844,38.45945945945946,,1.0,100.0,1.0,-0.1013917264511069
58.07399645168269,38.45945945945946,,1.0,100.0,1.0,-0.1020141738496612
58.36371216971153,38.45945945945946,,1.0,100.0,1.0,-0.1026484974434609
58.65342788774037,38.45945945945946,,1.0,100.0,1.0,-0.1032948660838883
58.94314360576924,38.45945945945946,,1.0,100.0,1.0,-0.1039534518324784
59.23285932379808,38.45945945945946,,1.0,100.0,1.0,-0.1046244304997624
59.52257504182691,38.45945945945946,,1.0,100.0,1.0,-0.1053079821988133
59.812290759855756,38.45945945945946,,1.0,100.0,1.0,-0.1060042919128836
60.10200647788461,38.45945945945946,,1.0,100.0,1.0,-0.1067135500766979
60.39172219591345,38.45945945945946,,1.0,100.0,1.0,-0.1074359531709421
60.6814379139423,38.45945945945946,,1.0,100.0,1.0,-0.1081717043295219
60.97115363197115,38.45945945945946,,1.0,100.0,1.0,-0.1089210139590617
61.26086934999999,38.45945945945946,,1.0,100.0,1.0,-0.109684100370301
61.55058506802884,38.45945945945946,,1.0,100.0,1.0,-0.1104611904209091
61.84030078605769,38.45945945945946,,1.0,100.0,1.0,-0.1112525201693613
62.130016504086534,38.45945945945946,,1.0,100.0,1.0,-0.1120583355394396
62.41973222211538,38.45945945945946,,1.0,100.0,1.0,-0.1128788929950594
62.70944794014423,38.45945945945946,,1.0,100.0,1.0,-0.1137144602250234
62.999163658173075,38.45945945945946,,1.0,100.0,1.0,-0.1145653168374198
63.288879376201905,38.45945945945946,,1.0,100.0,1.0,-0.1154317550633864
63.578595094230764,38.45945945945946,,1.0,100.0,1.0,-0.1163140804698654
63.868310812259615,38.45945945945946,,1.0,100.0,1.0,-0.1172126126812637
64.15802653028845,38.45945945945946,,1.0,100.0,1.0,-0.1181276861096726
64.4477422483173,38.45945945945946,,1.0,100.0,1.0,-0.1190596506934907
64.73745796634616,38.45945945945946,,1.0,100.0,1.0,-0.1200088726442933
65.027173684375,38.45945945945946,,1.0,100.0,1.0,-0.1209757352018227
65.31688940240385,38.45945945945946,,1.0,100.0,1.0,-0.1219606393969133
65.60660512043269,38.45945945945946,,1.0,100.0,1.0,-0.1229640048223661
65.89632083846153,38.45945945945946,,1.0,100.0,1.0,-0.1239862704116018
66.18603655649038,38.45945945945946,,1.0,100.0,1.0,-0.1250278952251792
66.47575227451922,38.45945945945946,,1.0,100.0,1.0,-0.1260893592450573
66.76546799254808,38.45945945945946,,1.0,100.0,1.0,-0.1271711641766622
67.05518371057693,38.45945945945946,,1.0,100.0,1.0,-0.1282738342588298
67.34489942860577,38.45945945945946,,1.0,100.0,1.0,-0.1293979170817024
67.63461514663462,38.45945945945946,,1.0,100.0,1.0,-0.1305439844124959
67.92433086466346,38.45945945945946,,1.0,100.0,1.0,-0.1317126330296001
68.2140465826923,38.45945945945946,,1.0,100.0,1.0,-0.13290448556478
68.50376230072115,38.45945945945946,,1.0,100.0,1.0,-0.1341201913538621
68.79347801875001,38.45945945945946,,1.0,100.0,1.0,-0.1353604272960851
69.08319373677885,38.45945945945946,,1.0,100.0,1.0,-0.1366258987222003
69.3729094548077,38.45945945945946,,1.0,100.0,1.0,-0.1379173402717083
69.66262517283654,38.45945945945946,,1.0,100.0,1.0,-0.1392355167793254
69.95234089086537,38.45945945945946,,1.0,100.0,1.0,-0.1405812241711226
70.24205660889423,38.45945945945946,,1.0,100.0,1.0,-0.1419552903704815
70.53177232692308,38.45945945945946,,1.0,100.0,1.0,-0.1433585762142991
70.82148804495192,38.45945945945946,,1.0,100.0,1.0,-0.1447919763796812
71.11120376298076,38.45945945945946,,1.0,100.0,1.0,-0.1462564203215106
71.40091948100961,38.45945945945946,,1.0,100.0,1.0,-0.1477528732214224
71.69063519903845,38.45945945945946,,1.0,100.0,1.0,-0.1492823369482783
71.9803509170673,38.45945945945946,,1.0,100.0,1.0,-0.1508458510307729
72.27006663509614,38.45945945945946,,1.0,100.0,1.0,-0.1524444936426106
72.55978235312502,38.45945945945946,,1.0,100.0,1.0,-0.154079382600648
72.84949807115386,38.45945945945946,,1.0,100.0,1.0,-0.155751676376367
73.13921378918268,38.45945945945946,,1.0,100.0,1.0,-0.1574625751214857
73.42892950721154,38.45945945945946,,1.0,100.0,1.0,-0.1592133217078337
73.71864522524038,38.45945945945946,,1.0,100.0,1.0,-0.1610052027823696
74.00836094326922,38.45945945945946,,1.0,100.0,1.0,-0.1628395498376529
74.29807666129807,38.45945945945946,,1.0,100.0,1.0,-0.1647177402984743
74.58779237932691,38.45945945945946,,1.0,100.0,1.0,-0.1666411986251731
74.87750809735577,38.45945945945946,,1.0,100.0,1.0,-0.1686113974343387
75.16722381538462,38.45945945945946,,1.0,100.0,1.0,-0.170629858637394
75.45693953341345,38.45945945945946,,1.0,100.0,1.0,-0.1726981545978591
75.7466552514423,38.45945945945946,,1.0,100.0,1.0,-0.1748179093079255
76.03637096947115,38.45945945945946,,1.0,100.0,1.0,-0.1769907995849653
76.32608668750001,38.45945945945946,,1.0,100.0,1.0,-0.1792185562888258
76.61580240552884,38.45945945945946,,1.0,100.0,1.0,-0.1815029655605642
76.9055181235577,38.45945945945946,,1.0,100.0,1.0,-0.1838458700834327
77.19523384158653,38.45945945945946,,1.0,100.0,1.0,-0.1862491703668936
77.48494955961539,38.45945945945946,,1.0,100.0,1.0,-0.1887148260545004
77.77466527764422,38.45945945945946,,1.0,100.0,1.0,-0.1912448572564312
78.06438099567308,38.45945945945946,,1.0,100.0,1.0,-0.1938413459076463
78.35409671370192,38.45945945945946,,1.0,100.0,1.0,-0.196506437152501
78.64381243173077,38.45945945945946,,1.0,100.0,1.0,-0.199242340756688
78.93352814975961,38.45945945945946,,1.0,100.0,1.0,-0.2020513325475897
79.22324386778845,38.45945945945946,,1.0,100.0,1.0,-0.2049357558839852
79.51295958581731,38.45945945945946,,1.0,100.0,1.0,-0.2078980231559782
79.80267530384614,38.45945945945946,,1.0,100.0,1.0,-0.2109406173164395
80.09239102187499,38.45945945945946,,1.0,100.0,1.0,-0.2140660934448595
80.38210673990385,38.45945945945946,,1.0,100.0,1.0,-0.2172770803447854
80.67182245793269,38.45945945945946,,1.0,100.0,1.0,-0.220576282176009
80.96153817596152,38.45945945945946,,1.0,100.0,1.0,-0.2239664801226031
81.25125389399038,38.45945945945946,,1.0,100.0,1.0,-0.2274505340981778
81.54096961201923,38.45945945945946,,1.0,100.0,1.0,-0.2310313844894455
81.83068533004807,38.45945945945946,,1.0,100.0,1.0,-0.2347120539395776
82.12040104807691,38.45945945945946,,1.0,100.0,1.0,-0.238495649172465
82.41011676610577,38.45945945945946,,1.0,100.0,1.0,-0.2423853628595238
82.6998324841346,38.45945945945946,,1.0,100.0,1.0,-0.2463844755302515
82.98954820216345,38.45945945945946,,1.0,100.0,1.0,-0.2504963575281778
83.2792639201923,38.45945945945946,,1.0,100.0,1.0,-0.2547244710136193
83.56897963822115,38.45945945945946,,1.0,100.0,1.0,-0.2590723720148865
83.85869535625,38.45945945945946,,1.0,100.0,1.0,-0.2635437125295446
84.14841107427884,38.45945945945946,,1.0,100.0,1.0,-0.2681422426773517
84.43812679230768,38.45945945945946,,1.0,100.0,1.0,-0.2728718129067432
84.72784251033653,38.45945945945946,,1.0,100.0,1.0,-0.2777363762565292
85.01755822836537,38.45945945945946,,1.0,100.0,1.0,-0.2827399906746934
85.30727394639422,38.45945945945946,,1.0,100.0,1.0,-0.287886821396293
85.59698966442308,38.45945945945946,,1.0,100.0,1.0,-0.2931811433823065
85.88670538245192,38.45945945945946,,1.0,100.0,1.0,-0.298627343821591
86.17642110048077,38.45945945945946,,1.0,100.0,1.0,-0.3042299246980218
86.46613681850961,38.45945945945946,,1.0,100.0,1.0,-0.3099935054249886
86.75585253653846,38.45945945945946,,1.0,100.0,1.0,-0.3159228255495993
87.0455682545673,38.45945945945946,,1.0,100.0,1.0,-0.3220227475288204
87.33528397259614,38.45945945945946,,1.0,100.0,1.0,-0.3282982595801244
87.624999690625,38.45945945945946,,1.0,100.0,1.0,-0.3347544786090217
1.0,41.13513513513514,,1.0,100.0,1.0,-0.2853054476119681
1.289715718028846,41.13513513513514,,1.0,100.0,1.0,-0.2789650660147698
1.5794314360576922,41.13513513513514,,1.0,100.0,1.0,-0.2727479594658303
1.8691471540865385,41.13513513513514,,1.0,100.0,1.0,-0.2666523944645155
2.1588628721153844,41.13513513513514,,1.0,100.0,1.0,-0.2606766906982787
2.4485785901442307,41.13513513513514,,1.0,100.0,1.0,-0.2548192203574578
2.738294308173077,41.13513513513514,,1.0,100.0,1.0,-0.2490784072993397
3.028010026201923,41.13513513513514,,1.0,100.0,1.0,-0.2434527260686908
3.3177257442307693,41.13513513513514,,1.0,100.0,1.0,-0.2379407007820651
3.607441462259615,41.13513513513514,,1.0,100.0,1.0,-0.2325409038834354
3.897157180288461,41.13513513513514,,1.0,100.0,1.0,-0.2272519547786347
4.186872898317307,41.13513513513514,,1.0,100.0,1.0,-0.222072518356327
4.476588616346154,41.13513513513514,,1.0,100.0,1.0,-0.2170013034032866
4.766304334375,41.13513513513514,,1.0,100.0,1.0,-0.2120370609217809
5.056020052403846,41.13513513513514,,1.0,100.0,1.0,-0.2071785823569959
5.345735770432693,41.13513513513514,,1.0,100.0,1.0,-0.2024246977424615
5.6354514884615385,41.13513513513514,,1.0,100.0,1.0,-0.1977742737714873
5.925167206490385,41.13513513513514,,1.0,100.0,1.0,-0.1932262118025965
6.21488292451923,41.13513513513514,,1.0,100.0,1.0,-0.1887794458070524
6.504598642548077,41.13513513513514,,1.0,100.0,1.0,-0.1844329402664503
6.794314360576923,41.13513513513514,,1.0,100.0,1.0,-0.1801856880284358
7.084030078605768,41.13513513513514,,1.0,100.0,1.0,-0.1760367081285033
7.373745796634614,41.13513513513514,,1.0,100.0,1.0,-0.1719850435857981
7.663461514663462,41.13513513513514,,1.0,100.0,1.0,-0.1680297591808076
7.9531772326923065,41.13513513513514,,1.0,100.0,1.0,-0.1641699392226838
8.242892950721153,41.13513513513514,,1.0,100.0,1.0,-0.1604046853138747
8.53260866875,41.13513513513514,,1.0,100.0,1.0,-0.1567331141196743
8.822324386778845,41.13513513513514,,1.0,100.0,1.0,-0.153154355150035
9.112040104807692,41.13513513513514,,1.0,100.0,1.0,-0.1496675485609778
9.401755822836538,41.13513513513514,,1.0,100.0,1.0,-0.1462718429827177
9.691471540865384,41.13513513513514,,1.0,100.0,1.0,-0.1429663933813614
9.98118725889423,41.13513513513514,,1.0,100.0,1.0,-0.1397503589610237
10.270902976923075,41.13513513513514,,1.0,100.0,1.0,-0.1366229011127898
10.560618694951922,41.13513513513514,,1.0,100.0,1.0,-0.1335831814168863
10.850334412980768,41.13513513513514,,1.0,100.0,1.0,-0.1306303597040837
11.140050131009614,41.13513513513514,,1.0,100.0,1.0,-0.1277635921821854
11.42976584903846,41.13513513513514,,1.0,100.0,1.0,-0.1249820296330981
11.719481567067307,41.13513513513514,,1.0,100.0,1.0,-0.1222848156858032
12.009197285096153,41.13513513513514,,1.0,100.0,1.0,-0.1196710851701726
12.298913003125,41.13513513513514,,1.0,100.0,1.0,-0.1171399625563342
12.588628721153844,41.13513513513514,,1.0,100.0,1.0,-0.1146905604839865
12.87834443918269,41.13513513513514,,1.0,100.0,1.0,-0.1123219783856561
13.168060157211537,41.13513513513514,,1.0,100.0,1.0,-0.1100333012077527
13.457775875240383,41.13513513513514,,1.0,100.0,1.0,-0.1078235982326929
13.747491593269228,41.13513513513514,,1.0,100.0,1.0,-0.105691922005272
14.037207311298074,41.13513513513514,,1.0,100.0,1.0,-0.1036373073660005
14.32692302932692,41.13513513513514,,1.0,100.0,1.0,-0.101658770593665
14.616638747355767,41.13513513513514,,1.0,100.0,1.0,-0.0997553086593663
14.906354465384615,41.13513513513514,,1.0,100.0,1.0,-0.0979258985934757
15.196070183413461,41.13513513513514,,1.0,100.0,1.0,-0.096169496966998
15.485785901442307,41.13513513513514,,1.0,100.0,1.0,-0.094485039488198
15.775501619471152,41.13513513513514,,1.0,100.0,1.0,-0.0928714407151607
16.0652173375,41.13513513513514,,1.0,100.0,1.0,-0.0913275938844513
16.354933055528846,41.13513513513514,,1.0,100.0,1.0,-0.0898523708557937
16.64464877355769,41.13513513513514,,1.0,100.0,1.0,-0.088444622172278
16.93436449158654,41.13513513513514,,1.0,100.0,1.0,-0.0871031772352054
17.224080209615384,41.13513513513514,,1.0,100.0,1.0,-0.0858268445923843
17.51379592764423,41.13513513513514,,1.0,100.0,1.0,-0.0846144123383298
17.803511645673076,41.13513513513514,,1.0,100.0,1.0,-0.0834646486243185
18.093227363701924,41.13513513513514,,1.0,100.0,1.0,-0.0823763022761477
18.38294308173077,41.13513513513514,,1.0,100.0,1.0,-0.0813481035168208
18.672658799759613,41.13513513513514,,1.0,100.0,1.0,-0.0803787647911944
18.96237451778846,41.13513513513514,,1.0,100.0,1.0,-0.0794669816892233
19.252090235817306,41.13513513513514,,1.0,100.0,1.0,-0.0786114339640577
19.541805953846154,41.13513513513514,,1.0,100.0,1.0,-0.0778107866409048
19.831521671875,41.13513513513514,,1.0,100.0,1.0,-0.0770636912122832
20.121237389903843,41.13513513513514,,1.0,100.0,1.0,-0.0763687869148549
20.41095310793269,41.13513513513514,,1.0,100.0,1.0,-0.0757247020827855
20.700668825961536,41.13513513513514,,1.0,100.0,1.0,-0.0751300555721182
20.99038454399038,41.13513513513514,,1.0,100.0,1.0,-0.074583458250524
21.28010026201923,41.13513513513514,,1.0,100.0,1.0,-0.0740835145462814
21.569815980048077,41.13513513513514,,1.0,100.0,1.0,-0.0736288240501742
21.85953169807692,41.13513513513514,,1.0,100.0,1.0,-0.0732179831636269
22.14924741610577,41.13513513513514,,1.0,100.0,1.0,-0.0728495867862328
22.438963134134614,41.13513513513514,,1.0,100.0,1.0,-0.0725222300355171
22.728678852163462,41.13513513513514,,1.0,100.0,1.0,-0.072234509991526
23.018394570192307,41.13513513513514,,1.0,100.0,1.0,-0.0719850274587768
23.308110288221158,41.13513513513514,,1.0,100.0,1.0,-0.0717723887378666
23.59782600625,41.13513513513514,,1.0,100.0,1.0,-0.0715952073988581
23.88754172427884,41.13513513513514,,1.0,100.0,1.0,-0.0714521060486754
24.17725744230769,41.13513513513514,,1.0,100.0,1.0,-0.0713417180845225
24.46697316033654,41.13513513513514,,1.0,100.0,1.0,-0.0712626894254889
24.75668887836538,41.13513513513514,,1.0,100.0,1.0,-0.071213680214508
25.046404596394233,41.13513513513514,,1.0,100.0,1.0,-0.0711933664830711
25.336120314423074,41.13513513513514,,1.0,100.0,1.0,-0.0712004417711451
25.62583603245192,41.13513513513514,,1.0,100.0,1.0,-0.0712336186951777
25.915551750480766,41.13513513513514,,1.0,100.0,1.0,-0.0712916304572559
26.205267468509614,41.13513513513514,,1.0,100.0,1.0,-0.0713732322889805
26.494983186538455,41.13513513513514,,1.0,100.0,1.0,-0.0714772028239902
26.78469890456731,41.13513513513514,,1.0,100.0,1.0,-0.0716023453936944
27.074414622596148,41.13513513513514,,1.0,100.0,1.0,-0.0717474892412479
27.364130340624996,41.13513513513514,,1.0,100.0,1.0,-0.0719114906495012
27.65384605865384,41.13513513513514,,1.0,100.0,1.0,-0.0720932339793951
27.94356177668269,41.13513513513514,,1.0,100.0,1.0,-0.0722916326158823
28.233277494711533,41.13513513513514,,1.0,100.0,1.0,-0.0725056298193438
28.52299321274039,41.13513513513514,,1.0,100.0,1.0,-0.0727341994812349
28.812708930769226,41.13513513513514,,1.0,100.0,1.0,-0.07297634678348
29.102424648798074,41.13513513513514,,1.0,100.0,1.0,-0.0732311087619833
29.392140366826922,41.13513513513514,,1.0,100.0,1.0,-0.0734975547754448
29.681856084855767,41.13513513513514,,1.0,100.0,1.0,-0.0737747868814018
29.97157180288462,41.13513513513514,,1.0,100.0,1.0,-0.0740619401222667
30.261287520913456,41.13513513513514,,1.0,100.0,1.0,-0.0743581827246866
30.551003238942304,41.13513513513514,,1.0,100.0,1.0,-0.0746627162163703
30.84071895697115,41.13513513513514,,1.0,100.0,1.0,-0.0749747754649365
31.130434674999997,41.13513513513514,,1.0,100.0,1.0,-0.0752936286438961
31.420150393028845,41.13513513513514,,1.0,100.0,1.0,-0.0756185771312683
31.709866111057696,41.13513513513514,,1.0,100.0,1.0,-0.0759489553465563
31.999581829086537,41.13513513513514,,1.0,100.0,1.0,-0.0762841305320306
32.28929754711538,41.13513513513514,,1.0,100.0,1.0,-0.0766235024843438
32.579013265144226,41.13513513513514,,1.0,100.0,1.0,-0.0769665032423205
32.86872898317308,41.13513513513514,,1.0,100.0,1.0,-0.0773125967367986
33.15844470120192,41.13513513513514,,1.0,100.0,1.0,-0.0776612784079163
33.44816041923077,41.13513513513514,,1.0,100.0,1.0,-0.0780120747950799
33.73787613725961,41.13513513513514,,1.0,100.0,1.0,-0.0783645431041588
34.02759185528846,41.13513513513514,,1.0,100.0,1.0,-0.0787182707561464
34.31730757331731,41.13513513513514,,1.0,100.0,1.0,-0.0790728749207867
34.60702329134615,41.13513513513514,,1.0,100.0,1.0,-0.0794280020380511
34.896739009375,41.13513513513514,,1.0,100.0,1.0,-0.0797833273297573
35.18645472740385,41.13513513513514,,1.0,100.0,1.0,-0.0801385543028858
35.476170445432686,41.13513513513514,,1.0,100.0,1.0,-0.080493414245512
35.76588616346154,41.13513513513514,,1.0,100.0,1.0,-0.0808476657156433
36.05560188149038,41.13513513513514,,1.0,100.0,1.0,-0.0812010940227431
36.34531759951923,41.13513513513514,,1.0,100.0,1.0,-0.0815535107010451
36.63503331754807,41.13513513513514,,1.0,100.0,1.0,-0.0819047529735625
36.92474903557693,41.13513513513514,,1.0,100.0,1.0,-0.0822546832051072
37.21446475360577,41.13513513513514,,1.0,100.0,1.0,-0.0826031883426297
37.50418047163461,41.13513513513514,,1.0,100.0,1.0,-0.082950179340796
37.79389618966346,41.13513513513514,,1.0,100.0,1.0,-0.0832955905709401
38.08361190769231,41.13513513513514,,1.0,100.0,1.0,-0.0836393792113785
38.37332762572115,41.13513513513514,,1.0,100.0,1.0,-0.0839815246173918
38.66304334375,41.13513513513514,,1.0,100.0,1.0,-0.0843220276693377
38.95275906177885,41.13513513513514,,1.0,100.0,1.0,-0.0846609100977382
39.24247477980769,41.13513513513514,,1.0,100.0,1.0,-0.0849982137846128
39.53219049783654,41.13513513513514,,1.0,100.0,1.0,-0.0853340000407615
39.82190621586538,41.13513513513514,,1.0,100.0,1.0,-0.0856683488591328
40.111621933894234,41.13513513513514,,1.0,100.0,1.0,-0.0860013581450426
40.40133765192307,41.13513513513514,,1.0,100.0,1.0,-0.0863331429245005
40.69105336995192,41.13513513513514,,1.0,100.0,1.0,-0.0866638345322287
40.98076908798076,41.13513513513514,,1.0,100.0,1.0,-0.0869935797817725
41.27048480600961,41.13513513513514,,1.0,100.0,1.0,-0.0873225401201499
41.56020052403846,41.13513513513514,,1.0,100.0,1.0,-0.0876508907701772
41.8499162420673,41.13513513513514,,1.0,100.0,1.0,-0.087978819863677
42.13963196009615,41.13513513513514,,1.0,100.0,1.0,-0.0883065275692757
42.429347678125,41.13513513513514,,1.0,100.0,1.0,-0.0886342252183106
42.71906339615384,41.13513513513514,,1.0,100.0,1.0,-0.088962134432874
43.00877911418269,41.13513513513514,,1.0,100.0,1.0,-0.0892904862597235
43.29849483221154,41.13513513513514,,1.0,100.0,1.0,-0.0896195203137525
43.58821055024038,41.13513513513514,,1.0,100.0,1.0,-0.0899494839348868
43.87792626826923,41.13513513513514,,1.0,100.0,1.0,-0.0902806313616603
44.16764198629807,41.13513513513514,,1.0,100.0,1.0,-0.090613222924862
44.457357704326924,41.13513513513514,,1.0,100.0,1.0,-0.09094752426411
44.74707342235577,41.13513513513514,,1.0,100.0,1.0,-0.0912838055701174
45.03678914038461,41.13513513513514,,1.0,100.0,1.0,-0.0916223408548764
45.32650485841346,41.13513513513514,,1.0,100.0,1.0,-0.0919634072518588
45.61622057644231,41.13513513513514,,1.0,100.0,1.0,-0.0923072843478157
45.905936294471154,41.13513513513514,,1.0,100.0,1.0,-0.0926542535475727
46.1956520125,41.13513513513514,,1.0,100.0,1.0,-0.0930045974727428
46.485367730528836,41.13513513513514,,1.0,100.0,1.0,-0.0933585993951732
46.775083448557695,41.13513513513514,,1.0,100.0,1.0,-0.0937165427054629
47.06479916658654,41.13513513513514,,1.0,100.0,1.0,-0.0940787104168286
47.35451488461538,41.13513513513514,,1.0,100.0,1.0,-0.094445384704214
47.644230602644235,41.13513513513514,,1.0,100.0,1.0,-0.094816846478509
47.93394632067308,41.13513513513514,,1.0,100.0,1.0,-0.0951933749954816
48.22366203870192,41.13513513513514,,1.0,100.0,1.0,-0.0955752474988926
48.51337775673076,41.13513513513514,,1.0,100.0,1.0,-0.0959627388973556
48.80309347475962,41.13513513513514,,1.0,100.0,1.0,-0.0963561214741315
49.092809192788465,41.13513513513514,,1.0,100.0,1.0,-0.0967556646292618
49.38252491081732,41.13513513513514,,1.0,100.0,1.0,-0.0971616346533793
49.67224062884614,41.13513513513514,,1.0,100.0,1.0,-0.0975742945323094
49.96195634687499,41.13513513513514,,1.0,100.0,1.0,-0.0979939037819033
50.25167206490384,41.13513513513514,,1.0,100.0,1.0,-0.098420718312389
50.54138778293269,41.13513513513514,,1.0,100.0,1.0,-0.0988549903214536
50.83110350096153,41.13513513513514,,1.0,100.0,1.0,-0.0992969682156046
51.120819218990384,41.13513513513514,,1.0,100.0,1.0,-0.0997468965589893
51.41053493701923,41.13513513513514,,1.0,100.0,1.0,-0.1002050160493348
51.70025065504807,41.13513513513514,,1.0,100.0,1.0,-0.1006715635202777
51.98996637307691,41.13513513513514,,1.0,100.0,1.0,-0.1011467719697016
52.27968209110577,41.13513513513514,,1.0,100.0,1.0,-0.1016308706135545
52.569397809134614,41.13513513513514,,1.0,100.0,1.0,-0.1021240849647224
52.859113527163466,41.13513513513514,,1.0,100.0,1.0,-0.1026266369365312
53.148829245192296,41.13513513513514,,1.0,100.0,1.0,-0.1031387449704929
53.438544963221155,41.13513513513514,,1.0,100.0,1.0,-0.1036606241878325
53.72826068124999,41.13513513513514,,1.0,100.0,1.0,-0.1041924865645405
54.01797639927885,41.13513513513514,,1.0,100.0,1.0,-0.1047345411294204
54.30769211730768,41.13513513513514,,1.0,100.0,1.0,-0.1052869941848814
54.59740783533653,41.13513513513514,,1.0,100.0,1.0,-0.1058500495500593
54.88712355336538,41.13513513513514,,1.0,100.0,1.0,-0.1064239088258793
55.176839271394236,41.13513513513514,,1.0,100.0,1.0,-0.10700877168164
55.46655498942307,41.13513513513514,,1.0,100.0,1.0,-0.10760483616282
55.75627070745192,41.13513513513514,,1.0,100.0,1.0,-0.1082122990196065
56.04598642548078,41.13513513513514,,1.0,100.0,1.0,-0.1088313560558157
56.33570214350961,41.13513513513514,,1.0,100.0,1.0,-0.1094622024976557
56.62541786153845,41.13513513513514,,1.0,100.0,1.0,-0.1101050333820788
56.9151335795673,41.13513513513514,,1.0,100.0,1.0,-0.1107600439640956
57.20484929759615,41.13513513513514,,1.0,100.0,1.0,-0.1114274301427125
57.49456501562499,41.13513513513514,,1.0,100.0,1.0,-0.1121073889049487
57.784280733653844,41.13513513513514,,1.0,100.0,1.0,-0.1128001187875717
58.07399645168269,41.13513513513514,,1.0,100.0,1.0,-0.1135058203558955
58.36371216971153,41.13513513513514,,1.0,100.0,1.0,-0.1142246966993242
58.65342788774037,41.13513513513514,,1.0,100.0,1.0,-0.1149569539430678
58.94314360576924,41.13513513513514,,1.0,100.0,1.0,-0.1157028017755898
59.23285932379808,41.13513513513514,,1.0,100.0,1.0,-0.1164624539911687
59.52257504182691,41.13513513513514,,1.0,100.0,1.0,-0.1172361290473218
59.812290759855756,41.13513513513514,,1.0,100.0,1.0,-0.1180240506363651
60.10200647788461,41.13513513513514,,1.0,100.0,1.0,-0.1188264482708266
60.39172219591345,41.13513513513514,,1.0,100.0,1.0,-0.1196435578821221
60.6814379139423,41.13513513513514,,1.0,100.0,1.0,-0.1204756224321247
60.97115363197115,41.13513513513514,,1.0,100.0,1.0,-0.1213228925371264
61.26086934999999,41.13513513513514,,1.0,100.0,1.0,-0.1221856271038257
61.55058506802884,41.13513513513514,,1.0,100.0,1.0,-0.1230640939769062
61.84030078605769,41.13513513513514,,1.0,100.0,1.0,-0.1239585705977824
62.130016504086534,41.13513513513514,,1.0,100.0,1.0,-0.1248693446742149
62.41973222211538,41.13513513513514,,1.0,100.0,1.0,-0.1257967148603836
62.70944794014423,41.13513513513514,,1.0,100.0,1.0,-0.1267409914471398
62.999163658173075,41.13513513513514,,1.0,100.0,1.0,-0.127702497062105
63.288879376201905,41.13513513513514,,1.0,100.0,1.0,-0.1286815673792978
63.578595094230764,41.13513513513514,,1.0,100.0,1.0,-0.1296785518381492
63.868310812259615,41.13513513513514,,1.0,100.0,1.0,-0.1306938143715201
64.15802653028845,41.13513513513514,,1.0,100.0,1.0,-0.1317277341426636
64.4477422483173,41.13513513513514,,1.0,100.0,1.0,-0.1327807062908664
64.73745796634616,41.13513513513514,,1.0,100.0,1.0,-0.1338531426855699
65.027173684375,41.13513513513514,,1.0,100.0,1.0,-0.1349454726890081
65.31688940240385,41.13513513513514,,1.0,100.0,1.0,-0.1360581439270497
65.60660512043269,41.13513513513514,,1.0,100.0,1.0,-0.1371916230683798
65.89632083846153,41.13513513513514,,1.0,100.0,1.0,-0.1383463966117369
66.18603655649038,41.13513513513514,,1.0,100.0,1.0,-0.1395229716814453
66.47575227451922,41.13513513513514,,1.0,100.0,1.0,-0.1407218768309966
66.76546799254808,41.13513513513514,,1.0,100.0,1.0,-0.1419436628548418
67.05518371057693,41.13513513513514,,1.0,100.0,1.0,-0.1431889036084391
67.34489942860577,41.13513513513514,,1.0,100.0,1.0,-0.1444581968365911
67.63461514663462,41.13513513513514,,1.0,100.0,1.0,-0.1457521650101483
67.92433086466346,41.13513513513514,,1.0,100.0,1.0,-0.1470714561712891
68.2140465826923,41.13513513513514,,1.0,100.0,1.0,-0.1484167447874286
68.50376230072115,41.13513513513514,,1.0,100.0,1.0,-0.1497887326139846
68.79347801875001,41.13513513513514,,1.0,100.0,1.0,-0.1511881495661307
69.08319373677885,41.13513513513514,,1.0,100.0,1.0,-0.1526157545998337
69.3729094548077,41.13513513513514,,1.0,100.0,1.0,-0.154072336602315
69.66262517283654,41.13513513513514,,1.0,100.0,1.0,-0.155558715292239
69.95234089086537,41.13513513513514,,1.0,100.0,1.0,-0.1570757421299184
70.24205660889423,41.13513513513514,,1.0,100.0,1.0,-0.1586243012377823
70.53177232692308,41.13513513513514,,1.0,100.0,1.0,-0.1602053103314799
70.82148804495192,41.13513513513514,,1.0,100.0,1.0,-0.161819721661905
71.11120376298076,41.13513513513514,,1.0,100.0,1.0,-0.1634685229685153
71.40091948100961,41.13513513513514,,1.0,100.0,1.0,-0.1651527384443598
71.69063519903845,41.13513513513514,,1.0,100.0,1.0,-0.1668734297131731
71.9803509170673,41.13513513513514,,1.0,100.0,1.0,-0.1686316968188695
72.27006663509614,41.13513513513514,,1.0,100.0,1.0,-0.1704286792281252
72.55978235312502,41.13513513513514,,1.0,100.0,1.0,-0.1722655568461452
72.84949807115386,41.13513513513514,,1.0,100.0,1.0,-0.17414355104645
73.13921378918268,41.13513513513514,,1.0,100.0,1.0,-0.1760639257148976
73.42892950721154,41.13513513513514,,1.0,100.0,1.0,-0.178027988308579
73.71864522524038,41.13513513513514,,1.0,100.0,1.0,-0.1800370909301332
74.00836094326922,41.13513513513514,,1.0,100.0,1.0,-0.1820926314179939
74.29807666129807,41.13513513513514,,1.0,100.0,1.0,-0.1841960544530965
74.58779237932691,41.13513513513514,,1.0,100.0,1.0,-0.1863488526827922
74.87750809735577,41.13513513513514,,1.0,100.0,1.0,-0.1885525678623791
75.16722381538462,41.13513513513514,,1.0,100.0,1.0,-0.1908087920150684
75.45693953341345,41.13513513513514,,1.0,100.0,1.0,-0.1931191686108943
75.7466552514423,41.13513513513514,,1.0,100.0,1.0,-0.1954853937653625
76.03637096947115,41.13513513513514,,1.0,100.0,1.0,-0.1979092174584644
76.32608668750001,41.13513513513514,,1.0,100.0,1.0,-0.2003924447748061
76.61580240552884,41.13513513513514,,1.0,100.0,1.0,-0.2029369371655792
76.9055181235577,41.13513513513514,,1.0,100.0,1.0,-0.2055446137331738
77.19523384158653,41.13513513513514,,1.0,100.0,1.0,-0.2082174525392222
77.48494955961539,41.13513513513514,,1.0,100.0,1.0,-0.2109574919368098
77.77466527764422,41.13513513513514,,1.0,100.0,1.0,-0.2137668319278451
78.06438099567308,41.13513513513514,,1.0,100.0,1.0,-0.216647635546362
78.35409671370192,41.13513513513514,,1.0,100.0,1.0,-0.2196021302686004
78.64381243173077,41.13513513513514,,1.0,100.0,1.0,-0.2226326094509338
78.93352814975961,41.13513513513514,,1.0,100.0,1.0,-0.2257414337965116
79.22324386778845,41.13513513513514,,1.0,100.0,1.0,-0.2289310328515488
79.51295958581731,41.13513513513514,,1.0,100.0,1.0,-0.2322039065323884
79.80267530384614,41.13513513513514,,1.0,100.0,1.0,-0.2355626266843145
80.09239102187499,41.13513513513514,,1.0,100.0,1.0,-0.2390098386732103
80.38210673990385,41.13513513513514,,1.0,100.0,1.0,-0.2425482630111475
80.67182245793269,41.13513513513514,,1.0,100.0,1.0,-0.2461806970170915
80.96153817596152,41.13513513513514,,1.0,100.0,1.0,-0.2499100165138557
81.25125389399038,41.13513513513514,,1.0,100.0,1.0,-0.2537391775626353
81.54096961201923,41.13513513513514,,1.0,100.0,1.0,-0.257671218236157
81.83068533004807,41.13513513513514,,1.0,100.0,1.0,-0.2617092604320046
82.12040104807691,41.13513513513514,,1.0,100.0,1.0,-0.2658565117273022
82.41011676610577,41.13513513513514,,1.0,100.0,1.0,-0.270116267276117
82.6998324841346,41.13513513513514,,1.0,100.0,1.0,-0.2744919117510889
82.98954820216345,41.13513513513514,,1.0,100.0,1.0,-0.2789869213307741
83.2792639201923,41.13513513513514,,1.0,100.0,1.0,-0.2836048657341043
83.56897963822115,41.13513513513514,,1.0,100.0,1.0,-0.2883494103035993
83.85869535625,41.13513513513514,,1.0,100.0,1.0,-0.2932243181390566
84.14841107427884,41.13513513513514,,1.0,100.0,1.0,-0.298233452283165
84.43812679230768,41.13513513513514,,1.0,100.0,1.0,-0.3033807779609095
84.72784251033653,41.13513513513514,,1.0,100.0,1.0,-0.3086703648746745
85.01755822836537,41.13513513513514,,1.0,100.0,1.0,-0.3141063895565366
85.30727394639422,41.13513513513514,,1.0,100.0,1.0,-0.319693137780054
85.59698966442308,41.13513513513514,,1.0,100.0,1.0,-0.3254350070332193
85.88670538245192,41.13513513513514,,1.0,100.0,1.0,-0.3313365090548655
86.17642110048077,41.13513513513514,,1.0,100.0,1.0,-0.3374022724362685
86.46613681850961,41.13513513513514,,1.0,100.0,1.0,-0.343637045290635
86.75585253653846,41.13513513513514,,1.0,100.0,1.0,-0.3500456979922869
87.0455682545673,41.13513513513514,,1.0,100.0,1.0,-0.3566332259879946
87.33528397259614,41.13513513513514,,1.0,100.0,1.0,-0.3634047526830543
87.624999690625,41.13513513513514,,1.0,100.0,1.0,-0.3703655324044047
1.0,43.810810810810814,,1.0,100.0,1.0,-0.2877419473044965
1.289715718028846,43.810810810810814,,1.0,100.0,1.0,-0.2813645261160527
1.5794314360576922,43.810810810810814,,1.0,100.0,1.0,-0.2751115838995873
1.8691471540865385,43.810810810810814,,1.0,100.0,1.0,-0.268981481211123
2.1588628721153844,43.810810810810814,,1.0,100.0,1.0,-0.2629726252514018
2.4485785901442307,43.810810810810814,,1.0,100.0,1.0,-0.2570834693137717
2.738294308173077,43.810810810810814,,1.0,100.0,1.0,-0.2513125120868023
3.028010026201923,43.810810810810814,,1.0,100.0,1.0,-0.2456582968186075
3.3177257442307693,43.810810810810814,,1.0,100.0,1.0,-0.2401194103500919
3.607441462259615,43.810810810810814,,1.0,100.0,1.0,-0.2346944820242982
3.897157180288461,43.810810810810814,,1.0,100.0,1.0,-0.2293821824792572
4.186872898317307,43.810810810810814,,1.0,100.0,1.0,-0.2241812223316531
4.476588616346154,43.810810810810814,,1.0,100.0,1.0,-0.2190903507588585
4.766304334375,43.810810810810814,,1.0,100.0,1.0,-0.2141083539867594
5.056020052403846,43.810810810810814,,1.0,100.0,1.0,-0.2092340536910383
5.345735770432693,43.810810810810814,,1.0,100.0,1.0,-0.2044663053194153
5.6354514884615385,43.810810810810814,,1.0,100.0,1.0,-0.1998039963425821
5.925167206490385,43.810810810810814,,1.0,100.0,1.0,-0.1952460444413261
6.21488292451923,43.810810810810814,,1.0,100.0,1.0,-0.1907913956375968
6.504598642548077,43.810810810810814,,1.0,100.0,1.0,-0.1864390223770728
6.794314360576923,43.810810810810814,,1.0,100.0,1.0,-0.1821879215708153
7.084030078605768,43.810810810810814,,1.0,100.0,1.0,-0.1780371126035894
7.373745796634614,43.810810810810814,,1.0,100.0,1.0,-0.1739856353162996
7.663461514663462,43.810810810810814,,1.0,100.0,1.0,-0.1700325479700353
7.9531772326923065,43.810810810810814,,1.0,100.0,1.0,-0.1661769251989919
8.242892950721153,43.810810810810814,,1.0,100.0,1.0,-0.1624178559595696
8.53260866875,43.810810810810814,,1.0,100.0,1.0,-0.158754441482768
8.822324386778845,43.810810810810814,,1.0,100.0,1.0,-0.1551857932368785
9.112040104807692,43.810810810810814,,1.0,100.0,1.0,-0.1517110309073864
9.401755822836538,43.810810810810814,,1.0,100.0,1.0,-0.1483292804007495
9.691471540865384,43.810810810810814,,1.0,100.0,1.0,-0.1450396718786636
9.98118725889423,43.810810810810814,,1.0,100.0,1.0,-0.1418413378291735
10.270902976923075,43.810810810810814,,1.0,100.0,1.0,-0.1387334111807885
10.560618694951922,43.810810810810814,,1.0,100.0,1.0,-0.1357150234656367
10.850334412980768,43.810810810810814,,1.0,100.0,1.0,-0.1327853030373773
11.140050131009614,43.810810810810814,,1.0,100.0,1.0,-0.1299433733494492
11.42976584903846,43.810810810810814,,1.0,100.0,1.0,-0.1271883512989087
11.719481567067307,43.810810810810814,,1.0,100.0,1.0,-0.1245193456409197
12.009197285096153,43.810810810810814,,1.0,100.0,1.0,-0.1219354554787016
12.298913003125,43.810810810810814,,1.0,100.0,1.0,-0.1194357688334035
12.588628721153844,43.810810810810814,,1.0,100.0,1.0,-0.1170193612981606
12.87834443918269,43.810810810810814,,1.0,100.0,1.0,-0.1146852947803007
13.168060157211537,43.810810810810814,,1.0,100.0,1.0,-0.1124326163352481
13.457775875240383,43.810810810810814,,1.0,100.0,1.0,-0.1102603570955915
13.747491593269228,43.810810810810814,,1.0,100.0,1.0,-0.1081675312982225
14.037207311298074,43.810810810810814,,1.0,100.0,1.0,-0.1061531354123395
14.32692302932692,43.810810810810814,,1.0,100.0,1.0,-0.104216147370611
14.616638747355767,43.810810810810814,,1.0,100.0,1.0,-0.102355525905632
14.906354465384615,43.810810810810814,,1.0,100.0,1.0,-0.100570209993339
15.196070183413461,43.810810810810814,,1.0,100.0,1.0,-0.0988591184047453
15.485785901442307,43.810810810810814,,1.0,100.0,1.0,-0.0972211493670607
15.775501619471152,43.810810810810814,,1.0,100.0,1.0,-0.0956551803348919
16.0652173375,43.810810810810814,,1.0,100.0,1.0,-0.0941600678717881
16.354933055528846,43.810810810810814,,1.0,100.0,1.0,-0.0927346476421945
16.64464877355769,43.810810810810814,,1.0,100.0,1.0,-0.0913777345134195
16.93436449158654,43.810810810810814,,1.0,100.0,1.0,-0.090088122766849
17.224080209615384,43.810810810810814,,1.0,100.0,1.0,-0.0888645864173797
17.51379592764423,43.810810810810814,,1.0,100.0,1.0,-0.0877058796396219
17.803511645673076,43.810810810810814,,1.0,100.0,1.0,-0.0866107372990407
18.093227363701924,43.810810810810814,,1.0,100.0,1.0,-0.0855778755859374
18.38294308173077,43.810810810810814,,1.0,100.0,1.0,-0.0846059927497185
18.672658799759613,43.810810810810814,,1.0,100.0,1.0,-0.083693769930608
18.96237451778846,43.810810810810814,,1.0,100.0,1.0,-0.0828398720855915
19.252090235817306,43.810810810810814,,1.0,100.0,1.0,-0.0820429490049819
19.541805953846154,43.810810810810814,,1.0,100.0,1.0,-0.0813016364158178
19.831521671875,43.810810810810814,,1.0,100.0,1.0,-0.0806145571676372
20.121237389903843,43.810810810810814,,1.0,100.0,1.0,-0.0799803224962582
20.41095310793269,43.810810810810814,,1.0,100.0,1.0,-0.0793975333604975
20.700668825961536,43.810810810810814,,1.0,100.0,1.0,-0.0788647818466532
20.99038454399038,43.810810810810814,,1.0,100.0,1.0,-0.078380652635226
21.28010026201923,43.810810810810814,,1.0,100.0,1.0,-0.0779437245240005
21.569815980048077,43.810810810810814,,1.0,100.0,1.0,-0.0775525720014155
21.85953169807692,43.810810810810814,,1.0,100.0,1.0,-0.077205766863832
22.14924741610577,43.810810810810814,,1.0,100.0,1.0,-0.0769018798701172
22.438963134134614,43.810810810810814,,1.0,100.0,1.0,-0.0766394824266828
22.728678852163462,43.810810810810814,,1.0,100.0,1.0,-0.0764171482959914
23.018394570192307,43.810810810810814,,1.0,100.0,1.0,-0.0762334553213792
23.308110288221158,43.810810810810814,,1.0,100.0,1.0,-0.0760869871608868
23.59782600625,43.810810810810814,,1.0,100.0,1.0,-0.0759763350227227
23.88754172427884,43.810810810810814,,1.0,100.0,1.0,-0.0759000993949805
24.17725744230769,43.810810810810814,,1.0,100.0,1.0,-0.0758568917621351
24.46697316033654,43.810810810810814,,1.0,100.0,1.0,-0.0758453363010528
24.75668887836538,43.810810810810814,,1.0,100.0,1.0,-0.0758640715491013
25.046404596394233,43.810810810810814,,1.0,100.0,1.0,-0.0759117520374194
25.336120314423074,43.810810810810814,,1.0,100.0,1.0,-0.0759870498822834
25.62583603245192,43.810810810810814,,1.0,100.0,1.0,-0.0760886563280288
25.915551750480766,43.810810810810814,,1.0,100.0,1.0,-0.076215283235148
26.205267468509614,43.810810810810814,,1.0,100.0,1.0,-0.0763656645076262
26.494983186538455,43.810810810810814,,1.0,100.0,1.0,-0.0765385574540167
26.78469890456731,43.810810810810814,,1.0,100.0,1.0,-0.0767327440771541
27.074414622596148,43.810810810810814,,1.0,100.0,1.0,-0.0769470322880803
27.364130340624996,43.810810810810814,,1.0,100.0,1.0,-0.0771802570402149
27.65384605865384,43.810810810810814,,1.0,100.0,1.0,-0.0774312813804454
27.94356177668269,43.810810810810814,,1.0,100.0,1.0,-0.0776989974145279
28.233277494711533,43.810810810810814,,1.0,100.0,1.0,-0.0779823271847883
28.52299321274039,43.810810810810814,,1.0,100.0,1.0,-0.0782802234588722
28.812708930769226,43.810810810810814,,1.0,100.0,1.0,-0.078591670428939
29.102424648798074,43.810810810810814,,1.0,100.0,1.0,-0.0789156843214703
29.392140366826922,43.810810810810814,,1.0,100.0,1.0,-0.0792513139184738
29.681856084855767,43.810810810810814,,1.0,100.0,1.0,-0.0795976409916254
29.97157180288462,43.810810810810814,,1.0,100.0,1.0,-0.0799537806514095
30.261287520913456,43.810810810810814,,1.0,100.0,1.0,-0.0803188816140515
30.551003238942304,43.810810810810814,,1.0,100.0,1.0,-0.0806921263893979
30.84071895697115,43.810810810810814,,1.0,100.0,1.0,-0.0810727313936265
31.130434674999997,43.810810810810814,,1.0,100.0,1.0,-0.0814599469906631
31.420150393028845,43.810810810810814,,1.0,100.0,1.0,-0.0818530574670366
31.709866111057696,43.810810810810814,,1.0,100.0,1.0,-0.0822513809446059
31.999581829086537,43.810810810810814,,1.0,100.0,1.0,-0.0826542692361143
32.28929754711538,43.810810810810814,,1.0,100.0,1.0,-0.0830611076484035
32.579013265144226,43.810810810810814,,1.0,100.0,1.0,-0.0834713147381189
32.86872898317308,43.810810810810814,,1.0,100.0,1.0,-0.0838843420246407
33.15844470120192,43.810810810810814,,1.0,100.0,1.0,-0.0842996736647557
33.44816041923077,43.810810810810814,,1.0,100.0,1.0,-0.0847168260932379
33.73787613725961,43.810810810810814,,1.0,100.0,1.0,-0.0851353476333038
34.02759185528846,43.810810810810814,,1.0,100.0,1.0,-0.0855548180803577
34.31730757331731,43.810810810810814,,1.0,100.0,1.0,-0.0859748482620433
34.60702329134615,43.810810810810814,,1.0,100.0,1.0,-0.0863950795772227
34.896739009375,43.810810810810814,,1.0,100.0,1.0,-0.0868151835157892
35.18645472740385,43.810810810810814,,1.0,100.0,1.0,-0.0872348611610532
35.476170445432686,43.810810810810814,,1.0,100.0,1.0,-0.087653842675601
35.76588616346154,43.810810810810814,,1.0,100.0,1.0,-0.0880718867713733
36.05560188149038,43.810810810810814,,1.0,100.0,1.0,-0.0884887801640378
36.34531759951923,43.810810810810814,,1.0,100.0,1.0,-0.0889043370116416
36.63503331754807,43.810810810810814,,1.0,100.0,1.0,-0.0893183983369433
36.92474903557693,43.810810810810814,,1.0,100.0,1.0,-0.0897308314328212
37.21446475360577,43.810810810810814,,1.0,100.0,1.0,-0.0901415292499305
37.50418047163461,43.810810810810814,,1.0,100.0,1.0,-0.0905504097655509
37.79389618966346,43.810810810810814,,1.0,100.0,1.0,-0.090957415332958
38.08361190769231,43.810810810810814,,1.0,100.0,1.0,-0.0913625120102459
38.37332762572115,43.810810810810814,,1.0,100.0,1.0,-0.0917656888681079
38.66304334375,43.810810810810814,,1.0,100.0,1.0,-0.0921669572760521
38.95275906177885,43.810810810810814,,1.0,100.0,1.0,-0.0925663501668961
39.24247477980769,43.810810810810814,,1.0,100.0,1.0,-0.0929639212797009
39.53219049783654,43.810810810810814,,1.0,100.0,1.0,-0.0933597443817081
39.82190621586538,43.810810810810814,,1.0,100.0,1.0,-0.0937539124700921
40.111621933894234,43.810810810810814,,1.0,100.0,1.0,-0.0941465369549158
40.40133765192307,43.810810810810814,,1.0,100.0,1.0,-0.0945377468248936
40.69105336995192,43.810810810810814,,1.0,100.0,1.0,-0.0949276877980307
40.98076908798076,43.810810810810814,,1.0,100.0,1.0,-0.0953165214595482
41.27048480600961,43.810810810810814,,1.0,100.0,1.0,-0.0957044243897374
41.56020052403846,43.810810810810814,,1.0,100.0,1.0,-0.0960915872846779
41.8499162420673,43.810810810810814,,1.0,100.0,1.0,-0.0964782140730176
42.13963196009615,43.810810810810814,,1.0,100.0,1.0,-0.0968645210320616
42.429347678125,43.810810810810814,,1.0,100.0,1.0,-0.0972507359064589
42.71906339615384,43.810810810810814,,1.0,100.0,1.0,-0.0976370970330571
43.00877911418269,43.810810810810814,,1.0,100.0,1.0,-0.0980238524751319
43.29849483221154,43.810810810810814,,1.0,100.0,1.0,-0.0984112591692524
43.58821055024038,43.810810810810814,,1.0,100.0,1.0,-0.0987995820880554
43.87792626826923,43.810810810810814,,1.0,100.0,1.0,-0.0991890934216993
44.16764198629807,43.810810810810814,,1.0,100.0,1.0,-0.0995800717808247
44.457357704326924,43.810810810810814,,1.0,100.0,1.0,-0.0999728014234301
44.74707342235577,43.810810810810814,,1.0,100.0,1.0,-0.1003675715079853
45.03678914038461,43.810810810810814,,1.0,100.0,1.0,-0.1007646753745188
45.32650485841346,43.810810810810814,,1.0,100.0,1.0,-0.1011644098554809
45.61622057644231,43.810810810810814,,1.0,100.0,1.0,-0.1015670746176359
45.905936294471154,43.810810810810814,,1.0,100.0,1.0,-0.1019729715361161
46.1956520125,43.810810810810814,,1.0,100.0,1.0,-0.1023824041013832
46.485367730528836,43.810810810810814,,1.0,100.0,1.0,-0.1027956768597264
46.775083448557695,43.810810810810814,,1.0,100.0,1.0,-0.1032130948875924
47.06479916658654,43.810810810810814,,1.0,100.0,1.0,-0.1036349632999134
47.35451488461538,43.810810810810814,,1.0,100.0,1.0,-0.1040615867924031
47.644230602644235,43.810810810810814,,1.0,100.0,1.0,-0.10449326921763
47.93394632067308,43.810810810810814,,1.0,100.0,1.0,-0.1049303131946154
48.22366203870192,43.810810810810814,,1.0,100.0,1.0,-0.1053730197514875
48.51337775673076,43.810810810810814,,1.0,100.0,1.0,-0.1058216880007769
48.80309347475962,43.810810810810814,,1.0,100.0,1.0,-0.1062766148468443
49.092809192788465,43.810810810810814,,1.0,100.0,1.0,-0.1067380947247942
49.38252491081732,43.810810810810814,,1.0,100.0,1.0,-0.1072064193704683
49.67224062884614,43.810810810810814,,1.0,100.0,1.0,-0.1076818776206753
49.96195634687499,43.810810810810814,,1.0,100.0,1.0,-0.1081647552433634
50.25167206490384,43.810810810810814,,1.0,100.0,1.0,-0.1086553347969568
50.54138778293269,43.810810810810814,,1.0,100.0,1.0,-0.1091538955183835
50.83110350096153,43.810810810810814,,1.0,100.0,1.0,-0.1096607132392822
51.120819218990384,43.810810810810814,,1.0,100.0,1.0,-0.1101760603298184
51.41053493701923,43.810810810810814,,1.0,100.0,1.0,-0.1107002056696868
51.70025065504807,43.810810810810814,,1.0,100.0,1.0,-0.1112334146458162
51.98996637307691,43.810810810810814,,1.0,100.0,1.0,-0.1117759491763056
52.27968209110577,43.810810810810814,,1.0,100.0,1.0,-0.1123280677602223
52.569397809134614,43.810810810810814,,1.0,100.0,1.0,-0.1128900255527911
52.859113527163466,43.810810810810814,,1.0,100.0,1.0,-0.1134620744656383
53.148829245192296,43.810810810810814,,1.0,100.0,1.0,-0.114044463291691
53.438544963221155,43.810810810810814,,1.0,100.0,1.0,-0.1146374378542549
53.72826068124999,43.810810810810814,,1.0,100.0,1.0,-0.1152412411800974
54.01797639927885,43.810810810810814,,1.0,100.0,1.0,-0.1158561136958806
54.30769211730768,43.810810810810814,,1.0,100.0,1.0,-0.1164822934478183
54.59740783533653,43.810810810810814,,1.0,100.0,1.0,-0.1171200163440043
54.88712355336538,43.810810810810814,,1.0,100.0,1.0,-0.1177695164190881
55.176839271394236,43.810810810810814,,1.0,100.0,1.0,-0.1184310261207985
55.46655498942307,43.810810810810814,,1.0,100.0,1.0,-0.1191047766180848
55.75627070745192,43.810810810810814,,1.0,100.0,1.0,-0.1197909981301902
56.04598642548078,43.810810810810814,,1.0,100.0,1.0,-0.1204899202765159
56.33570214350961,43.810810810810814,,1.0,100.0,1.0,-0.1212017724465162
56.62541786153845,43.810810810810814,,1.0,100.0,1.0,-0.1219267841894583
56.9151335795673,43.810810810810814,,1.0,100.0,1.0,-0.1226651856233359
57.20484929759615,43.810810810810814,,1.0,100.0,1.0,-0.1234172078626383
57.49456501562499,43.810810810810814,,1.0,100.0,1.0,-0.1241830834643796
57.784280733653844,43.810810810810814,,1.0,100.0,1.0,-0.124963046891988
58.07399645168269,43.810810810810814,,1.0,100.0,1.0,-0.1257573349964557
58.36371216971153,43.810810810810814,,1.0,100.0,1.0,-0.126566187514357
58.65342788774037,43.810810810810814,,1.0,100.0,1.0,-0.1273898475821888
58.94314360576924,43.810810810810814,,1.0,100.0,1.0,-0.128228562266532
59.23285932379808,43.810810810810814,,1.0,100.0,1.0,-0.1290825831095657
59.52257504182691,43.810810810810814,,1.0,100.0,1.0,-0.1299521666894493
59.812290759855756,43.810810810810814,,1.0,100.0,1.0,-0.130837575195067
60.10200647788461,43.810810810810814,,1.0,100.0,1.0,-0.1317390770147155
60.39172219591345,43.810810810810814,,1.0,100.0,1.0,-0.1326569473382131
60.6814379139423,43.810810810810814,,1.0,100.0,1.0,-0.1335914687720629
60.97115363197115,43.810810810810814,,1.0,100.0,1.0,-0.1345429319671143
61.26086934999999,43.810810810810814,,1.0,100.0,1.0,-0.1355116362585198
61.55058506802884,43.810810810810814,,1.0,100.0,1.0,-0.1364978903173207
61.84030078605769,43.810810810810814,,1.0,100.0,1.0,-0.1375020128135528
62.130016504086534,43.810810810810814,,1.0,100.0,1.0,-0.138524333090283
62.41973222211538,43.810810810810814,,1.0,100.0,1.0,-0.1395651918484101
62.70944794014423,43.810810810810814,,1.0,100.0,1.0,-0.1406249418418289
62.999163658173075,43.810810810810814,,1.0,100.0,1.0,-0.1417039485826884
63.288879376201905,43.810810810810814,,1.0,100.0,1.0,-0.1428025910564754
63.578595094230764,43.810810810810814,,1.0,100.0,1.0,-0.1439212624466641
63.868310812259615,43.810810810810814,,1.0,100.0,1.0,-0.1450603708687697
64.15802653028845,43.810810810810814,,1.0,100.0,1.0,-0.146220340113516
64.4477422483173,43.810810810810814,,1.0,100.0,1.0,-0.147401610399053
64.73745796634616,43.810810810810814,,1.0,100.0,1.0,-0.148604639131985
65.027173684375,43.810810810810814,,1.0,100.0,1.0,-0.1498299016771683
65.31688940240385,43.810810810810814,,1.0,100.0,1.0,-0.1510778921361542
65.60660512043269,43.810810810810814,,1.0,100.0,1.0,-0.1523491241341574
65.89632083846153,43.810810810810814,,1.0,100.0,1.0,-0.1536441316156109
66.18603655649038,43.810810810810814,,1.0,100.0,1.0,-0.1549634696482297
66.47575227451922,43.810810810810814,,1.0,100.0,1.0,-0.1563077152355769
66.76546799254808,43.810810810810814,,1.0,100.0,1.0,-0.1576774681381489
67.05518371057693,43.810810810810814,,1.0,100.0,1.0,-0.1590733517031476
67.34489942860577,43.810810810810814,,1.0,100.0,1.0,-0.1604960137028797
67.63461514663462,43.810810810810814,,1.0,100.0,1.0,-0.1619461271819234
67.92433086466346,43.810810810810814,,1.0,100.0,1.0,-0.1634243913132534
68.2140465826923,43.810810810810814,,1.0,100.0,1.0,-0.1649315322634126
68.50376230072115,43.810810810810814,,1.0,100.0,1.0,-0.1664683040668608
68.79347801875001,43.810810810810814,,1.0,100.0,1.0,-0.168035489509799
69.08319373677885,43.810810810810814,,1.0,100.0,1.0,-0.1696339010235702
69.3729094548077,43.810810810810814,,1.0,100.0,1.0,-0.1712643815879749
69.66262517283654,43.810810810810814,,1.0,100.0,1.0,-0.1729278056446369
69.95234089086537,43.810810810810814,,1.0,100.0,1.0,-0.1746250800208371
70.24205660889423,43.810810810810814,,1.0,100.0,1.0,-0.1763571448639406
70.53177232692308,43.810810810810814,,1.0,100.0,1.0,-0.1781249745869231
70.82148804495192,43.810810810810814,,1.0,100.0,1.0,-0.1799295788251557
71.11120376298076,43.810810810810814,,1.0,100.0,1.0,-0.1817720034048894
71.40091948100961,43.810810810810814,,1.0,100.0,1.0,-0.1836533313238911
71.69063519903845,43.810810810810814,,1.0,100.0,1.0,-0.1855746837444436
71.9803509170673,43.810810810810814,,1.0,100.0,1.0,-0.1875372209992213
72.27006663509614,43.810810810810814,,1.0,100.0,1.0,-0.1895421436105716
72.55978235312502,43.810810810810814,,1.0,100.0,1.0,-0.1915906933234417
72.84949807115386,43.810810810810814,,1.0,100.0,1.0,-0.1936841541526143
73.13921378918268,43.810810810810814,,1.0,100.0,1.0,-0.1958238534446513
73.42892950721154,43.810810810810814,,1.0,100.0,1.0,-0.198011162955036
73.71864522524038,43.810810810810814,,1.0,100.0,1.0,-0.2002474999411436
74.00836094326922,43.810810810810814,,1.0,100.0,1.0,-0.2025343282715067
74.29807666129807,43.810810810810814,,1.0,100.0,1.0,-0.2048731595519275
74.58779237932691,43.810810810810814,,1.0,100.0,1.0,-0.2072655542691451
74.87750809735577,43.810810810810814,,1.0,100.0,1.0,-0.2097131229525616
75.16722381538462,43.810810810810814,,1.0,100.0,1.0,-0.212217527354661
75.45693953341345,43.810810810810814,,1.0,100.0,1.0,-0.2147804816509001
75.7466552514423,43.810810810810814,,1.0,100.0,1.0,-0.2174037536595477
76.03637096947115,43.810810810810814,,1.0,100.0,1.0,-0.2200891660823674
76.32608668750001,43.810810810810814,,1.0,100.0,1.0,-0.2228385977667319
76.61580240552884,43.810810810810814,,1.0,100.0,1.0,-0.2256539849899879
76.9055181235577,43.810810810810814,,1.0,100.0,1.0,-0.2285373227667917
77.19523384158653,43.810810810810814,,1.0,100.0,1.0,-0.2314906661802209
77.48494955961539,43.810810810810814,,1.0,100.0,1.0,-0.2345161317375184
77.77466527764422,43.810810810810814,,1.0,100.0,1.0,-0.2376158987512194
78.06438099567308,43.810810810810814,,1.0,100.0,1.0,-0.2407922107466646
78.35409671370192,43.810810810810814,,1.0,100.0,1.0,-0.2440473768966838
78.64381243173077,43.810810810810814,,1.0,100.0,1.0,-0.2473837734843396
78.93352814975961,43.810810810810814,,1.0,100.0,1.0,-0.2508038453948786
79.22324386778845,43.810810810810814,,1.0,100.0,1.0,-0.254310107637691
79.51295958581731,43.810810810810814,,1.0,100.0,1.0,-0.2579051468992765
79.80267530384614,43.810810810810814,,1.0,100.0,1.0,-0.2615916231284063
80.09239102187499,43.810810810810814,,1.0,100.0,1.0,-0.2653722711545321
80.38210673990385,43.810810810810814,,1.0,100.0,1.0,-0.2692499023403051
80.67182245793269,43.810810810810814,,1.0,100.0,1.0,-0.2732274062697469
80.96153817596152,43.810810810810814,,1.0,100.0,1.0,-0.2773077524728927
81.25125389399038,43.810810810810814,,1.0,100.0,1.0,-0.2814939921883743
81.54096961201923,43.810810810810814,,1.0,100.0,1.0,-0.2857892601650371
81.83068533004807,43.810810810810814,,1.0,100.0,1.0,-0.290196776503981
82.12040104807691,43.810810810810814,,1.0,100.0,1.0,-0.294719848542277
82.41011676610577,43.810810810810814,,1.0,100.0,1.0,-0.299361872779819
82.6998324841346,43.810810810810814,,1.0,100.0,1.0,-0.3041263368507063
82.98954820216345,43.810810810810814,,1.0,100.0,1.0,-0.3090168215405589
83.2792639201923,43.810810810810814,,1.0,100.0,1.0,-0.3140370028513687
83.56897963822115,43.810810810810814,,1.0,100.0,1.0,-0.3191906541153769
83.85869535625,43.810810810810814,,1.0,100.0,1.0,-0.3244816481597364
84.14841107427884,43.810810810810814,,1.0,100.0,1.0,-0.3299139595233221
84.43812679230768,43.810810810810814,,1.0,100.0,1.0,-0.3354916667277318
84.72784251033653,43.810810810810814,,1.0,100.0,1.0,-0.341218954604122
85.01755822836537,43.810810810810814,,1.0,100.0,1.0,-0.347100116677621
85.30727394639422,43.810810810810814,,1.0,100.0,1.0,-0.3531395576114363
85.59698966442308,43.810810810810814,,1.0,100.0,1.0,-0.359341795712304
85.88670538245192,43.810810810810814,,1.0,100.0,1.0,-0.3657114654997044
86.17642110048077,43.810810810810814,,1.0,100.0,1.0,-0.372253320340507
86.46613681850961,43.810810810810814,,1.0,100.0,1.0,-0.3789722351515637
86.75585253653846,43.810810810810814,,1.0,100.0,1.0,-0.3858732091722643
87.0455682545673,43.810810810810814,,1.0,100.0,1.0,-0.3929613688094633
87.33528397259614,43.810810810810814,,1.0,100.0,1.0,-0.4002419705571349
87.624999690625,43.810810810810814,,1.0,100.0,1.0,-0.4077204039932721
1.0,46.486486486486484,,1.0,100.0,1.0,-0.2906882407107141
1.289715718028846,46.486486486486484,,1.0,100.0,1.0,-0.2842929568963315
1.5794314360576922,46.486486486486484,,1.0,100.0,1.0,-0.2780229022805304
1.8691471540865385,46.486486486486484,,1.0,100.0,1.0,-0.2718765290279338
2.1588628721153844,46.486486486486484,,1.0,100.0,1.0,-0.2658523298375333
2.4485785901442307,46.486486486486484,,1.0,100.0,1.0,-0.2599488375157831
2.738294308173077,46.486486486486484,,1.0,100.0,1.0,-0.2541646244092959
3.028010026201923,46.486486486486484,,1.0,100.0,1.0,-0.2484983017038687
3.3177257442307693,46.486486486486484,,1.0,100.0,1.0,-0.2429485185970182
3.607441462259615,46.486486486486484,,1.0,100.0,1.0,-0.2375139613508536
3.897157180288461,46.486486486486484,,1.0,100.0,1.0,-0.2321933522325829
4.186872898317307,46.486486486486484,,1.0,100.0,1.0,-0.2269854483496552
4.476588616346154,46.486486486486484,,1.0,100.0,1.0,-0.2218890403868539
4.766304334375,46.486486486486484,,1.0,100.0,1.0,-0.2169029512525191
5.056020052403846,46.486486486486484,,1.0,100.0,1.0,-0.2120260346411847
5.345735770432693,46.486486486486484,,1.0,100.0,1.0,-0.2072571735199257
5.6354514884615385,46.486486486486484,,1.0,100.0,1.0,-0.2025952785457081
5.925167206490385,46.486486486486484,,1.0,100.0,1.0,-0.1980392864210342
6.21488292451923,46.486486486486484,,1.0,100.0,1.0,-0.193588158195177
6.504598642548077,46.486486486486484,,1.0,100.0,1.0,-0.1892408775182478
6.794314360576923,46.486486486486484,,1.0,100.0,1.0,-0.1849964488553706
7.084030078605768,46.486486486486484,,1.0,100.0,1.0,-0.180853895668063
7.373745796634614,46.486486486486484,,1.0,100.0,1.0,-0.1768122585700477
7.663461514663462,46.486486486486484,,1.0,100.0,1.0,-0.1728705934644661
7.9531772326923065,46.486486486486484,,1.0,100.0,1.0,-0.1690279696695122
8.242892950721153,46.486486486486484,,1.0,100.0,1.0,-0.1652834680393715
8.53260866875,46.486486486486484,,1.0,100.0,1.0,-0.1616361790871679
8.822324386778845,46.486486486486484,,1.0,100.0,1.0,-0.1580852011166934
9.112040104807692,46.486486486486484,,1.0,100.0,1.0,-0.1546296383692942
9.401755822836538,46.486486486486484,,1.0,100.0,1.0,-0.1512685991924622
9.691471540865384,46.486486486486484,,1.0,100.0,1.0,-0.1480011942361723
9.98118725889423,46.486486486486484,,1.0,100.0,1.0,-0.1448265346831724
10.270902976923075,46.486486486486484,,1.0,100.0,1.0,-0.1417437305190406
10.560618694951922,46.486486486486484,,1.0,100.0,1.0,-0.1387518888476755
10.850334412980768,46.486486486486484,,1.0,100.0,1.0,-0.1358501122577496
11.140050131009614,46.486486486486484,,1.0,100.0,1.0,-0.1330374972453819
11.42976584903846,46.486486486486484,,1.0,100.0,1.0,-0.1303131326980827
11.719481567067307,46.486486486486484,,1.0,100.0,1.0,-0.1276760984447539
12.009197285096153,46.486486486486484,,1.0,100.0,1.0,-0.1251254638763911
12.298913003125,46.486486486486484,,1.0,100.0,1.0,-0.1226602866417376
12.588628721153844,46.486486486486484,,1.0,100.0,1.0,-0.1202796114219588
12.87834443918269,46.486486486486484,,1.0,100.0,1.0,-0.1179824687881865
13.168060157211537,46.486486486486484,,1.0,100.0,1.0,-0.1157678741453726
13.457775875240383,46.486486486486484,,1.0,100.0,1.0,-0.1136348267656889
13.747491593269228,46.486486486486484,,1.0,100.0,1.0,-0.1115823089144339
14.037207311298074,46.486486486486484,,1.0,100.0,1.0,-0.1096092850710685
14.32692302932692,46.486486486486484,,1.0,100.0,1.0,-0.1077147012476574
14.616638747355767,46.486486486486484,,1.0,100.0,1.0,-0.1058974844067909
14.906354465384615,46.486486486486484,,1.0,100.0,1.0,-0.1041565419806505
15.196070183413461,46.486486486486484,,1.0,100.0,1.0,-0.102490761492556
15.485785901442307,46.486486486486484,,1.0,100.0,1.0,-0.1008990102820974
15.775501619471152,46.486486486486484,,1.0,100.0,1.0,-0.0993801353345372
16.0652173375,46.486486486486484,,1.0,100.0,1.0,-0.0979329632148109
16.354933055528846,46.486486486486484,,1.0,100.0,1.0,-0.0965563001062479
16.64464877355769,46.486486486486484,,1.0,100.0,1.0,-0.0952489319536377
16.93436449158654,46.486486486486484,,1.0,100.0,1.0,-0.0940096247100494
17.224080209615384,46.486486486486484,,1.0,100.0,1.0,-0.0928371246863384
17.51379592764423,46.486486486486484,,1.0,100.0,1.0,-0.0917301590021231
17.803511645673076,46.486486486486484,,1.0,100.0,1.0,-0.090687436136389
18.093227363701924,46.486486486486484,,1.0,100.0,1.0,-0.089707646575852
18.38294308173077,46.486486486486484,,1.0,100.0,1.0,-0.0887894635585959
18.672658799759613,46.486486486486484,,1.0,100.0,1.0,-0.0879315439102987
18.96237451778846,46.486486486486484,,1.0,100.0,1.0,-0.0871325289700112
19.252090235817306,46.486486486486484,,1.0,100.0,1.0,-0.0863910456020486
19.541805953846154,46.486486486486484,,1.0,100.0,1.0,-0.0857057072903113
19.831521671875,46.486486486486484,,1.0,100.0,1.0,-0.0850751153109344
20.121237389903843,46.486486486486484,,1.0,100.0,1.0,-0.0844978599789242
20.41095310793269,46.486486486486484,,1.0,100.0,1.0,-0.0839725219640742
20.700668825961536,46.486486486486484,,1.0,100.0,1.0,-0.0834976736711821
20.99038454399038,46.486486486486484,,1.0,100.0,1.0,-0.083071880679281
21.28010026201923,46.486486486486484,,1.0,100.0,1.0,-0.082693703234373
21.569815980048077,46.486486486486484,,1.0,100.0,1.0,-0.0823616977897881
21.85953169807692,46.486486486486484,,1.0,100.0,1.0,-0.0820744185882199
22.14924741610577,46.486486486486484,,1.0,100.0,1.0,-0.0818304192790855
22.438963134134614,46.486486486486484,,1.0,100.0,1.0,-0.0816282545648673
22.728678852163462,46.486486486486484,,1.0,100.0,1.0,-0.0814664818697029
23.018394570192307,46.486486486486484,,1.0,100.0,1.0,-0.0813436630235816
23.308110288221158,46.486486486486484,,1.0,100.0,1.0,-0.0812583659552692
23.59782600625,46.486486486486484,,1.0,100.0,1.0,-0.0812091663870071
23.88754172427884,46.486486486486484,,1.0,100.0,1.0,-0.0811946495241368
24.17725744230769,46.486486486486484,,1.0,100.0,1.0,-0.0812134117326435
24.46697316033654,46.486486486486484,,1.0,100.0,1.0,-0.0812640621978195
24.75668887836538,46.486486486486484,,1.0,100.0,1.0,-0.0813452245572226
25.046404596394233,46.486486486486484,,1.0,100.0,1.0,-0.081455538501441
25.336120314423074,46.486486486486484,,1.0,100.0,1.0,-0.0815936613361187
25.62583603245192,46.486486486486484,,1.0,100.0,1.0,-0.0817582694991554
25.915551750480766,46.486486486486484,,1.0,100.0,1.0,-0.08194806002725
26.205267468509614,46.486486486486484,,1.0,100.0,1.0,-0.0821617519661911
26.494983186538455,46.486486486486484,,1.0,100.0,1.0,-0.0823980877198473
26.78469890456731,46.486486486486484,,1.0,100.0,1.0,-0.082655834333128
27.074414622596148,46.486486486486484,,1.0,100.0,1.0,-0.0829337847047267
27.364130340624996,46.486486486486484,,1.0,100.0,1.0,-0.0832307587259379
27.65384605865384,46.486486486486484,,1.0,100.0,1.0,-0.0835456043424403
27.94356177668269,46.486486486486484,,1.0,100.0,1.0,-0.0838771985364255
28.233277494711533,46.486486486486484,,1.0,100.0,1.0,-0.0842244482270977
28.52299321274039,46.486486486486484,,1.0,100.0,1.0,-0.0845862910882504
28.812708930769226,46.486486486486484,,1.0,100.0,1.0,-0.0849616962820645
29.102424648798074,46.486486486486484,,1.0,100.0,1.0,-0.0853496651090265
29.392140366826922,46.486486486486484,,1.0,100.0,1.0,-0.0857492315743836
29.681856084855767,46.486486486486484,,1.0,100.0,1.0,-0.0861594628721955
29.97157180288462,46.486486486486484,,1.0,100.0,1.0,-0.0865794597884977
30.261287520913456,46.486486486486484,,1.0,100.0,1.0,-0.087008357025667
30.551003238942304,46.486486486486484,,1.0,100.0,1.0,-0.0874453234505254
30.84071895697115,46.486486486486484,,1.0,100.0,1.0,-0.0878895622690857
31.130434674999997,46.486486486486484,,1.0,100.0,1.0,-0.0883403111312457
31.420150393028845,46.486486486486484,,1.0,100.0,1.0,-0.0887968421689998
31.709866111057696,46.486486486486484,,1.0,100.0,1.0,-0.08925846197185
31.999581829086537,46.486486486486484,,1.0,100.0,1.0,-0.0897245115034784
32.28929754711538,46.486486486486484,,1.0,100.0,1.0,-0.0901943659635167
32.579013265144226,46.486486486486484,,1.0,100.0,1.0,-0.0906674345984364
32.86872898317308,46.486486486486484,,1.0,100.0,1.0,-0.0911431604654601
33.15844470120192,46.486486486486484,,1.0,100.0,1.0,-0.0916210201532626
33.44816041923077,46.486486486486484,,1.0,100.0,1.0,-0.0921005234629438
33.73787613725961,46.486486486486484,,1.0,100.0,1.0,-0.0925812130526756
34.02759185528846,46.486486486486484,,1.0,100.0,1.0,-0.0930626640489615
34.31730757331731,46.486486486486484,,1.0,100.0,1.0,-0.0935444836272225
34.60702329134615,46.486486486486484,,1.0,100.0,1.0,-0.0940263105640273
34.896739009375,46.486486486486484,,1.0,100.0,1.0,-0.0945078147630024
35.18645472740385,46.486486486486484,,1.0,100.0,1.0,-0.0949886967559248
35.476170445432686,46.486486486486484,,1.0,100.0,1.0,-0.0954686871803531
35.76588616346154,46.486486486486484,,1.0,100.0,1.0,-0.0959475462347708
36.05560188149038,46.486486486486484,,1.0,100.0,1.0,-0.0964250631117293
36.34531759951923,46.486486486486484,,1.0,100.0,1.0,-0.0969010554096059
36.63503331754807,46.486486486486484,,1.0,100.0,1.0,-0.0973753685229842
36.92474903557693,46.486486486486484,,1.0,100.0,1.0,-0.0978478750118103
37.21446475360577,46.486486486486484,,1.0,100.0,1.0,-0.0983184739492433
37.50418047163461,46.486486486486484,,1.0,100.0,1.0,-0.098787090248126
37.79389618966346,46.486486486486484,,1.0,100.0,1.0,-0.0992536739659982
38.08361190769231,46.486486486486484,,1.0,100.0,1.0,-0.0997181995887557
38.37332762572115,46.486486486486484,,1.0,100.0,1.0,-0.1001806652930287
38.66304334375,46.486486486486484,,1.0,100.0,1.0,-0.1006410921877107
38.95275906177885,46.486486486486484,,1.0,100.0,1.0,-0.1010995235351689
39.24247477980769,46.486486486486484,,1.0,100.0,1.0,-0.1015560239529841
39.53219049783654,46.486486486486484,,1.0,100.0,1.0,-0.1020106785973364
39.82190621586538,46.486486486486484,,1.0,100.0,1.0,-0.1024635923293983
40.111621933894234,46.486486486486484,,1.0,100.0,1.0,-0.1029148888664241
40.40133765192307,46.486486486486484,,1.0,100.0,1.0,-0.1033647099195449
40.69105336995192,46.486486486486484,,1.0,100.0,1.0,-0.1038132143203727
40.98076908798076,46.486486486486484,,1.0,100.0,1.0,-0.104260577139046
41.27048480600961,46.486486486486484,,1.0,100.0,1.0,-0.1047069887962046
41.56020052403846,46.486486486486484,,1.0,100.0,1.0,-0.1051526541718362
41.8499162420673,46.486486486486484,,1.0,100.0,1.0,-0.1055977917138661
42.13963196009615,46.486486486486484,,1.0,100.0,1.0,-0.1060426325495893
42.429347678125,46.486486486486484,,1.0,100.0,1.0,-0.1064874196028962
42.71906339615384,46.486486486486484,,1.0,100.0,1.0,-0.1069324067203434
43.00877911418269,46.486486486486484,,1.0,100.0,1.0,-0.1073778578091279
43.29849483221154,46.486486486486484,,1.0,100.0,1.0,-0.1078240459896227
43.58821055024038,46.486486486486484,,1.0,100.0,1.0,-0.1082712527653795
43.87792626826923,46.486486486486484,,1.0,100.0,1.0,-0.1087197672129506
44.16764198629807,46.486486486486484,,1.0,100.0,1.0,-0.1091698851940166
44.457357704326924,46.486486486486484,,1.0,100.0,1.0,-0.1096219085917757
44.74707342235577,46.486486486486484,,1.0,100.0,1.0,-0.1100761445735637
45.03678914038461,46.486486486486484,,1.0,100.0,1.0,-0.1105329048813028
45.32650485841346,46.486486486486484,,1.0,100.0,1.0,-0.1109925051510952
45.61622057644231,46.486486486486484,,1.0,100.0,1.0,-0.1114552642631748
45.905936294471154,46.486486486486484,,1.0,100.0,1.0,-0.1119215037231226
46.1956520125,46.486486486486484,,1.0,100.0,1.0,-0.1123915470749113
46.485367730528836,46.486486486486484,,1.0,100.0,1.0,-0.1128657193464576
46.775083448557695,46.486486486486484,,1.0,100.0,1.0,-0.1133443465278083
47.06479916658654,46.486486486486484,,1.0,100.0,1.0,-0.1138277550821809
47.35451488461538,46.486486486486484,,1.0,100.0,1.0,-0.1143162714898452
47.644230602644235,46.486486486486484,,1.0,100.0,1.0,-0.1148102218247361
47.93394632067308,46.486486486486484,,1.0,100.0,1.0,-0.1153099313635206
48.22366203870192,46.486486486486484,,1.0,100.0,1.0,-0.1158157242268582
48.51337775673076,46.486486486486484,,1.0,100.0,1.0,-0.1163279230524899
48.80309347475962,46.486486486486484,,1.0,100.0,1.0,-0.1168468486997598
49.092809192788465,46.486486486486484,,1.0,100.0,1.0,-0.1173728199850072
49.38252491081732,46.486486486486484,,1.0,100.0,1.0,-0.117906153447609
49.67224062884614,46.486486486486484,,1.0,100.0,1.0,-0.1184471631459015
49.96195634687499,46.486486486486484,,1.0,100.0,1.0,-0.1189961604827534
50.25167206490384,46.486486486486484,,1.0,100.0,1.0,-0.1195534540602272
50.54138778293269,46.486486486486484,,1.0,100.0,1.0,-0.1201193495628297
50.83110350096153,46.486486486486484,,1.0,100.0,1.0,-0.1206941496690089
51.120819218990384,46.486486486486484,,1.0,100.0,1.0,-0.1212781539903133
51.41053493701923,46.486486486486484,,1.0,100.0,1.0,-0.1218716590380127
51.70025065504807,46.486486486486484,,1.0,100.0,1.0,-0.1224749582165265
51.98996637307691,46.486486486486484,,1.0,100.0,1.0,-0.1230883418434343
52.27968209110577,46.486486486486484,,1.0,100.0,1.0,-0.1237120971955995
52.569397809134614,46.486486486486484,,1.0,100.0,1.0,-0.1243465085810778
52.859113527163466,46.486486486486484,,1.0,100.0,1.0,-0.1249918574363631
53.148829245192296,46.486486486486484,,1.0,100.0,1.0,-0.1256484224486107
53.438544963221155,46.486486486486484,,1.0,100.0,1.0,-0.1263164797025634
53.72826068124999,46.486486486486484,,1.0,100.0,1.0,-0.1269963028515867
54.01797639927885,46.486486486486484,,1.0,100.0,1.0,-0.1276881633126505
54.30769211730768,46.486486486486484,,1.0,100.0,1.0,-0.1283923304846941
54.59740783533653,46.486486486486484,,1.0,100.0,1.0,-0.129109071990056
54.88712355336538,46.486486486486484,,1.0,100.0,1.0,-0.1298386539385605
55.176839271394236,46.486486486486484,,1.0,100.0,1.0,-0.1305813412137633
55.46655498942307,46.486486486486484,,1.0,100.0,1.0,-0.1313373977809948
55.75627070745192,46.486486486486484,,1.0,100.0,1.0,-0.1321070870167027
56.04598642548078,46.486486486486484,,1.0,100.0,1.0,-0.1328906720587654
56.33570214350961,46.486486486486484,,1.0,100.0,1.0,-0.1336884161770365
56.62541786153845,46.486486486486484,,1.0,100.0,1.0,-0.1345005831640057
56.9151335795673,46.486486486486484,,1.0,100.0,1.0,-0.1353274377447867
57.20484929759615,46.486486486486484,,1.0,100.0,1.0,-0.1361692460061081
57.49456501562499,46.486486486486484,,1.0,100.0,1.0,-0.1370262758437604
57.784280733653844,46.486486486486484,,1.0,100.0,1.0,-0.1378987974280419
58.07399645168269,46.486486486486484,,1.0,100.0,1.0,-0.1387870836866388
58.36371216971153,46.486486486486484,,1.0,100.0,1.0,-0.1396914108044765
58.65342788774037,46.486486486486484,,1.0,100.0,1.0,-0.1406120587400632
58.94314360576924,46.486486486486484,,1.0,100.0,1.0,-0.1415493117578155
59.23285932379808,46.486486486486484,,1.0,100.0,1.0,-0.142503458975794
59.52257504182691,46.486486486486484,,1.0,100.0,1.0,-0.1434747949285517
59.812290759855756,46.486486486486484,,1.0,100.0,1.0,-0.1444636201444262
60.10200647788461,46.486486486486484,,1.0,100.0,1.0,-0.1454702417369524
60.39172219591345,46.486486486486484,,1.0,100.0,1.0,-0.1464949740098469
60.6814379139423,46.486486486486484,,1.0,100.0,1.0,-0.1475381390752216
60.97115363197115,46.486486486486484,,1.0,100.0,1.0,-0.1486000674844988
61.26086934999999,46.486486486486484,,1.0,100.0,1.0,-0.1496810988717292
61.55058506802884,46.486486486486484,,1.0,100.0,1.0,-0.1507815826088439
61.84030078605769,46.486486486486484,,1.0,100.0,1.0,-0.1519018784725744
62.130016504086534,46.486486486486484,,1.0,100.0,1.0,-0.1530423573225026
62.41973222211538,46.486486486486484,,1.0,100.0,1.0,-0.1542034017901975
62.70944794014423,46.486486486486484,,1.0,100.0,1.0,-0.1553854069788683
62.999163658173075,46.486486486486484,,1.0,100.0,1.0,-0.1565887811734069
63.288879376201905,46.486486486486484,,1.0,100.0,1.0,-0.1578139465605321
63.578595094230764,46.486486486486484,,1.0,100.0,1.0,-0.1590613399588011
63.868310812259615,46.486486486486484,,1.0,100.0,1.0,-0.1603314135582062
64.15802653028845,46.486486486486484,,1.0,100.0,1.0,-0.1616246356693589
64.4477422483173,46.486486486486484,,1.0,100.0,1.0,-0.1629414914818748
64.73745796634616,46.486486486486484,,1.0,100.0,1.0,-0.1642824838319869
65.027173684375,46.486486486486484,,1.0,100.0,1.0,-0.1656481339791977
65.31688940240385,46.486486486486484,,1.0,100.0,1.0,-0.1670389823919708
65.60660512043269,46.486486486486484,,1.0,100.0,1.0,-0.1684555895422239
65.89632083846153,46.486486486486484,,1.0,100.0,1.0,-0.1698985367088337
66.18603655649038,46.486486486486484,,1.0,100.0,1.0,-0.1713684267899351
66.47575227451922,46.486486486486484,,1.0,100.0,1.0,-0.172865885124104
66.76546799254808,46.486486486486484,,1.0,100.0,1.0,-0.1743915603204715
67.05518371057693,46.486486486486484,,1.0,100.0,1.0,-0.1759461250978126
67.34489942860577,46.486486486486484,,1.0,100.0,1.0,-0.1775302771327123
67.63461514663462,46.486486486486484,,1.0,100.0,1.0,-0.1791447399168146
67.92433086466346,46.486486486486484,,1.0,100.0,1.0,-0.180790263623439
68.2140465826923,46.486486486486484,,1.0,100.0,1.0,-0.1824676259836255
68.50376230072115,46.486486486486484,,1.0,100.0,1.0,-0.1841776331717002
68.79347801875001,46.486486486486484,,1.0,100.0,1.0,-0.1859211207007538
69.08319373677885,46.486486486486484,,1.0,100.0,1.0,-0.1876989543280511
69.3729094548077,46.486486486486484,,1.0,100.0,1.0,-0.1895120309706973
69.66262517283654,46.486486486486484,,1.0,100.0,1.0,-0.1913612796318272
69.95234089086537,46.486486486486484,,1.0,100.0,1.0,-0.1932476623375267
70.24205660889423,46.486486486486484,,1.0,100.0,1.0,-0.1951721750848456
70.53177232692308,46.486486486486484,,1.0,100.0,1.0,-0.19713584880124
70.82148804495192,46.486486486486484,,1.0,100.0,1.0,-0.1991397503155804
71.11120376298076,46.486486486486484,,1.0,100.0,1.0,-0.2011849833414066
71.40091948100961,46.486486486486484,,1.0,100.0,1.0,-0.2032726894725101
71.69063519903845,46.486486486486484,,1.0,100.0,1.0,-0.2054040491914097
71.9803509170673,46.486486486486484,,1.0,100.0,1.0,-0.2075802828910066
72.27006663509614,46.486486486486484,,1.0,100.0,1.0,-0.2098026519100251
72.55978235312502,46.486486486486484,,1.0,100.0,1.0,-0.2120724595825093
72.84949807115386,46.486486486486484,,1.0,100.0,1.0,-0.2143910523018907
73.13921378918268,46.486486486486484,,1.0,100.0,1.0,-0.2167598206002703
73.42892950721154,46.486486486486484,,1.0,100.0,1.0,-0.2191802002431738
73.71864522524038,46.486486486486484,,1.0,100.0,1.0,-0.2216536733405182
74.00836094326922,46.486486486486484,,1.0,100.0,1.0,-0.2241817694742222
74.29807666129807,46.486486486486484,,1.0,100.0,1.0,-0.2267660668431013
74.58779237932691,46.486486486486484,,1.0,100.0,1.0,-0.229408193425558
74.87750809735577,46.486486486486484,,1.0,100.0,1.0,-0.2321098281607622
75.16722381538462,46.486486486486484,,1.0,100.0,1.0,-0.2348727021489112
75.45693953341345,46.486486486486484,,1.0,100.0,1.0,-0.2376985998711944
75.7466552514423,46.486486486486484,,1.0,100.0,1.0,-0.240589360430242
76.03637096947115,46.486486486486484,,1.0,100.0,1.0,-0.2435468788115695
76.32608668750001,46.486486486486484,,1.0,100.0,1.0,-0.2465731071669779
76.61580240552884,46.486486486486484,,1.0,100.0,1.0,-0.2496700561204455
76.9055181235577,46.486486486486484,,1.0,100.0,1.0,-0.252839796097372
77.19523384158653,46.486486486486484,,1.0,100.0,1.0,-0.2560844586779736
77.48494955961539,46.486486486486484,,1.0,100.0,1.0,-0.2594062379756223
77.77466527764422,46.486486486486484,,1.0,100.0,1.0,-0.2628073920409211
78.06438099567308,46.486486486486484,,1.0,100.0,1.0,-0.2662902442925423
78.35409671370192,46.486486486486484,,1.0,100.0,1.0,-0.2698571849754807
78.64381243173077,46.486486486486484,,1.0,100.0,1.0,-0.2735106726478566
78.93352814975961,46.486486486486484,,1.0,100.0,1.0,-0.2772532356972015
79.22324386778845,46.486486486486484,,1.0,100.0,1.0,-0.2810874738869536
79.51295958581731,46.486486486486484,,1.0,100.0,1.0,-0.2850160599345346
79.80267530384614,46.486486486486484,,1.0,100.0,1.0,-0.2890417411218531
80.09239102187499,46.486486486486484,,1.0,100.0,1.0,-0.2931673409392905
80.38210673990385,46.486486486486484,,1.0,100.0,1.0,-0.2973957607642638
80.67182245793269,46.486486486486484,,1.0,100.0,1.0,-0.3017299815757388
80.96153817596152,46.486486486486484,,1.0,100.0,1.0,-0.3061730657054973
81.25125389399038,46.486486486486484,,1.0,100.0,1.0,-0.3107281586276962
81.54096961201923,46.486486486486484,,1.0,100.0,1.0,-0.3153984907877551
81.83068533004807,46.486486486486484,,1.0,100.0,1.0,-0.3201873794720367
82.12040104807691,46.486486486486484,,1.0,100.0,1.0,-0.3250982307194501
82.41011676610577,46.486486486486484,,1.0,100.0,1.0,-0.3301345412765492
82.6998324841346,46.486486486486484,,1.0,100.0,1.0,-0.3352999005974224
82.98954820216345,46.486486486486484,,1.0,100.0,1.0,-0.3405979928898068
83.2792639201923,46.486486486486484,,1.0,100.0,1.0,-0.3460325992090978
83.56897963822115,46.486486486486484,,1.0,100.0,1.0,-0.3516075996015882
83.85869535625,46.486486486486484,,1.0,100.0,1.0,-0.3573269752987679
84.14841107427884,46.486486486486484,,1.0,100.0,1.0,-0.363194810964118
84.43812679230768,46.486486486486484,,1.0,100.0,1.0,-0.3692152969942875
84.72784251033653,46.486486486486484,,1.0,100.0,1.0,-0.3753927318763799
85.01755822836537,46.486486486486484,,1.0,100.0,1.0,-0.3817315246030195
85.30727394639422,46.486486486486484,,1.0,100.0,1.0,-0.3882361971473553
85.59698966442308,46.486486486486484,,1.0,100.0,1.0,-0.3949113869997099
85.88670538245192,46.486486486486484,,1.0,100.0,1.0,-0.4017618497680424
86.17642110048077,46.486486486486484,,1.0,100.0,1.0,-0.4087924618441145
86.46613681850961,46.486486486486484,,1.0,100.0,1.0,-0.4160082231377996
86.75585253653846,46.486486486486484,,1.0,100.0,1.0,-0.423414259881409
87.0455682545673,46.486486486486484,,1.0,100.0,1.0,-0.4310158275066774
87.33528397259614,46.486486486486484,,1.0,100.0,1.0,-0.4388183135964052
87.624999690625,46.486486486486484,,1.0,100.0,1.0,-0.4468272409135995
1.0,49.16216216216216,,1.0,100.0,1.0,-0.2941353737639872
1.289715718028846,49.16216216216216,,1.0,100.0,1.0,-0.2877380609079643
1.5794314360576922,49.16216216216216,,1.0,100.0,1.0,-0.2814663492356547
1.8691471540865385,49.16216216216216,,1.0,100.0,1.0,-0.2753187803077467
2.1588628721153844,49.16216216216216,,1.0,100.0,1.0,-0.2692939304903997
2.4485785901442307,49.16216216216216,,1.0,100.0,1.0,-0.2633904106485635
2.738294308173077,49.16216216216216,,1.0,100.0,1.0,-0.2576068657029738
3.028010026201923,49.16216216216216,,1.0,100.0,1.0,-0.2519419740576402
3.3177257442307693,49.16216216216216,,1.0,100.0,1.0,-0.2463944469045818
3.607441462259615,49.16216216216216,,1.0,100.0,1.0,-0.2409630274127516
3.897157180288461,49.16216216216216,,1.0,100.0,1.0,-0.2356464898079688
4.186872898317307,49.16216216216216,,1.0,100.0,1.0,-0.2304436383508821
4.476588616346154,49.16216216216216,,1.0,100.0,1.0,-0.2253533062198794
4.766304334375,49.16216216216216,,1.0,100.0,1.0,-0.2203743543059926
5.056020052403846,49.16216216216216,,1.0,100.0,1.0,-0.2155056699267726
5.345735770432693,49.16216216216216,,1.0,100.0,1.0,-0.21074616546614
5.6354514884615385,49.16216216216216,,1.0,100.0,1.0,-0.2060947769473156
5.925167206490385,49.16216216216216,,1.0,100.0,1.0,-0.2015504625457148
6.21488292451923,49.16216216216216,,1.0,100.0,1.0,-0.197112201048881
6.504598642548077,49.16216216216216,,1.0,100.0,1.0,-0.1927789902704084
6.794314360576923,49.16216216216216,,1.0,100.0,1.0,-0.1885498454247063
7.084030078605768,49.16216216216216,,1.0,100.0,1.0,-0.1844237974695564
7.373745796634614,49.16216216216216,,1.0,100.0,1.0,-0.1803998914232083
7.663461514663462,49.16216216216216,,1.0,100.0,1.0,-0.176477184662784
7.9531772326923065,49.16216216216216,,1.0,100.0,1.0,-0.1726547452106197
8.242892950721153,49.16216216216216,,1.0,100.0,1.0,-0.1689316500150974
8.53260866875,49.16216216216216,,1.0,100.0,1.0,-0.1653069832324923
8.822324386778845,49.16216216216216,,1.0,100.0,1.0,-0.1617798345160594
9.112040104807692,49.16216216216216,,1.0,100.0,1.0,-0.158349297318678
9.401755822836538,49.16216216216216,,1.0,100.0,1.0,-0.15501446721508
9.691471540865384,49.16216216216216,,1.0,100.0,1.0,-0.1517744402496015
9.98118725889423,49.16216216216216,,1.0,100.0,1.0,-0.1486283113152161
10.270902976923075,49.16216216216216,,1.0,100.0,1.0,-0.1455751725695037
10.560618694951922,49.16216216216216,,1.0,100.0,1.0,-0.1426141118928897
10.850334412980768,49.16216216216216,,1.0,100.0,1.0,-0.1397442113944463
11.140050131009614,49.16216216216216,,1.0,100.0,1.0,-0.1369645459703137
11.42976584903846,49.16216216216216,,1.0,100.0,1.0,-0.1342741819194548
11.719481567067307,49.16216216216216,,1.0,100.0,1.0,-0.1316721756214453
12.009197285096153,49.16216216216216,,1.0,100.0,1.0,-0.129157572280647
12.298913003125,49.16216216216216,,1.0,100.0,1.0,-0.1267294047408579
12.588628721153844,49.16216216216216,,1.0,100.0,1.0,-0.1243866923743579
12.87834443918269,49.16216216216216,,1.0,100.0,1.0,-0.1221284400489951
13.168060157211537,49.16216216216216,,1.0,100.0,1.0,-0.119953637176643
13.457775875240383,49.16216216216216,,1.0,100.0,1.0,-0.1178612568461463
13.747491593269228,49.16216216216216,,1.0,100.0,1.0,-0.1158502550435701
14.037207311298074,49.16216216216216,,1.0,100.0,1.0,-0.1139195699623206
14.32692302932692,49.16216216216216,,1.0,100.0,1.0,-0.1120681214052919
14.616638747355767,49.16216216216216,,1.0,100.0,1.0,-0.1102948102810915
14.906354465384615,49.16216216216216,,1.0,100.0,1.0,-0.1085985181959203
15.196070183413461,49.16216216216216,,1.0,100.0,1.0,-0.1069781071424485
15.485785901442307,49.16216216216216,,1.0,100.0,1.0,-0.1054324192867571
15.775501619471152,49.16216216216216,,1.0,100.0,1.0,-0.1039602768539704
16.0652173375,49.16216216216216,,1.0,100.0,1.0,-0.1025604821130427
16.354933055528846,49.16216216216216,,1.0,100.0,1.0,-0.1012318174606997
16.64464877355769,49.16216216216216,,1.0,100.0,1.0,-0.0999730456043313
16.93436449158654,49.16216216216216,,1.0,100.0,1.0,-0.0987829098431587
17.224080209615384,49.16216216216216,,1.0,100.0,1.0,-0.0976601344468192
17.51379592764423,49.16216216216216,,1.0,100.0,1.0,-0.0966034251300949
17.803511645673076,49.16216216216216,,1.0,100.0,1.0,-0.0956114696221491
18.093227363701924,49.16216216216216,,1.0,100.0,1.0,-0.0946829383284236
18.38294308173077,49.16216216216216,,1.0,100.0,1.0,-0.0938164850828854
18.672658799759613,49.16216216216216,,1.0,100.0,1.0,-0.0930107479880421
18.96237451778846,49.16216216216216,,1.0,100.0,1.0,-0.0922643503398734
19.252090235817306,49.16216216216216,,1.0,100.0,1.0,-0.0915759016343868
19.541805953846154,49.16216216216216,,1.0,100.0,1.0,-0.090943998652271
19.831521671875,49.16216216216216,,1.0,100.0,1.0,-0.0903672266178217
20.121237389903843,49.16216216216216,,1.0,100.0,1.0,-0.0898441604279261
20.41095310793269,49.16216216216216,,1.0,100.0,1.0,-0.0893733659467266
20.700668825961536,49.16216216216216,,1.0,100.0,1.0,-0.0889534013611692
20.99038454399038,49.16216216216216,,1.0,100.0,1.0,-0.0885828185924543
21.28010026201923,49.16216216216216,,1.0,100.0,1.0,-0.0882601647582025
21.569815980048077,49.16216216216216,,1.0,100.0,1.0,-0.0879839836797194
21.85953169807692,49.16216216216216,,1.0,100.0,1.0,-0.0877528174288008
22.14924741610577,49.16216216216216,,1.0,100.0,1.0,-0.0875652079080787
22.438963134134614,49.16216216216216,,1.0,100.0,1.0,-0.0874196984588721
22.728678852163462,49.16216216216216,,1.0,100.0,1.0,-0.0873148354903425
23.018394570192307,49.16216216216216,,1.0,100.0,1.0,-0.0872491701235993
23.308110288221158,49.16216216216216,,1.0,100.0,1.0,-0.0872212598443525
23.59782600625,49.16216216216216,,1.0,100.0,1.0,-0.0872296701576527
23.88754172427884,49.16216216216216,,1.0,100.0,1.0,-0.0872729762382409
24.17725744230769,49.16216216216216,,1.0,100.0,1.0,-0.0873497645699915
24.46697316033654,49.16216216216216,,1.0,100.0,1.0,-0.0874586345681734
24.75668887836538,49.16216216216216,,1.0,100.0,1.0,-0.0875982001780618
25.046404596394233,49.16216216216216,,1.0,100.0,1.0,-0.0877670914439332
25.336120314423074,49.16216216216216,,1.0,100.0,1.0,-0.0879639560422913
25.62583603245192,49.16216216216216,,1.0,100.0,1.0,-0.0881874607737694
25.915551750480766,49.16216216216216,,1.0,100.0,1.0,-0.0884362930080991
26.205267468509614,49.16216216216216,,1.0,100.0,1.0,-0.0887091620770395
26.494983186538455,49.16216216216216,,1.0,100.0,1.0,-0.0890048006105347
26.78469890456731,49.16216216216216,,1.0,100.0,1.0,-0.0893219658115422
27.074414622596148,49.16216216216216,,1.0,100.0,1.0,-0.0896594406657471
27.364130340624996,49.16216216216216,,1.0,100.0,1.0,-0.0900160350824338
27.65384605865384,49.16216216216216,,1.0,100.0,1.0,-0.090390586963603
27.94356177668269,49.16216216216216,,1.0,100.0,1.0,-0.0907819631987563
28.233277494711533,49.16216216216216,,1.0,100.0,1.0,-0.0911890605832925
28.52299321274039,49.16216216216216,,1.0,100.0,1.0,-0.0916108066590883
28.812708930769226,49.16216216216216,,1.0,100.0,1.0,-0.0920461604762801
29.102424648798074,49.16216216216216,,1.0,100.0,1.0,-0.0924941132757309
29.392140366826922,49.16216216216216,,1.0,100.0,1.0,-0.0929536890924536
29.681856084855767,49.16216216216216,,1.0,100.0,1.0,-0.0934239452803934
29.97157180288462,49.16216216216216,,1.0,100.0,1.0,-0.0939039729597529
30.261287520913456,49.16216216216216,,1.0,100.0,1.0,-0.0943928973882703
30.551003238942304,49.16216216216216,,1.0,100.0,1.0,-0.0948898782584716
30.84071895697115,49.16216216216216,,1.0,100.0,1.0,-0.0953941099230442
31.130434674999997,49.16216216216216,,1.0,100.0,1.0,-0.095904821550987
31.420150393028845,49.16216216216216,,1.0,100.0,1.0,-0.0964212772173273
31.709866111057696,49.16216216216216,,1.0,100.0,1.0,-0.0969427759294843
31.999581829086537,49.16216216216216,,1.0,100.0,1.0,-0.0974686515933961
32.28929754711538,49.16216216216216,,1.0,100.0,1.0,-0.0979982729227022
32.579013265144226,49.16216216216216,,1.0,100.0,1.0,-0.0985310432942702
32.86872898317308,49.16216216216216,,1.0,100.0,1.0,-0.0990664005533421
33.15844470120192,49.16216216216216,,1.0,100.0,1.0,-0.0996038167713929
33.44816041923077,49.16216216216216,,1.0,100.0,1.0,-0.1001427979598799
33.73787613725961,49.16216216216216,,1.0,100.0,1.0,-0.1006828837426622
34.02759185528846,49.16216216216216,,1.0,100.0,1.0,-0.1012236469898133
34.31730757331731,49.16216216216216,,1.0,100.0,1.0,-0.1017646934153138
34.60702329134615,49.16216216216216,,1.0,100.0,1.0,-0.102305661140722
34.896739009375,49.16216216216216,,1.0,100.0,1.0,-0.1028462202269439
35.18645472740385,49.16216216216216,,1.0,100.0,1.0,-0.1033860721756896
35.476170445432686,49.16216216216216,,1.0,100.0,1.0,-0.1039249494020785
35.76588616346154,49.16216216216216,,1.0,100.0,1.0,-0.1044626146797073
36.05560188149038,49.16216216216216,,1.0,100.0,1.0,-0.1049988605591362
36.34531759951923,49.16216216216216,,1.0,100.0,1.0,-0.1055335087606702
36.63503331754807,49.16216216216216,,1.0,100.0,1.0,-0.1060664095422373
36.92474903557693,49.16216216216216,,1.0,100.0,1.0,-0.1065974410428222
37.21446475360577,49.16216216216216,,1.0,100.0,1.0,-0.1071265086022577
37.50418047163461,49.16216216216216,,1.0,100.0,1.0,-0.107653544057747
37.79389618966346,49.16216216216216,,1.0,100.0,1.0,-0.1081785050178835
38.08361190769231,49.16216216216216,,1.0,100.0,1.0,-0.108701374114707
38.37332762572115,49.16216216216216,,1.0,100.0,1.0,-0.1092221582347251
38.66304334375,49.16216216216216,,1.0,100.0,1.0,-0.1097408877297635
38.95275906177885,49.16216216216216,,1.0,100.0,1.0,-0.1102576156087947
39.24247477980769,49.16216216216216,,1.0,100.0,1.0,-0.1107724167120207
39.53219049783654,49.16216216216216,,1.0,100.0,1.0,-0.1112853868688145
39.82190621586538,49.16216216216216,,1.0,100.0,1.0,-0.11179664204115
40.111621933894234,49.16216216216216,,1.0,100.0,1.0,-0.1123063174544732
40.40133765192307,49.16216216216216,,1.0,100.0,1.0,-0.1128145667182588
40.69105336995192,49.16216216216216,,1.0,100.0,1.0,-0.1133215609383735
40.98076908798076,49.16216216216216,,1.0,100.0,1.0,-0.1138274878239098
41.27048480600961,49.16216216216216,,1.0,100.0,1.0,-0.1143325507909956
41.56020052403846,49.16216216216216,,1.0,100.0,1.0,-0.114836968066238
41.8499162420673,49.16216216216216,,1.0,100.0,1.0,-0.1153409717926954
42.13963196009615,49.16216216216216,,1.0,100.0,1.0,-0.1158448071410198
42.429347678125,49.16216216216216,,1.0,100.0,1.0,-0.1163487314286568
42.71906339615384,49.16216216216216,,1.0,100.0,1.0,-0.1168530132497421
43.00877911418269,49.16216216216216,,1.0,100.0,1.0,-0.1173579316183384
43.29849483221154,49.16216216216216,,1.0,100.0,1.0,-0.11786377512765
43.58821055024038,49.16216216216216,,1.0,100.0,1.0,-0.1183708411274291
43.87792626826923,49.16216216216216,,1.0,100.0,1.0,-0.1188794349218556
44.16764198629807,49.16216216216216,,1.0,100.0,1.0,-0.1193898689899998
44.457357704326924,49.16216216216216,,1.0,100.0,1.0,-0.1199024622305571
44.74707342235577,49.16216216216216,,1.0,100.0,1.0,-0.1204175392325339
45.03678914038461,49.16216216216216,,1.0,100.0,1.0,-0.1209354295733752
45.32650485841346,49.16216216216216,,1.0,100.0,1.0,-0.12145646714553
45.61622057644231,49.16216216216216,,1.0,100.0,1.0,-0.1219809895126808
45.905936294471154,49.16216216216216,,1.0,100.0,1.0,-0.1225093372962874
46.1956520125,49.16216216216216,,1.0,100.0,1.0,-0.1230418535930777
46.485367730528836,49.16216216216216,,1.0,100.0,1.0,-0.1235788834239951
46.775083448557695,49.16216216216216,,1.0,100.0,1.0,-0.1241207732148155
47.06479916658654,49.16216216216216,,1.0,100.0,1.0,-0.1246678703086252
47.35451488461538,49.16216216216216,,1.0,100.0,1.0,-0.1252205225102316
47.644230602644235,49.16216216216216,,1.0,100.0,1.0,-0.1257790776623301
47.93394632067308,49.16216216216216,,1.0,100.0,1.0,-0.1263438832534299
48.22366203870192,49.16216216216216,,1.0,100.0,1.0,-0.1269152860572041
48.51337775673076,49.16216216216216,,1.0,100.0,1.0,-0.1274936318030017
48.80309347475962,49.16216216216216,,1.0,100.0,1.0,-0.1280792648772702
49.092809192788465,49.16216216216216,,1.0,100.0,1.0,-0.1286725280554995
49.38252491081732,49.16216216216216,,1.0,100.0,1.0,-0.1292737622643444
49.67224062884614,49.16216216216216,,1.0,100.0,1.0,-0.1298833063734701
49.96195634687499,49.16216216216216,,1.0,100.0,1.0,-0.1305014970168855
50.25167206490384,49.16216216216216,,1.0,100.0,1.0,-0.1311286684432342
50.54138778293269,49.16216216216216,,1.0,100.0,1.0,-0.1317651523947455
50.83110350096153,49.16216216216216,,1.0,100.0,1.0,-0.1324112780144258
51.120819218990384,49.16216216216216,,1.0,100.0,1.0,-0.1330673717811177
51.41053493701923,49.16216216216216,,1.0,100.0,1.0,-0.1337337574720745
51.70025065504807,49.16216216216216,,1.0,100.0,1.0,-0.1344107561526761
51.98996637307691,49.16216216216216,,1.0,100.0,1.0,-0.1350986861928611
52.27968209110577,49.16216216216216,,1.0,100.0,1.0,-0.1357978633100144
52.569397809134614,49.16216216216216,,1.0,100.0,1.0,-0.1365086006378622
52.859113527163466,49.16216216216216,,1.0,100.0,1.0,-0.1372312088210131
53.148829245192296,49.16216216216216,,1.0,100.0,1.0,-0.1379659961348217
53.438544963221155,49.16216216216216,,1.0,100.0,1.0,-0.1387132686301742
53.72826068124999,49.16216216216216,,1.0,100.0,1.0,-0.1394733303027056
54.01797639927885,49.16216216216216,,1.0,100.0,1.0,-0.1402464832862899
54.30769211730768,49.16216216216216,,1.0,100.0,1.0,-0.1410330280701026
54.59740783533653,49.16216216216216,,1.0,100.0,1.0,-0.1418332637391337
54.88712355336538,49.16216216216216,,1.0,100.0,1.0,-0.1426474882374727
55.176839271394236,49.16216216216216,,1.0,100.0,1.0,-0.1434759986540814
55.46655498942307,49.16216216216216,,1.0,100.0,1.0,-0.1443190915305759
55.75627070745192,49.16216216216216,,1.0,100.0,1.0,-0.1451770631905299
56.04598642548078,49.16216216216216,,1.0,100.0,1.0,-0.1460502100898445
56.33570214350961,49.16216216216216,,1.0,100.0,1.0,-0.1469388291877137
56.62541786153845,49.16216216216216,,1.0,100.0,1.0,-0.1478432183376982
56.9151335795673,49.16216216216216,,1.0,100.0,1.0,-0.1487636766984468
57.20484929759615,49.16216216216216,,1.0,100.0,1.0,-0.1497005051634656
57.49456501562499,49.16216216216216,,1.0,100.0,1.0,-0.1506540068095173
57.784280733653844,49.16216216216216,,1.0,100.0,1.0,-0.1516244873632721
58.07399645168269,49.16216216216216,,1.0,100.0,1.0,-0.1526122556853307
58.36371216971153,49.16216216216216,,1.0,100.0,1.0,-0.1536176242715804
58.65342788774037,49.16216216216216,,1.0,100.0,1.0,-0.1546409097710188
58.94314360576924,49.16216216216216,,1.0,100.0,1.0,-0.1556824335197913
59.23285932379808,49.16216216216216,,1.0,100.0,1.0,-0.1567425220907625
59.52257504182691,49.16216216216216,,1.0,100.0,1.0,-0.1578215078583718
59.812290759855756,49.16216216216216,,1.0,100.0,1.0,-0.158919729578016
60.10200647788461,49.16216216216216,,1.0,100.0,1.0,-0.1600375329798541
60.39172219591345,49.16216216216216,,1.0,100.0,1.0,-0.1611752713762176
60.6814379139423,49.16216216216216,,1.0,100.0,1.0,-0.1623333062825034
60.97115363197115,49.16216216216216,,1.0,100.0,1.0,-0.1635120080509715
61.26086934999999,49.16216216216216,,1.0,100.0,1.0,-0.1647117565171142
61.55058506802884,49.16216216216216,,1.0,100.0,1.0,-0.1659329416581785
61.84030078605769,49.16216216216216,,1.0,100.0,1.0,-0.1671759642635759
62.130016504086534,49.16216216216216,,1.0,100.0,1.0,-0.1684412366167146
62.41973222211538,49.16216216216216,,1.0,100.0,1.0,-0.1697291831880322
62.70944794014423,49.16216216216216,,1.0,100.0,1.0,-0.1710402413389606
62.999163658173075,49.16216216216216,,1.0,100.0,1.0,-0.1723748620364215
63.288879376201905,49.16216216216216,,1.0,100.0,1.0,-0.1737335105777704
63.578595094230764,49.16216216216216,,1.0,100.0,1.0,-0.1751166673258453
63.868310812259615,49.16216216216216,,1.0,100.0,1.0,-0.1765248284539559
64.15802653028845,49.16216216216216,,1.0,100.0,1.0,-0.1779585067006973
64.4477422483173,49.16216216216216,,1.0,100.0,1.0,-0.1794182321343154
64.73745796634616,49.16216216216216,,1.0,100.0,1.0,-0.1809045529266346
65.027173684375,49.16216216216216,,1.0,100.0,1.0,-0.1824180361363118
65.31688940240385,49.16216216216216,,1.0,100.0,1.0,-0.1839592685014919
65.60660512043269,49.16216216216216,,1.0,100.0,1.0,-0.1855288572415897
65.89632083846153,49.16216216216216,,1.0,100.0,1.0,-0.1871274308684566
66.18603655649038,49.16216216216216,,1.0,100.0,1.0,-0.1887556400066409
66.47575227451922,49.16216216216216,,1.0,100.0,1.0,-0.1904141582229386
66.76546799254808,49.16216216216216,,1.0,100.0,1.0,-0.1921036828652053
67.05518371057693,49.16216216216216,,1.0,100.0,1.0,-0.1938249359105142
67.34489942860577,49.16216216216216,,1.0,100.0,1.0,-0.1955786648227359
67.63461514663462,49.16216216216216,,1.0,100.0,1.0,-0.1973656434195873
67.92433086466346,49.16216216216216,,1.0,100.0,1.0,-0.1991866727494202
68.2140465826923,49.16216216216216,,1.0,100.0,1.0,-0.2010425819777648
68.50376230072115,49.16216216216216,,1.0,100.0,1.0,-0.20293422928382
68.79347801875001,49.16216216216216,,1.0,100.0,1.0,-0.2048625027671818
69.08319373677885,49.16216216216216,,1.0,100.0,1.0,-0.2068283213649089
69.3729094548077,49.16216216216216,,1.0,100.0,1.0,-0.2088326357791362
69.66262517283654,49.16216216216216,,1.0,100.0,1.0,-0.210876429415714
69.95234089086537,49.16216216216216,,1.0,100.0,1.0,-0.2129607193338123
70.24205660889423,49.16216216216216,,1.0,100.0,1.0,-0.2150865572070806
70.53177232692308,49.16216216216216,,1.0,100.0,1.0,-0.2172550302964995
70.82148804495192,49.16216216216216,,1.0,100.0,1.0,-0.2194672624353073
71.11120376298076,49.16216216216216,,1.0,100.0,1.0,-0.2217244150264008
71.40091948100961,49.16216216216216,,1.0,100.0,1.0,-0.2240276880524918
71.69063519903845,49.16216216216216,,1.0,100.0,1.0,-0.2263783210995285
71.9803509170673,49.16216216216216,,1.0,100.0,1.0,-0.2287775943935993
72.27006663509614,49.16216216216216,,1.0,100.0,1.0,-0.2312268298520429
72.55978235312502,49.16216216216216,,1.0,100.0,1.0,-0.2337273921488831
72.84949807115386,49.16216216216216,,1.0,100.0,1.0,-0.2362806897953586
73.13921378918268,49.16216216216216,,1.0,100.0,1.0,-0.2388881762357714
73.42892950721154,49.16216216216216,,1.0,100.0,1.0,-0.2415513509594092
73.71864522524038,49.16216216216216,,1.0,100.0,1.0,-0.2442717606287953
74.00836094326922,49.16216216216216,,1.0,100.0,1.0,-0.2470510002252128
74.29807666129807,49.16216216216216,,1.0,100.0,1.0,-0.249890714211514
74.58779237932691,49.16216216216216,,1.0,100.0,1.0,-0.2527925977133729
74.87750809735577,49.16216216216216,,1.0,100.0,1.0,-0.2557583977192217
75.16722381538462,49.16216216216216,,1.0,100.0,1.0,-0.2587899142996041
75.45693953341345,49.16216216216216,,1.0,100.0,1.0,-0.2618890018466627
75.7466552514423,49.16216216216216,,1.0,100.0,1.0,-0.2650575703343173
76.03637096947115,49.16216216216216,,1.0,100.0,1.0,-0.2682975865999439
76.32608668750001,49.16216216216216,,1.0,100.0,1.0,-0.2716110756481735
76.61580240552884,49.16216216216216,,1.0,100.0,1.0,-0.2750001219776337
76.9055181235577,49.16216216216216,,1.0,100.0,1.0,-0.2784668709313577
77.19523384158653,49.16216216216216,,1.0,100.0,1.0,-0.2820135300716516
77.48494955961539,49.16216216216216,,1.0,100.0,1.0,-0.285642370580188
77.77466527764422,49.16216216216216,,1.0,100.0,1.0,-0.2893557286843375
78.06438099567308,49.16216216216216,,1.0,100.0,1.0,-0.2931560071103806
78.35409671370192,49.16216216216216,,1.0,100.0,1.0,-0.2970456765645947
78.64381243173077,49.16216216216216,,1.0,100.0,1.0,-0.3010272772431912
78.93352814975961,49.16216216216216,,1.0,100.0,1.0,-0.305103420372006
79.22324386778845,49.16216216216216,,1.0,100.0,1.0,-0.309276789776819
79.51295958581731,49.16216216216216,,1.0,100.0,1.0,-0.3135501434855203
79.80267530384614,49.16216216216216,,1.0,100.0,1.0,-0.3179263153629313
80.09239102187499,49.16216216216216,,1.0,100.0,1.0,-0.3224082167795998
80.38210673990385,49.16216216216216,,1.0,100.0,1.0,-0.3269988383154034
80.67182245793269,49.16216216216216,,1.0,100.0,1.0,-0.3317012514993575
80.96153817596152,49.16216216216216,,1.0,100.0,1.0,-0.3365186105865414
81.25125389399038,49.16216216216216,,1.0,100.0,1.0,-0.3414541543736438
81.54096961201923,49.16216216216216,,1.0,100.0,1.0,-0.3465112080541158
81.83068533004807,49.16216216216216,,1.0,100.0,1.0,-0.3516931851143285
82.12040104807691,49.16216216216216,,1.0,100.0,1.0,-0.3570035892721348
82.41011676610577,49.16216216216216,,1.0,100.0,1.0,-0.3624460164590265
82.6998324841346,49.16216216216216,,1.0,100.0,1.0,-0.3680241568474173
82.98954820216345,49.16216216216216,,1.0,100.0,1.0,-0.3737417969245366
83.2792639201923,49.16216216216216,,1.0,100.0,1.0,-0.3796028216143352
83.56897963822115,49.16216216216216,,1.0,100.0,1.0,-0.3856112164489498
83.85869535625,49.16216216216216,,1.0,100.0,1.0,-0.3917710697915194
84.14841107427884,49.16216216216216,,1.0,100.0,1.0,-0.3980865751116808
84.43812679230768,49.16216216216216,,1.0,100.0,1.0,-0.4045620333156766
84.72784251033653,49.16216216216216,,1.0,100.0,1.0,-0.4112018551329264
85.01755822836537,49.16216216216216,,1.0,100.0,1.0,-0.4180105635603983
85.30727394639422,49.16216216216216,,1.0,100.0,1.0,-0.4249927963673161
85.59698966442308,49.16216216216216,,1.0,100.0,1.0,-0.4321533086615893
85.88670538245192,49.16216216216216,,1.0,100.0,1.0,-0.439496975520209
86.17642110048077,49.16216216216216,,1.0,100.0,1.0,-0.4470287946856839
86.46613681850961,49.16216216216216,,1.0,100.0,1.0,-0.4547538893305531
86.75585253653846,49.16216216216216,,1.0,100.0,1.0,-0.4626775108922365
87.0455682545673,49.16216216216216,,1.0,100.0,1.0,-0.4708050419804704
87.33528397259614,49.16216216216216,,1.0,100.0,1.0,-0.4791419993597375
87.624999690625,49.16216216216216,,1.0,100.0,1.0,-0.4876940370089752
1.0,51.83783783783784,,1.0,100.0,1.0,-0.2980744120614323
1.289715718028846,51.83783783783784,,1.0,100.0,1.0,-0.2916882635650611
1.5794314360576922,51.83783783783784,,1.0,100.0,1.0,-0.2854277692231343
1.8691471540865385,51.83783783783784,,1.0,100.0,1.0,-0.279291558180827
2.1588628721153844,51.83783783783784,,1.0,100.0,1.0,-0.2732782889891821
2.4485785901442307,51.83783783783784,,1.0,100.0,1.0,-0.267386649415371
2.738294308173077,51.83783783783784,,1.0,100.0,1.0,-0.2616153561202055
3.028010026201923,51.83783783783784,,1.0,100.0,1.0,-0.2559631542095298
3.3177257442307693,51.83783783783784,,1.0,100.0,1.0,-0.2504288166661417
3.607441462259615,51.83783783783784,,1.0,100.0,1.0,-0.245011143668975
3.897157180288461,51.83783783783784,,1.0,100.0,1.0,-0.239708961806272
4.186872898317307,51.83783783783784,,1.0,100.0,1.0,-0.2345211231894817
4.476588616346154,51.83783783783784,,1.0,100.0,1.0,-0.2294465044746768
4.766304334375,51.83783783783784,,1.0,100.0,1.0,-0.2244840057982777
5.056020052403846,51.83783783783784,,1.0,100.0,1.0,-0.2196325496338403
5.345735770432693,51.83783783783784,,1.0,100.0,1.0,-0.2148910795767484
5.6354514884615385,51.83783783783784,,1.0,100.0,1.0,-0.2102585590635255
5.925167206490385,51.83783783783784,,1.0,100.0,1.0,-0.2057339700325494
6.21488292451923,51.83783783783784,,1.0,100.0,1.0,-0.2013163115329139
6.504598642548077,51.83783783783784,,1.0,100.0,1.0,-0.1970045982880947
6.794314360576923,51.83783783783784,,1.0,100.0,1.0,-0.1927978592210824
7.084030078605768,51.83783783783784,,1.0,100.0,1.0,-0.1886951359476061
7.373745796634614,51.83783783783784,,1.0,100.0,1.0,-0.1846954812439014
7.663461514663462,51.83783783783784,,1.0,100.0,1.0,-0.180797957495586
7.9531772326923065,51.83783783783784,,1.0,100.0,1.0,-0.1770016351339282
8.242892950721153,51.83783783783784,,1.0,100.0,1.0,-0.1733055910658303
8.53260866875,51.83783783783784,,1.0,100.0,1.0,-0.1697089071036953
8.822324386778845,51.83783783783784,,1.0,100.0,1.0,-0.1662106684012781
9.112040104807692,51.83783783783784,,1.0,100.0,1.0,-0.1628099619014114
9.401755822836538,51.83783783783784,,1.0,100.0,1.0,-0.1595058748014692
9.691471540865384,51.83783783783784,,1.0,100.0,1.0,-0.1562974930422133
9.98118725889423,51.83783783783784,,1.0,100.0,1.0,-0.1531838998255306
10.270902976923075,51.83783783783784,,1.0,100.0,1.0,-0.1501641741664854
10.560618694951922,51.83783783783784,,1.0,100.0,1.0,-0.1472373894847588
10.850334412980768,51.83783783783784,,1.0,100.0,1.0,-0.1444026122405661
11.140050131009614,51.83783783783784,,1.0,100.0,1.0,-0.1416589006198663
11.42976584903846,51.83783783783784,,1.0,100.0,1.0,-0.1390053032734166
11.719481567067307,51.83783783783784,,1.0,100.0,1.0,-0.1364408581141105
12.009197285096153,51.83783783783784,,1.0,100.0,1.0,-0.1339645911768044
12.298913003125,51.83783783783784,,1.0,100.0,1.0,-0.1315755155445379
12.588628721153844,51.83783783783784,,1.0,100.0,1.0,-0.1292726303449339
12.87834443918269,51.83783783783784,,1.0,100.0,1.0,-0.1270549198202093
13.168060157211537,51.83783783783784,,1.0,100.0,1.0,-0.1249213524740429
13.457775875240383,51.83783783783784,,1.0,100.0,1.0,-0.1228708802983056
13.747491593269228,51.83783783783784,,1.0,100.0,1.0,-0.1209024380822683
14.037207311298074,51.83783783783784,,1.0,100.0,1.0,-0.119014942806876
14.32692302932692,51.83783783783784,,1.0,100.0,1.0,-0.117207293126074
14.616638747355767,51.83783783783784,,1.0,100.0,1.0,-0.1154783689371886
14.906354465384615,51.83783783783784,,1.0,100.0,1.0,-0.1138270310418693
15.196070183413461,51.83783783783784,,1.0,100.0,1.0,-0.1122521208989603
15.485785901442307,51.83783783783784,,1.0,100.0,1.0,-0.1107524604702049
15.775501619471152,51.83783783783784,,1.0,100.0,1.0,-0.1093268521595214
16.0652173375,51.83783783783784,,1.0,100.0,1.0,-0.1079740788462356
16.354933055528846,51.83783783783784,,1.0,100.0,1.0,-0.1066929040123079
16.64464877355769,51.83783783783784,,1.0,100.0,1.0,-0.1054820719633366
16.93436449158654,51.83783783783784,,1.0,100.0,1.0,-0.1043403081427818
17.224080209615384,51.83783783783784,,1.0,100.0,1.0,-0.1032663195385129
17.51379592764423,51.83783783783784,,1.0,100.0,1.0,-0.1022587951805122
17.803511645673076,51.83783783783784,,1.0,100.0,1.0,-0.1013164067281821
18.093227363701924,51.83783783783784,,1.0,100.0,1.0,-0.1004378091454978
18.38294308173077,51.83783783783784,,1.0,100.0,1.0,-0.0996216414618144
18.672658799759613,51.83783783783784,,1.0,100.0,1.0,-0.0988665276158551
18.96237451778846,51.83783783783784,,1.0,100.0,1.0,-0.0981710773801816
19.252090235817306,51.83783783783784,,1.0,100.0,1.0,-0.0975338873630186
19.541805953846154,51.83783783783784,,1.0,100.0,1.0,-0.0969535420840797
19.831521671875,51.83783783783784,,1.0,100.0,1.0,-0.0964286151207691
20.121237389903843,51.83783783783784,,1.0,100.0,1.0,-0.0959576703207243
20.41095310793269,51.83783783783784,,1.0,100.0,1.0,-0.0955392630766223
20.700668825961536,51.83783783783784,,1.0,100.0,1.0,-0.0951719416586147
20.99038454399038,51.83783783783784,,1.0,100.0,1.0,-0.0948542485997717
21.28010026201923,51.83783783783784,,1.0,100.0,1.0,-0.0945847221295441
21.569815980048077,51.83783783783784,,1.0,100.0,1.0,-0.0943618976500088
21.85953169807692,51.83783783783784,,1.0,100.0,1.0,-0.0941843092496092
22.14924741610577,51.83783783783784,,1.0,100.0,1.0,-0.0940504912487729
22.438963134134614,51.83783783783784,,1.0,100.0,1.0,-0.0939589797717247
22.728678852163462,51.83783783783784,,1.0,100.0,1.0,-0.0939083143385847
23.018394570192307,51.83783783783784,,1.0,100.0,1.0,-0.0938970394719557
23.308110288221158,51.83783783783784,,1.0,100.0,1.0,-0.0939237063118207
23.59782600625,51.83783783783784,,1.0,100.0,1.0,-0.0939868742328049
23.88754172427884,51.83783783783784,,1.0,100.0,1.0,-0.0940851124576633
24.17725744230769,51.83783783783784,,1.0,100.0,1.0,-0.0942170016609967
24.46697316033654,51.83783783783784,,1.0,100.0,1.0,-0.0943811355572
24.75668887836538,51.83783783783784,,1.0,100.0,1.0,-0.0945761224666844
25.046404596394233,51.83783783783784,,1.0,100.0,1.0,-0.0948005868547872
25.336120314423074,51.83783783783784,,1.0,100.0,1.0,-0.0950531708375369
25.62583603245192,51.83783783783784,,1.0,100.0,1.0,-0.0953325356491463
25.915551750480766,51.83783783783784,,1.0,100.0,1.0,-0.0956373630659245
26.205267468509614,51.83783783783784,,1.0,100.0,1.0,-0.0959663567818484
26.494983186538455,51.83783783783784,,1.0,100.0,1.0,-0.096318243731207
26.78469890456731,51.83783783783784,,1.0,100.0,1.0,-0.0966917753542083
27.074414622596148,51.83783783783784,,1.0,100.0,1.0,-0.0970857288016265
27.364130340624996,51.83783783783784,,1.0,100.0,1.0,-0.0974989080752066
27.65384605865384,51.83783783783784,,1.0,100.0,1.0,-0.0979301451007537
27.94356177668269,51.83783783783784,,1.0,100.0,1.0,-0.0983783007314469
28.233277494711533,51.83783783783784,,1.0,100.0,1.0,-0.0988422656792372
28.52299321274039,51.83783783783784,,1.0,100.0,1.0,-0.0993209613727498
28.812708930769226,51.83783783783784,,1.0,100.0,1.0,-0.0998133407405863
29.102424648798074,51.83783783783784,,1.0,100.0,1.0,-0.1003183889192649
29.392140366826922,51.83783783783784,,1.0,100.0,1.0,-0.1008351238856561
29.681856084855767,51.83783783783784,,1.0,100.0,1.0,-0.1013625970140836
29.97157180288462,51.83783783783784,,1.0,100.0,1.0,-0.1018998935587627
30.261287520913456,51.83783783783784,,1.0,100.0,1.0,-0.1024461330625845
30.551003238942304,51.83783783783784,,1.0,100.0,1.0,-0.1030004696936356
30.84071895697115,51.83783783783784,,1.0,100.0,1.0,-0.1035620925112135
31.130434674999997,51.83783783783784,,1.0,100.0,1.0,-0.1041302256632981
31.420150393028845,51.83783783783784,,1.0,100.0,1.0,-0.104704128517719
31.709866111057696,51.83783783783784,,1.0,100.0,1.0,-0.1052830957295234
31.999581829086537,51.83783783783784,,1.0,100.0,1.0,-0.1058664572470615
32.28929754711538,51.83783783783784,,1.0,100.0,1.0,-0.1064535782595648
32.579013265144226,51.83783783783784,,1.0,100.0,1.0,-0.1070438590888589
32.86872898317308,51.83783783783784,,1.0,100.0,1.0,-0.107636735028107
33.15844470120192,51.83783783783784,,1.0,100.0,1.0,-0.1082316761302099
33.44816041923077,51.83783783783784,,1.0,100.0,1.0,-0.1088281869485972
33.73787613725961,51.83783783783784,,1.0,100.0,1.0,-0.1094258062329364
34.02759185528846,51.83783783783784,,1.0,100.0,1.0,-0.1100241065822442
34.31730757331731,51.83783783783784,,1.0,100.0,1.0,-0.1106226940576365
34.60702329134615,51.83783783783784,,1.0,100.0,1.0,-0.1112212077568941
34.896739009375,51.83783783783784,,1.0,100.0,1.0,-0.111819319352834
35.18645472740385,51.83783783783784,,1.0,100.0,1.0,-0.1124167325971781
35.476170445432686,51.83783783783784,,1.0,100.0,1.0,-0.1130131827916363
35.76588616346154,51.83783783783784,,1.0,100.0,1.0,-0.1136084362276498
36.05560188149038,51.83783783783784,,1.0,100.0,1.0,-0.1142022895961512
36.34531759951923,51.83783783783784,,1.0,100.0,1.0,-0.1147945693685188
36.63503331754807,51.83783783783784,,1.0,100.0,1.0,-0.1153851311499434
36.92474903557693,51.83783783783784,,1.0,100.0,1.0,-0.1159738590062035
37.21446475360577,51.83783783783784,,1.0,100.0,1.0,-0.1165606647650414
37.50418047163461,51.83783783783784,,1.0,100.0,1.0,-0.1171454872930273
37.79389618966346,51.83783783783784,,1.0,100.0,1.0,-0.1177282917492045
38.08361190769231,51.83783783783784,,1.0,100.0,1.0,-0.1183090688165621
38.37332762572115,51.83783783783784,,1.0,100.0,1.0,-0.1188878339126413
38.66304334375,51.83783783783784,,1.0,100.0,1.0,-0.1194646263806498
38.95275906177885,51.83783783783784,,1.0,100.0,1.0,-0.1200395086626001
39.24247477980769,51.83783783783784,,1.0,100.0,1.0,-0.1206125654561121
39.53219049783654,51.83783783783784,,1.0,100.0,1.0,-0.1211839028567248
39.82190621586538,51.83783783783784,,1.0,100.0,1.0,-0.12175364748758
40.111621933894234,51.83783783783784,,1.0,100.0,1.0,-0.122321945618708
40.40133765192307,51.83783783783784,,1.0,100.0,1.0,-0.1228889622780404
40.69105336995192,51.83783783783784,,1.0,100.0,1.0,-0.1234548803565485
40.98076908798076,51.83783783783784,,1.0,100.0,1.0,-0.1240198997100251
41.27048480600961,51.83783783783784,,1.0,100.0,1.0,-0.1245842362598932
41.56020052403846,51.83783783783784,,1.0,100.0,1.0,-0.1251481210957888
41.8499162420673,51.83783783783784,,1.0,100.0,1.0,-0.1257117995823768
42.13963196009615,51.83783783783784,,1.0,100.0,1.0,-0.1262755304730904
42.429347678125,51.83783783783784,,1.0,100.0,1.0,-0.1268395850332618
42.71906339615384,51.83783783783784,,1.0,100.0,1.0,-0.1274042461752107
43.00877911418269,51.83783783783784,,1.0,100.0,1.0,-0.1279698076076072
43.29849483221154,51.83783783783784,,1.0,100.0,1.0,-0.1285365730013939
43.58821055024038,51.83783783783784,,1.0,100.0,1.0,-0.1291048551744705
43.87792626826923,51.83783783783784,,1.0,100.0,1.0,-0.1296749752969745
44.16764198629807,51.83783783783784,,1.0,100.0,1.0,-0.1302472621191256
44.457357704326924,51.83783783783784,,1.0,100.0,1.0,-0.13082205122313
44.74707342235577,51.83783783783784,,1.0,100.0,1.0,-0.1313996843006801
45.03678914038461,51.83783783783784,,1.0,100.0,1.0,-0.1319805084572514
45.32650485841346,51.83783783783784,,1.0,100.0,1.0,-0.1325648755443232
45.61622057644231,51.83783783783784,,1.0,100.0,1.0,-0.133153141520363
45.905936294471154,51.83783783783784,,1.0,100.0,1.0,-0.1337456658414006
46.1956520125,51.83783783783784,,1.0,100.0,1.0,-0.1343428108816619
46.485367730528836,51.83783783783784,,1.0,100.0,1.0,-0.1349449413848017
46.775083448557695,51.83783783783784,,1.0,100.0,1.0,-0.1355524239459518
47.06479916658654,51.83783783783784,,1.0,100.0,1.0,-0.1361656265247766
47.35451488461538,51.83783783783784,,1.0,100.0,1.0,-0.1367849179897277
47.644230602644235,51.83783783783784,,1.0,100.0,1.0,-0.1374106676933235
47.93394632067308,51.83783783783784,,1.0,100.0,1.0,-0.1380432450784915
48.22366203870192,51.83783783783784,,1.0,100.0,1.0,-0.1386830193157932
48.51337775673076,51.83783783783784,,1.0,100.0,1.0,-0.139330358971361
48.80309347475962,51.83783783783784,,1.0,100.0,1.0,-0.1399856317052493
49.092809192788465,51.83783783783784,,1.0,100.0,1.0,-0.1406492040000529
49.38252491081732,51.83783783783784,,1.0,100.0,1.0,-0.1413214409193911
49.67224062884614,51.83783783783784,,1.0,100.0,1.0,-0.1420027058960281
49.96195634687499,51.83783783783784,,1.0,100.0,1.0,-0.1426933605492679
50.25167206490384,51.83783783783784,,1.0,100.0,1.0,-0.1433937645314222
50.54138778293269,51.83783783783784,,1.0,100.0,1.0,-0.1441042754027871
50.83110350096153,51.83783783783784,,1.0,100.0,1.0,-0.1448252485350909
51.120819218990384,51.83783783783784,,1.0,100.0,1.0,-0.1455570370428117
51.41053493701923,51.83783783783784,,1.0,100.0,1.0,-0.1462999917422585
51.70025065504807,51.83783783783784,,1.0,100.0,1.0,-0.1470544611378673
51.98996637307691,51.83783783783784,,1.0,100.0,1.0,-0.1478207914355661
52.27968209110577,51.83783783783784,,1.0,100.0,1.0,-0.1485993265826728
52.569397809134614,51.83783783783784,,1.0,100.0,1.0,-0.1493904083341396
52.859113527163466,51.83783783783784,,1.0,100.0,1.0,-0.1501943763446197
53.148829245192296,51.83783783783784,,1.0,100.0,1.0,-0.1510115682861654
53.438544963221155,51.83783783783784,,1.0,100.0,1.0,-0.1518423199910143
53.72826068124999,51.83783783783784,,1.0,100.0,1.0,-0.1526869656191661
54.01797639927885,51.83783783783784,,1.0,100.0,1.0,-0.1535458378502707
54.30769211730768,51.83783783783784,,1.0,100.0,1.0,-0.1544192680995777
54.59740783533653,51.83783783783784,,1.0,100.0,1.0,-0.1553075867572978
54.88712355336538,51.83783783783784,,1.0,100.0,1.0,-0.1562111234511277
55.176839271394236,51.83783783783784,,1.0,100.0,1.0,-0.1571302073313629
55.46655498942307,51.83783783783784,,1.0,100.0,1.0,-0.1580651673782375
55.75627070745192,51.83783783783784,,1.0,100.0,1.0,-0.1590163327309535
56.04598642548078,51.83783783783784,,1.0,100.0,1.0,-0.159984033037979
56.33570214350961,51.83783783783784,,1.0,100.0,1.0,-0.1609685988280625
56.62541786153845,51.83783783783784,,1.0,100.0,1.0,-0.1619703619015073
56.9151335795673,51.83783783783784,,1.0,100.0,1.0,-0.1629896557412747
57.20484929759615,51.83783783783784,,1.0,100.0,1.0,-0.1640268159432597
57.49456501562499,51.83783783783784,,1.0,100.0,1.0,-0.1650821806653778
57.784280733653844,51.83783783783784,,1.0,100.0,1.0,-0.1661560910949184
58.07399645168269,51.83783783783784,,1.0,100.0,1.0,-0.1672488919336076
58.36371216971153,51.83783783783784,,1.0,100.0,1.0,-0.16836093189995
58.65342788774037,51.83783783783784,,1.0,100.0,1.0,-0.1694925642483304
58.94314360576924,51.83783783783784,,1.0,100.0,1.0,-0.1706441473043699
59.23285932379808,51.83783783783784,,1.0,100.0,1.0,-0.1718160450160747
59.52257504182691,51.83783783783784,,1.0,100.0,1.0,-0.1730086275202998
59.812290759855756,51.83783783783784,,1.0,100.0,1.0,-0.1742222717240431
60.10200647788461,51.83783783783784,,1.0,100.0,1.0,-0.1754573619002262
60.39172219591345,51.83783783783784,,1.0,100.0,1.0,-0.1767142902973271
60.6814379139423,51.83783783783784,,1.0,100.0,1.0,-0.1779934577626544
60.97115363197115,51.83783783783784,,1.0,100.0,1.0,-0.1792952743787672
61.26086934999999,51.83783783783784,,1.0,100.0,1.0,-0.1806201601126319
61.55058506802884,51.83783783783784,,1.0,100.0,1.0,-0.1819685454771623
61.84030078605769,51.83783783783784,,1.0,100.0,1.0,-0.1833408722049351
62.130016504086534,51.83783783783784,,1.0,100.0,1.0,-0.1847375939334656
62.41973222211538,51.83783783783784,,1.0,100.0,1.0,-0.1861591769020626
62.70944794014423,51.83783783783784,,1.0,100.0,1.0,-0.1876061006597456
62.999163658173075,51.83783783783784,,1.0,100.0,1.0,-0.1890788587840651
63.288879376201905,51.83783783783784,,1.0,100.0,1.0,-0.1905779596106003
63.578595094230764,51.83783783783784,,1.0,100.0,1.0,-0.1921039269728646
63.868310812259615,51.83783783783784,,1.0,100.0,1.0,-0.1936573009524361
64.15802653028845,51.83783783783784,,1.0,100.0,1.0,-0.1952386386392479
64.4477422483173,51.83783783783784,,1.0,100.0,1.0,-0.1968485149017039
64.73745796634616,51.83783783783784,,1.0,100.0,1.0,-0.1984875231666875
65.027173684375,51.83783783783784,,1.0,100.0,1.0,-0.2001562762092584
65.31688940240385,51.83783783783784,,1.0,100.0,1.0,-0.2018554069519781
65.60660512043269,51.83783783783784,,1.0,100.0,1.0,-0.2035855692738553
65.89632083846153,51.83783783783784,,1.0,100.0,1.0,-0.2053474388288481
66.18603655649038,51.83783783783784,,1.0,100.0,1.0,-0.2071417138739063
66.47575227451922,51.83783783783784,,1.0,100.0,1.0,-0.2089691161066625
66.76546799254808,51.83783783783784,,1.0,100.0,1.0,-0.2108303915126194
67.05518371057693,51.83783783783784,,1.0,100.0,1.0,-0.2127263112221616
67.34489942860577,51.83783783783784,,1.0,100.0,1.0,-0.2146576723772854
67.63461514663462,51.83783783783784,,1.0,100.0,1.0,-0.2166252990081428
67.92433086466346,51.83783783783784,,1.0,100.0,1.0,-0.2186300429197167
68.2140465826923,51.83783783783784,,1.0,100.0,1.0,-0.2206727845885463
68.50376230072115,51.83783783783784,,1.0,100.0,1.0,-0.2227544340698493
68.79347801875001,51.83783783783784,,1.0,100.0,1.0,-0.2248759319151426
69.08319373677885,51.83783783783784,,1.0,100.0,1.0,-0.2270382501006126
69.3729094548077,51.83783783783784,,1.0,100.0,1.0,-0.2292423929664235
69.66262517283654,51.83783783783784,,1.0,100.0,1.0,-0.2314893981672496
69.95234089086537,51.83783783783784,,1.0,100.0,1.0,-0.2337803376343767
70.24205660889423,51.83783783783784,,1.0,100.0,1.0,-0.2361163185494676
70.53177232692308,51.83783783783784,,1.0,100.0,1.0,-0.2384984843305186
70.82148804495192,51.83783783783784,,1.0,100.0,1.0,-0.2409280156302252
71.11120376298076,51.83783783783784,,1.0,100.0,1.0,-0.2434061313471027
71.40091948100961,51.83783783783784,,1.0,100.0,1.0,-0.245934089649783
71.69063519903845,51.83783783783784,,1.0,100.0,1.0,-0.248513189014903
71.9803509170673,51.83783783783784,,1.0,100.0,1.0,-0.2511447692787922
72.27006663509614,51.83783783783784,,1.0,100.0,1.0,-0.2538302127037429
72.55978235312502,51.83783783783784,,1.0,100.0,1.0,-0.2565709450589768
72.84949807115386,51.83783783783784,,1.0,100.0,1.0,-0.259368436716911
73.13921378918268,51.83783783783784,,1.0,100.0,1.0,-0.2622242037653033
73.42892950721154,51.83783783783784,,1.0,100.0,1.0,-0.2651398091355258
73.71864522524038,51.83783783783784,,1.0,100.0,1.0,-0.2681168637478655
74.00836094326922,51.83783783783784,,1.0,100.0,1.0,-0.2711570276740076
74.29807666129807,51.83783783783784,,1.0,100.0,1.0,-0.2742620113175112
74.58779237932691,51.83783783783784,,1.0,100.0,1.0,-0.2774335766128357
74.87750809735577,51.83783783783784,,1.0,100.0,1.0,-0.2806735382434669
75.16722381538462,51.83783783783784,,1.0,100.0,1.0,-0.2839837648797598
75.45693953341345,51.83783783783784,,1.0,100.0,1.0,-0.2873661804372708
75.7466552514423,51.83783783783784,,1.0,100.0,1.0,-0.2908227653560437
76.03637096947115,51.83783783783784,,1.0,100.0,1.0,-0.2943555579018234
76.32608668750001,51.83783783783784,,1.0,100.0,1.0,-0.2979666554896072
76.61580240552884,51.83783783783784,,1.0,100.0,1.0,-0.3016582160305462
76.9055181235577,51.83783783783784,,1.0,100.0,1.0,-0.3054324593027341
77.19523384158653,51.83783783783784,,1.0,100.0,1.0,-0.3092916683468711
77.48494955961539,51.83783783783784,,1.0,100.0,1.0,-0.3132381908874529
77.77466527764422,51.83783783783784,,1.0,100.0,1.0,-0.3172744407804371
78.06438099567308,51.83783783783784,,1.0,100.0,1.0,-0.3214028994881784
78.35409671370192,51.83783783783784,,1.0,100.0,1.0,-0.3256261175825576
78.64381243173077,51.83783783783784,,1.0,100.0,1.0,-0.3299467162772338
78.93352814975961,51.83783783783784,,1.0,100.0,1.0,-0.3343673889899203
79.22324386778845,51.83783783783784,,1.0,100.0,1.0,-0.3388909029357183
79.51295958581731,51.83783783783784,,1.0,100.0,1.0,-0.343520100752482
79.80267530384614,51.83783783783784,,1.0,100.0,1.0,-0.3482579021592279
80.09239102187499,51.83783783783784,,1.0,100.0,1.0,-0.3531073056486904
80.38210673990385,51.83783783783784,,1.0,100.0,1.0,-0.3580713902152105
80.67182245793269,51.83783783783784,,1.0,100.0,1.0,-0.3631533171188525
80.96153817596152,51.83783783783784,,1.0,100.0,1.0,-0.3683563316871393
81.25125389399038,51.83783783783784,,1.0,100.0,1.0,-0.373683765155581
81.54096961201923,51.83783783783784,,1.0,100.0,1.0,-0.3791390365481485
81.83068533004807,51.83783783783784,,1.0,100.0,1.0,-0.3847256545990166
82.12040104807691,51.83783783783784,,1.0,100.0,1.0,-0.3904472197169281
82.41011676610577,51.83783783783784,,1.0,100.0,1.0,-0.3963074259935906
82.6998324841346,51.83783783783784,,1.0,100.0,1.0,-0.4023100632572571
82.98954820216345,51.83783783783784,,1.0,100.0,1.0,-0.4084590191732765
83.2792639201923,51.83783783783784,,1.0,100.0,1.0,-0.4147582813929478
83.56897963822115,51.83783783783784,,1.0,100.0,1.0,-0.4212119397521066
83.85869535625,51.83783783783784,,1.0,100.0,1.0,-0.4278241885213359
84.14841107427884,51.83783783783784,,1.0,100.0,1.0,-0.4345993287090605
84.43812679230768,51.83783783783784,,1.0,100.0,1.0,-0.4415417704195269
84.72784251033653,51.83783783783784,,1.0,100.0,1.0,-0.4486560352673503
85.01755822836537,51.83783783783784,,1.0,100.0,1.0,-0.4559467588502128
85.30727394639422,51.83783783783784,,1.0,100.0,1.0,-0.4634186932819673
85.59698966442308,51.83783783783784,,1.0,100.0,1.0,-0.4710767097876213
85.88670538245192,51.83783783783784,,1.0,100.0,1.0,-0.4789258013626257
86.17642110048077,51.83783783783784,,1.0,100.0,1.0,-0.4869710854980923
86.46613681850961,51.83783783783784,,1.0,100.0,1.0,-0.4952178069744671
86.75585253653846,51.83783783783784,,1.0,100.0,1.0,-0.5036713407254593
87.0455682545673,51.83783783783784,,1.0,100.0,1.0,-0.5123371947748028
87.33528397259614,51.83783783783784,,1.0,100.0,1.0,-0.5212210132479546
87.624999690625,51.83783783783784,,1.0,100.0,1.0,-0.5303285794612612
1.0,54.513513513513516,,1.0,100.0,1.0,-0.3024961269258746
1.289715718028846,54.513513513513516,,1.0,100.0,1.0,-0.2961322368541491
1.5794314360576922,54.513513513513516,,1.0,100.0,1.0,-0.2898937824048423
1.8691471540865385,54.513513513513516,,1.0,100.0,1.0,-0.283779478935209
2.1588628721153844,54.513513513513516,,1.0,100.0,1.0,-0.2777880660891494
2.4485785901442307,54.513513513513516,,1.0,100.0,1.0,-0.2719183077224562
2.738294308173077,54.513513513513516,,1.0,100.0,1.0,-0.2661689916982351
3.028010026201923,54.513513513513516,,1.0,100.0,1.0,-0.2605389295590293
3.3177257442307693,54.513513513513516,,1.0,100.0,1.0,-0.2550269560821447
3.607441462259615,54.513513513513516,,1.0,100.0,1.0,-0.2496319287247901
3.897157180288461,54.513513513513516,,1.0,100.0,1.0,-0.2443527269655678
4.186872898317307,54.513513513513516,,1.0,100.0,1.0,-0.2391882515489385
4.476588616346154,54.513513513513516,,1.0,100.0,1.0,-0.234137423639232
4.766304334375,54.513513513513516,,1.0,100.0,1.0,-0.22919918389081
5.056020052403846,54.513513513513516,,1.0,100.0,1.0,-0.2243724914410075
5.345735770432693,54.513513513513516,,1.0,100.0,1.0,-0.2196563228323238
5.6354514884615385,54.513513513513516,,1.0,100.0,1.0,-0.215049670870572
5.925167206490385,54.513513513513516,,1.0,100.0,1.0,-0.2105515434254069
6.21488292451923,54.513513513513516,,1.0,100.0,1.0,-0.2061609621797944
6.504598642548077,54.513513513513516,,1.0,100.0,1.0,-0.2018769613348516
6.794314360576923,54.513513513513516,,1.0,100.0,1.0,-0.1976985862764791
7.084030078605768,54.513513513513516,,1.0,100.0,1.0,-0.1936248922101973
7.373745796634614,54.513513513513516,,1.0,100.0,1.0,-0.1896549427703362
7.663461514663462,54.513513513513516,,1.0,100.0,1.0,-0.1857878086099838
7.9531772326923065,54.513513513513516,,1.0,100.0,1.0,-0.1820225659776779
8.242892950721153,54.513513513513516,,1.0,100.0,1.0,-0.1783582952869342
8.53260866875,54.513513513513516,,1.0,100.0,1.0,-0.1747940796845717
8.822324386778845,54.513513513513516,,1.0,100.0,1.0,-0.1713290036236535
9.112040104807692,54.513513513513516,,1.0,100.0,1.0,-0.1679621514467286
9.401755822836538,54.513513513513516,,1.0,100.0,1.0,-0.1646926059849903
9.691471540865384,54.513513513513516,,1.0,100.0,1.0,-0.1615194471787986
9.98118725889423,54.513513513513516,,1.0,100.0,1.0,-0.1584417507248252
10.270902976923075,54.513513513513516,,1.0,100.0,1.0,-0.1554585867550092
10.560618694951922,54.513513513513516,,1.0,100.0,1.0,-0.1525690185522818
10.850334412980768,54.513513513513516,,1.0,100.0,1.0,-0.1497721013078491
11.140050131009614,54.513513513513516,,1.0,100.0,1.0,-0.1470668809246617
11.42976584903846,54.513513513513516,,1.0,100.0,1.0,-0.1444523928715451
11.719481567067307,54.513513513513516,,1.0,100.0,1.0,-0.1419276610921076
12.009197285096153,54.513513513513516,,1.0,100.0,1.0,-0.1394916969725573
12.298913003125,54.513513513513516,,1.0,100.0,1.0,-0.1371434983721896
12.588628721153844,54.513513513513516,,1.0,100.0,1.0,-0.1348820487200718
12.87834443918269,54.513513513513516,,1.0,100.0,1.0,-0.1327063161813527
13.168060157211537,54.513513513513516,,1.0,100.0,1.0,-0.1306152528962456
13.457775875240383,54.513513513513516,,1.0,100.0,1.0,-0.1286077942945647
13.747491593269228,54.513513513513516,,1.0,100.0,1.0,-0.1266828584883905
14.037207311298074,54.513513513513516,,1.0,100.0,1.0,-0.1248393457452679
14.32692302932692,54.513513513513516,,1.0,100.0,1.0,-0.1230761380439067
14.616638747355767,54.513513513513516,,1.0,100.0,1.0,-0.1213920987143518
14.906354465384615,54.513513513513516,,1.0,100.0,1.0,-0.1197860721639397
15.196070183413461,54.513513513513516,,1.0,100.0,1.0,-0.1182568836905014
15.485785901442307,54.513513513513516,,1.0,100.0,1.0,-0.1168033393835999
15.775501619471152,54.513513513513516,,1.0,100.0,1.0,-0.1154242261145663
16.0652173375,54.513513513513516,,1.0,100.0,1.0,-0.1141183116156773
16.354933055528846,54.513513513513516,,1.0,100.0,1.0,-0.1128843446485273
16.64464877355769,54.513513513513516,,1.0,100.0,1.0,-0.1117210552614029
16.93436449158654,54.513513513513516,,1.0,100.0,1.0,-0.1106271551351322
17.224080209615384,54.513513513513516,,1.0,100.0,1.0,-0.1096013380165404
17.51379592764423,54.513513513513516,,1.0,100.0,1.0,-0.1086422802384227
17.803511645673076,54.513513513513516,,1.0,100.0,1.0,-0.1077486413245678
18.093227363701924,54.513513513513516,,1.0,100.0,1.0,-0.1069190646780768
18.38294308173077,54.513513513513516,,1.0,100.0,1.0,-0.1061521783510462
18.672658799759613,54.513513513513516,,1.0,100.0,1.0,-0.1054465958930654
18.96237451778846,54.513513513513516,,1.0,100.0,1.0,-0.1048009172761437
19.252090235817306,54.513513513513516,,1.0,100.0,1.0,-0.1042137298929563
19.541805953846154,54.513513513513516,,1.0,100.0,1.0,-0.1036836096252899
19.831521671875,54.513513513513516,,1.0,100.0,1.0,-0.1032091219792313
20.121237389903843,54.513513513513516,,1.0,100.0,1.0,-0.1027888232832595
20.41095310793269,54.513513513513516,,1.0,100.0,1.0,-0.1024212619453646
20.700668825961536,54.513513513513516,,1.0,100.0,1.0,-0.1021049797648203
20.99038454399038,54.513513513513516,,1.0,100.0,1.0,-0.1018385132942398
21.28010026201923,54.513513513513516,,1.0,100.0,1.0,-0.101620395247145
21.569815980048077,54.513513513513516,,1.0,100.0,1.0,-0.1014491559461891
21.85953169807692,54.513513513513516,,1.0,100.0,1.0,-0.1013233248069189
22.14924741610577,54.513513513513516,,1.0,100.0,1.0,-0.1012414318519032
22.438963134134614,54.513513513513516,,1.0,100.0,1.0,-0.1012020092497585
22.728678852163462,54.513513513513516,,1.0,100.0,1.0,-0.1012035928736181
23.018394570192307,54.513513513513516,,1.0,100.0,1.0,-0.1012447238734598
23.308110288221158,54.513513513513516,,1.0,100.0,1.0,-0.1013239502566012
23.59782600625,54.513513513513516,,1.0,100.0,1.0,-0.1014398284707264
23.88754172427884,54.513513513513516,,1.0,100.0,1.0,-0.1015909249835975
24.17725744230769,54.513513513513516,,1.0,100.0,1.0,-0.101775817854024
24.46697316033654,54.513513513513516,,1.0,100.0,1.0,-0.1019930982881841
24.75668887836538,54.513513513513516,,1.0,100.0,1.0,-0.1022413721759534
25.046404596394233,54.513513513513516,,1.0,100.0,1.0,-0.1025192616017958
25.336120314423074,54.513513513513516,,1.0,100.0,1.0,-0.102825406324867
25.62583603245192,54.513513513513516,,1.0,100.0,1.0,-0.1031584652233987
25.915551750480766,54.513513513513516,,1.0,100.0,1.0,-0.1035171176983971
26.205267468509614,54.513513513513516,,1.0,100.0,1.0,-0.1039000650321286
26.494983186538455,54.513513513513516,,1.0,100.0,1.0,-0.1043060316971
26.78469890456731,54.513513513513516,,1.0,100.0,1.0,-0.1047337666114132
27.074414622596148,54.513513513513516,,1.0,100.0,1.0,-0.1051820443369855
27.364130340624996,54.513513513513516,,1.0,100.0,1.0,-0.1056496662172433
27.65384605865384,54.513513513513516,,1.0,100.0,1.0,-0.106135461451341
27.94356177668269,54.513513513513516,,1.0,100.0,1.0,-0.1066382881024492
28.233277494711533,54.513513513513516,,1.0,100.0,1.0,-0.1071570340379146
28.52299321274039,54.513513513513516,,1.0,100.0,1.0,-0.1076906177996379
28.812708930769226,54.513513513513516,,1.0,100.0,1.0,-0.10823798940331
29.102424648798074,54.513513513513516,,1.0,100.0,1.0,-0.1087981310656858
29.392140366826922,54.513513513513516,,1.0,100.0,1.0,-0.1093700578593602
29.681856084855767,54.513513513513516,,1.0,100.0,1.0,-0.1099528182949803
29.97157180288462,54.513513513513516,,1.0,100.0,1.0,-0.1105454948312522
30.261287520913456,54.513513513513516,,1.0,100.0,1.0,-0.1111472043132233
30.551003238942304,54.513513513513516,,1.0,100.0,1.0,-0.1117570983400454
30.84071895697115,54.513513513513516,,1.0,100.0,1.0,-0.1123743635632626
31.130434674999997,54.513513513513516,,1.0,100.0,1.0,-0.1129982219173622
31.420150393028845,54.513513513513516,,1.0,100.0,1.0,-0.1136279307842232
31.709866111057696,54.513513513513516,,1.0,100.0,1.0,-0.1142627830935587
31.999581829086537,54.513513513513516,,1.0,100.0,1.0,-0.1149021073613613
32.28929754711538,54.513513513513516,,1.0,100.0,1.0,-0.1155452676686836
32.579013265144226,54.513513513513516,,1.0,100.0,1.0,-0.1161916635831075
32.86872898317308,54.513513513513516,,1.0,100.0,1.0,-0.1168407300251528
33.15844470120192,54.513513513513516,,1.0,100.0,1.0,-0.117491937082205
33.44816041923077,54.513513513513516,,1.0,100.0,1.0,-0.1181447897721349
33.73787613725961,54.513513513513516,,1.0,100.0,1.0,-0.1187988277591071
34.02759185528846,54.513513513513516,,1.0,100.0,1.0,-0.119453625023739
34.31730757331731,54.513513513513516,,1.0,100.0,1.0,-0.1201087894897947
34.60702329134615,54.513513513513516,,1.0,100.0,1.0,-0.1207639626095613
34.896739009375,54.513513513513516,,1.0,100.0,1.0,-0.1214188189097663
35.18645472740385,54.513513513513516,,1.0,100.0,1.0,-0.1220730655000019
35.476170445432686,54.513513513513516,,1.0,100.0,1.0,-0.1227264415453535
35.76588616346154,54.513513513513516,,1.0,100.0,1.0,-0.1233787177049255
36.05560188149038,54.513513513513516,,1.0,100.0,1.0,-0.1240296955378563
36.34531759951923,54.513513513513516,,1.0,100.0,1.0,-0.1246792068782528
36.63503331754807,54.513513513513516,,1.0,100.0,1.0,-0.1253271131806459
36.92474903557693,54.513513513513516,,1.0,100.0,1.0,-0.1259733048372612
37.21446475360577,54.513513513513516,,1.0,100.0,1.0,-0.1266177004686075
37.50418047163461,54.513513513513516,,1.0,100.0,1.0,-0.127260246188781
37.79389618966346,54.513513513513516,,1.0,100.0,1.0,-0.1279009148470267
38.08361190769231,54.513513513513516,,1.0,100.0,1.0,-0.128539705246982
38.37332762572115,54.513513513513516,,1.0,100.0,1.0,-0.1291766413453039
38.66304334375,54.513513513513516,,1.0,100.0,1.0,-0.1298117714313298
38.95275906177885,54.513513513513516,,1.0,100.0,1.0,-0.1304451672895261
39.24247477980769,54.513513513513516,,1.0,100.0,1.0,-0.1310769233467156
39.53219049783654,54.513513513513516,,1.0,100.0,1.0,-0.1317071558059811
39.82190621586538,54.513513513513516,,1.0,100.0,1.0,-0.1323360017694137
40.111621933894234,54.513513513513516,,1.0,100.0,1.0,-0.1329636183518995
40.40133765192307,54.513513513513516,,1.0,100.0,1.0,-0.1335901817882474
40.69105336995192,54.513513513513516,,1.0,100.0,1.0,-0.1342158865359589
40.98076908798076,54.513513513513516,,1.0,100.0,1.0,-0.1348409443761832
41.27048480600961,54.513513513513516,,1.0,100.0,1.0,-0.1354655835152296
41.56020052403846,54.513513513513516,,1.0,100.0,1.0,-0.1360900476890739
41.8499162420673,54.513513513513516,,1.0,100.0,1.0,-0.1367145952734588
42.13963196009615,54.513513513513516,,1.0,100.0,1.0,-0.1373394984018954
42.429347678125,54.513513513513516,,1.0,100.0,1.0,-0.1379650420939518
42.71906339615384,54.513513513513516,,1.0,100.0,1.0,-0.1385915233961981
43.00877911418269,54.513513513513516,,1.0,100.0,1.0,-0.139219250537959
43.29849483221154,54.513513513513516,,1.0,100.0,1.0,-0.1398485421038635
43.58821055024038,54.513513513513516,,1.0,100.0,1.0,-0.1404797262253669
43.87792626826923,54.513513513513516,,1.0,100.0,1.0,-0.1411131397927398
44.16764198629807,54.513513513513516,,1.0,100.0,1.0,-0.1417491276894671
44.457357704326924,54.513513513513516,,1.0,100.0,1.0,-0.1423880420503364
44.74707342235577,54.513513513513516,,1.0,100.0,1.0,-0.1430302415446508
45.03678914038461,54.513513513513516,,1.0,100.0,1.0,-0.1436760906856394
45.32650485841346,54.513513513513516,,1.0,100.0,1.0,-0.1443259591671674
45.61622057644231,54.513513513513516,,1.0,100.0,1.0,-0.1449802212285134
45.905936294471154,54.513513513513516,,1.0,100.0,1.0,-0.1456392550479368
46.1956520125,54.513513513513516,,1.0,100.0,1.0,-0.146303442165632
46.485367730528836,54.513513513513516,,1.0,100.0,1.0,-0.1469731669364397
46.775083448557695,54.513513513513516,,1.0,100.0,1.0,-0.1476488160126891
47.06479916658654,54.513513513513516,,1.0,100.0,1.0,-0.1483307778574167
47.35451488461538,54.513513513513516,,1.0,100.0,1.0,-0.1490194422879746
47.644230602644235,54.513513513513516,,1.0,100.0,1.0,-0.1497152000502289
47.93394632067308,54.513513513513516,,1.0,100.0,1.0,-0.1504184424232107
48.22366203870192,54.513513513513516,,1.0,100.0,1.0,-0.1511295608542446
48.51337775673076,54.513513513513516,,1.0,100.0,1.0,-0.1518489466242994
48.80309347475962,54.513513513513516,,1.0,100.0,1.0,-0.1525769905435446
49.092809192788465,54.513513513513516,,1.0,100.0,1.0,-0.1533140826768724
49.38252491081732,54.513513513513516,,1.0,100.0,1.0,-0.1540606120990981
49.67224062884614,54.513513513513516,,1.0,100.0,1.0,-0.1548169666796501
49.96195634687499,54.513513513513516,,1.0,100.0,1.0,-0.1555835328965589
50.25167206490384,54.513513513513516,,1.0,100.0,1.0,-0.1563606956793672
50.54138778293269,54.513513513513516,,1.0,100.0,1.0,-0.1571488382807145
50.83110350096153,54.513513513513516,,1.0,100.0,1.0,-0.1579483421763943
51.120819218990384,54.513513513513516,,1.0,100.0,1.0,-0.1587595869933739
51.41053493701923,54.513513513513516,,1.0,100.0,1.0,-0.1595829504657542
51.70025065504807,54.513513513513516,,1.0,100.0,1.0,-0.160418808418115
51.98996637307691,54.513513513513516,,1.0,100.0,1.0,-0.1612675347760106
52.27968209110577,54.513513513513516,,1.0,100.0,1.0,-0.1621295016033117
52.569397809134614,54.513513513513516,,1.0,100.0,1.0,-0.1630050791659623
52.859113527163466,54.513513513513516,,1.0,100.0,1.0,-0.1638946360218802
53.148829245192296,54.513513513513516,,1.0,100.0,1.0,-0.1647985391366083
53.438544963221155,54.513513513513516,,1.0,100.0,1.0,-0.1657171540242686
53.72826068124999,54.513513513513516,,1.0,100.0,1.0,-0.1666508449135011
54.01797639927885,54.513513513513516,,1.0,100.0,1.0,-0.167599974937984
54.30769211730768,54.513513513513516,,1.0,100.0,1.0,-0.1685649063510642
54.59740783533653,54.513513513513516,,1.0,100.0,1.0,-0.1695460007640788
54.88712355336538,54.513513513513516,,1.0,100.0,1.0,-0.1705436194080025
55.176839271394236,54.513513513513516,,1.0,100.0,1.0,-0.1715581234177946
55.46655498942307,54.513513513513516,,1.0,100.0,1.0,-0.1725898741392307
55.75627070745192,54.513513513513516,,1.0,100.0,1.0,-0.1736392334574281
56.04598642548078,54.513513513513516,,1.0,100.0,1.0,-0.1747065641469507
56.33570214350961,54.513513513513516,,1.0,100.0,1.0,-0.1757922302426688
56.62541786153845,54.513513513513516,,1.0,100.0,1.0,-0.1768965974310369
56.9151335795673,54.513513513513516,,1.0,100.0,1.0,-0.1780200334613568
57.20484929759615,54.513513513513516,,1.0,100.0,1.0,-0.1791629085763363
57.49456501562499,54.513513513513516,,1.0,100.0,1.0,-0.1803255959616062
57.784280733653844,54.513513513513516,,1.0,100.0,1.0,-0.1815084722135823
58.07399645168269,54.513513513513516,,1.0,100.0,1.0,-0.182711917825293
58.36371216971153,54.513513513513516,,1.0,100.0,1.0,-0.1839363176895118
58.65342788774037,54.513513513513516,,1.0,100.0,1.0,-0.1851820616188453
58.94314360576924,54.513513513513516,,1.0,100.0,1.0,-0.1864495448822506
59.23285932379808,54.513513513513516,,1.0,100.0,1.0,-0.1877391687574146
59.52257504182691,54.513513513513516,,1.0,100.0,1.0,-0.1890513410987553
59.812290759855756,54.513513513513516,,1.0,100.0,1.0,-0.1903864769202857
60.10200647788461,54.513513513513516,,1.0,100.0,1.0,-0.191744998993233
60.39172219591345,54.513513513513516,,1.0,100.0,1.0,-0.1931273384576615
60.6814379139423,54.513513513513516,,1.0,100.0,1.0,-0.194533935447946
60.97115363197115,54.513513513513516,,1.0,100.0,1.0,-0.1959652397315997
61.26086934999999,54.513513513513516,,1.0,100.0,1.0,-0.1974217113610612
61.55058506802884,54.513513513513516,,1.0,100.0,1.0,-0.1989038213380972
61.84030078605769,54.513513513513516,,1.0,100.0,1.0,-0.2004120522905338
62.130016504086534,54.513513513513516,,1.0,100.0,1.0,-0.2019468991609915
62.41973222211538,54.513513513513516,,1.0,100.0,1.0,-0.2035088699071904
62.70944794014423,54.513513513513516,,1.0,100.0,1.0,-0.205098486213834
62.999163658173075,54.513513513513516,,1.0,100.0,1.0,-0.2067162842154687
63.288879376201905,54.513513513513516,,1.0,100.0,1.0,-0.2083628152304644
63.578595094230764,54.513513513513516,,1.0,100.0,1.0,-0.2100386465055213
63.868310812259615,54.513513513513516,,1.0,100.0,1.0,-0.2117443619708593
64.15802653028845,54.513513513513516,,1.0,100.0,1.0,-0.2134805630057624
64.4477422483173,54.513513513513516,,1.0,100.0,1.0,-0.2152478692142937
64.73745796634616,54.513513513513516,,1.0,100.0,1.0,-0.2170469192112305
65.027173684375,54.513513513513516,,1.0,100.0,1.0,-0.2188783714179875
65.31688940240385,54.513513513513516,,1.0,100.0,1.0,-0.2207429048684583
65.60660512043269,54.513513513513516,,1.0,100.0,1.0,-0.2226412200248919
65.89632083846153,54.513513513513516,,1.0,100.0,1.0,-0.2245740396035672
66.18603655649038,54.513513513513516,,1.0,100.0,1.0,-0.2265421094104244
66.47575227451922,54.513513513513516,,1.0,100.0,1.0,-0.228546199186591
66.76546799254808,54.513513513513516,,1.0,100.0,1.0,-0.2305871034638295
67.05518371057693,54.513513513513516,,1.0,100.0,1.0,-0.2326656424300973
67.34489942860577,54.513513513513516,,1.0,100.0,1.0,-0.2347826628051798
67.63461514663462,54.513513513513516,,1.0,100.0,1.0,-0.2369390387264943
67.92433086466346,54.513513513513516,,1.0,100.0,1.0,-0.2391356726453725
68.2140465826923,54.513513513513516,,1.0,100.0,1.0,-0.2413734962337161
68.50376230072115,54.513513513513516,,1.0,100.0,1.0,-0.2436534713013818
68.79347801875001,54.513513513513516,,1.0,100.0,1.0,-0.2459765907244769
69.08319373677885,54.513513513513516,,1.0,100.0,1.0,-0.2483438793846683
69.3729094548077,54.513513513513516,,1.0,100.0,1.0,-0.2507563951198256
69.66262517283654,54.513513513513516,,1.0,100.0,1.0,-0.2532152296862331
69.95234089086537,54.513513513513516,,1.0,100.0,1.0,-0.2557215097326432
70.24205660889423,54.513513513513516,,1.0,100.0,1.0,-0.2582763977864433
70.53177232692308,54.513513513513516,,1.0,100.0,1.0,-0.2608810932522846
70.82148804495192,54.513513513513516,,1.0,100.0,1.0,-0.2635368334234261
71.11120376298076,54.513513513513516,,1.0,100.0,1.0,-0.266244894506271
71.40091948100961,54.513513513513516,,1.0,100.0,1.0,-0.2690065926583371
71.69063519903845,54.513513513513516,,1.0,100.0,1.0,-0.271823285040176
71.9803509170673,54.513513513513516,,1.0,100.0,1.0,-0.2746963708814182
72.27006663509614,54.513513513513516,,1.0,100.0,1.0,-0.2776272925617254
72.55978235312502,54.513513513513516,,1.0,100.0,1.0,-0.2806175367068126
72.84949807115386,54.513513513513516,,1.0,100.0,1.0,-0.2836686353000176
73.13921378918268,54.513513513513516,,1.0,100.0,1.0,-0.2867821668101644
73.42892950721154,54.513513513513516,,1.0,100.0,1.0,-0.289959757335836
73.71864522524038,54.513513513513516,,1.0,100.0,1.0,-0.293203081766931
74.00836094326922,54.513513513513516,,1.0,100.0,1.0,-0.2965138649638852
74.29807666129807,54.513513513513516,,1.0,100.0,1.0,-0.2998938829550371
74.58779237932691,54.513513513513516,,1.0,100.0,1.0,-0.3033449641529817
74.87750809735577,54.513513513513516,,1.0,100.0,1.0,-0.3068689905902498
75.16722381538462,54.513513513513516,,1.0,100.0,1.0,-0.3104678991751359
75.45693953341345,54.513513513513516,,1.0,100.0,1.0,-0.3141436829681642
75.7466552514423,54.513513513513516,,1.0,100.0,1.0,-0.3178983924799884
76.03637096947115,54.513513513513516,,1.0,100.0,1.0,-0.3217341369914572
76.32608668750001,54.513513513513516,,1.0,100.0,1.0,-0.325653085896282
76.61580240552884,54.513513513513516,,1.0,100.0,1.0,-0.3296574700674091
76.9055181235577,54.513513513513516,,1.0,100.0,1.0,-0.3337495832476268
77.19523384158653,54.513513513513516,,1.0,100.0,1.0,-0.3379317834653013
77.48494955961539,54.513513513513516,,1.0,100.0,1.0,-0.3422064944759049
77.77466527764422,54.513513513513516,,1.0,100.0,1.0,-0.3465762072304201
78.06438099567308,54.513513513513516,,1.0,100.0,1.0,-0.3510434813712393
78.35409671370192,54.513513513513516,,1.0,100.0,1.0,-0.3556109467566095
78.64381243173077,54.513513513513516,,1.0,100.0,1.0,-0.3602813050143898
78.93352814975961,54.513513513513516,,1.0,100.0,1.0,-0.3650573311263113
79.22324386778845,54.513513513513516,,1.0,100.0,1.0,-0.369941875043434
79.51295958581731,54.513513513513516,,1.0,100.0,1.0,-0.3749378633339139
79.80267530384614,54.513513513513516,,1.0,100.0,1.0,-0.3800483008642654
80.09239102187499,54.513513513513516,,1.0,100.0,1.0,-0.3852762725149214
80.38210673990385,54.513513513513516,,1.0,100.0,1.0,-0.3906249449314006
80.67182245793269,54.513513513513516,,1.0,100.0,1.0,-0.3960975683120388
80.96153817596152,54.513513513513516,,1.0,100.0,1.0,-0.40169747823365
81.25125389399038,54.513513513513516,,1.0,100.0,1.0,-0.4074280975161215
81.54096961201923,54.513513513513516,,1.0,100.0,1.0,-0.4132929381273811
81.83068533004807,54.513513513513516,,1.0,100.0,1.0,-0.4192956031297661
82.12040104807691,54.513513513513516,,1.0,100.0,1.0,-0.4254397886693911
82.41011676610577,54.513513513513516,,1.0,100.0,1.0,-0.4317292860096405
82.6998324841346,54.513513513513516,,1.0,100.0,1.0,-0.4381679836102727
82.98954820216345,54.513513513513516,,1.0,100.0,1.0,-0.4447598692536847
83.2792639201923,54.513513513513516,,1.0,100.0,1.0,-0.4515090322196117
83.56897963822115,54.513513513513516,,1.0,100.0,1.0,-0.458419665509898
83.85869535625,54.513513513513516,,1.0,100.0,1.0,-0.4654960681251107
84.14841107427884,54.513513513513516,,1.0,100.0,1.0,-0.4727426473941932
84.43812679230768,54.513513513513516,,1.0,100.0,1.0,-0.4801639213592005
84.72784251033653,54.513513513513516,,1.0,100.0,1.0,-0.4877645212169785
85.01755822836537,54.513513513513516,,1.0,100.0,1.0,-0.4955491938188505
85.30727394639422,54.513513513513516,,1.0,100.0,1.0,-0.5035228042311299
85.59698966442308,54.513513513513516,,1.0,100.0,1.0,-0.511690338357687
85.88670538245192,54.513513513513516,,1.0,100.0,1.0,-0.5200569056267561
86.17642110048077,54.513513513513516,,1.0,100.0,1.0,-0.5286277417440164
86.46613681850961,54.513513513513516,,1.0,100.0,1.0,-0.5374082115140911
86.75585253653846,54.513513513513516,,1.0,100.0,1.0,-0.5464038117325581
87.0455682545673,54.513513513513516,,1.0,100.0,1.0,-0.555620174150691
87.33528397259614,54.513513513513516,,1.0,100.0,1.0,-0.5650630685153307
87.624999690625,54.513513513513516,,1.0,100.0,1.0,-0.5747384056862456
1.0,57.189189189189186,,1.0,100.0,1.0,-0.3073907999292125
1.289715718028846,57.189189189189186,,1.0,100.0,1.0,-0.3010585839671265
1.5794314360576922,57.189189189189186,,1.0,100.0,1.0,-0.2948513523175832
1.8691471540865385,57.189189189189186,,1.0,100.0,1.0,-0.2887679055983442
2.1588628721153844,57.189189189189186,,1.0,100.0,1.0,-0.2828070638310643
2.4485785901442307,57.189189189189186,,1.0,100.0,1.0,-0.2769676664803876
2.738294308173077,57.189189189189186,,1.0,100.0,1.0,-0.2712485723655427
3.028010026201923,57.189189189189186,,1.0,100.0,1.0,-0.2656486594509556
3.3177257442307693,57.189189189189186,,1.0,100.0,1.0,-0.2601668245221542
3.607441462259615,57.189189189189186,,1.0,100.0,1.0,-0.2548019827535703
3.897157180288461,57.189189189189186,,1.0,100.0,1.0,-0.249553067174522
4.186872898317307,57.189189189189186,,1.0,100.0,1.0,-0.2444190280399508
4.476588616346154,57.189189189189186,,1.0,100.0,1.0,-0.2393988321122847
4.766304334375,57.189189189189186,,1.0,100.0,1.0,-0.2344914618608218
5.056020052403846,57.189189189189186,,1.0,100.0,1.0,-0.2296959145851577
5.345735770432693,57.189189189189186,,1.0,100.0,1.0,-0.2250112014689427
5.6354514884615385,57.189189189189186,,1.0,100.0,1.0,-0.2204363465704497
5.925167206490385,57.189189189189186,,1.0,100.0,1.0,-0.2159703857561917
6.21488292451923,57.189189189189186,,1.0,100.0,1.0,-0.2116123655839692
6.504598642548077,57.189189189189186,,1.0,100.0,1.0,-0.2073613421415645
6.794314360576923,57.189189189189186,,1.0,100.0,1.0,-0.2032163798473328
7.084030078605768,57.189189189189186,,1.0,100.0,1.0,-0.1991765502187859
7.373745796634614,57.189189189189186,,1.0,100.0,1.0,-0.1952409306152851
7.663461514663462,57.189189189189186,,1.0,100.0,1.0,-0.1914086029608842
7.9531772326923065,57.189189189189186,,1.0,100.0,1.0,-0.1876786524531264
8.242892950721153,57.189189189189186,,1.0,100.0,1.0,-0.1840501662637843
8.53260866875,57.189189189189186,,1.0,100.0,1.0,-0.180522232237148
8.822324386778845,57.189189189189186,,1.0,100.0,1.0,-0.1770939375915571
9.112040104807692,57.189189189189186,,1.0,100.0,1.0,-0.1737643676296693
9.401755822836538,57.189189189189186,,1.0,100.0,1.0,-0.170532604462804
9.691471540865384,57.189189189189186,,1.0,100.0,1.0,-0.1673977257546985
9.98118725889423,57.189189189189186,,1.0,100.0,1.0,-0.1643588034896991
10.270902976923075,57.189189189189186,,1.0,100.0,1.0,-0.1614149027703666
10.560618694951922,57.189189189189186,,1.0,100.0,1.0,-0.158565080649325
10.850334412980768,57.189189189189186,,1.0,100.0,1.0,-0.1558083849999224
11.140050131009614,57.189189189189186,,1.0,100.0,1.0,-0.1531438534302089
11.42976584903846,57.189189189189186,,1.0,100.0,1.0,-0.15057051224447
11.719481567067307,57.189189189189186,,1.0,100.0,1.0,-0.1480873754563736
12.009197285096153,57.189189189189186,,1.0,100.0,1.0,-0.1456934438576199
12.298913003125,57.189189189189186,,1.0,100.0,1.0,-0.1433877041457774
12.588628721153844,57.189189189189186,,1.0,100.0,1.0,-0.1411691281147158
12.87834443918269,57.189189189189186,,1.0,100.0,1.0,-0.1390366719108638
13.168060157211537,57.189189189189186,,1.0,100.0,1.0,-0.1369892753582824
13.457775875240383,57.189189189189186,,1.0,100.0,1.0,-0.1350258613553671
13.747491593269228,57.189189189189186,,1.0,100.0,1.0,-0.1331453353455765
14.037207311298074,57.189189189189186,,1.0,100.0,1.0,-0.1313465848645424
14.32692302932692,57.189189189189186,,1.0,100.0,1.0,-0.1296284791655233
14.616638747355767,57.189189189189186,,1.0,100.0,1.0,-0.1279898689249621
14.906354465384615,57.189189189189186,,1.0,100.0,1.0,-0.1264295860295869
15.196070183413461,57.189189189189186,,1.0,100.0,1.0,-0.124946443446312
15.485785901442307,57.189189189189186,,1.0,100.0,1.0,-0.1235392351758036
15.775501619471152,57.189189189189186,,1.0,100.0,1.0,-0.1222067362904373
16.0652173375,57.189189189189186,,1.0,100.0,1.0,-0.1209477030569043
16.354933055528846,57.189189189189186,,1.0,100.0,1.0,-0.1197608731436613
16.64464877355769,57.189189189189186,,1.0,100.0,1.0,-0.1186449659129295
16.93436449158654,57.189189189189186,,1.0,100.0,1.0,-0.1175986827967859
17.224080209615384,57.189189189189186,,1.0,100.0,1.0,-0.1166207077565251
17.51379592764423,57.189189189189186,,1.0,100.0,1.0,-0.1157097078242647
17.803511645673076,57.189189189189186,,1.0,100.0,1.0,-0.1148643337253634
18.093227363701924,57.189189189189186,,1.0,100.0,1.0,-0.1140832205800299
18.38294308173077,57.189189189189186,,1.0,100.0,1.0,-0.1133649886821684
18.672658799759613,57.189189189189186,,1.0,100.0,1.0,-0.1127082443532258
18.96237451778846,57.189189189189186,,1.0,100.0,1.0,-0.1121115808685631
19.252090235817306,57.189189189189186,,1.0,100.0,1.0,-0.1115735794534958
19.541805953846154,57.189189189189186,,1.0,100.0,1.0,-0.1110928103460357
19.831521671875,57.189189189189186,,1.0,100.0,1.0,-0.1106678339230005
20.121237389903843,57.189189189189186,,1.0,100.0,1.0,-0.1102972018858745
20.41095310793269,57.189189189189186,,1.0,100.0,1.0,-0.1099794585027052
20.700668825961536,57.189189189189186,,1.0,100.0,1.0,-0.109713141901936
20.99038454399038,57.189189189189186,,1.0,100.0,1.0,-0.1094967854139458
21.28010026201923,57.189189189189186,,1.0,100.0,1.0,-0.1093289189558732
21.569815980048077,57.189189189189186,,1.0,100.0,1.0,-0.109208070455033
21.85953169807692,57.189189189189186,,1.0,100.0,1.0,-0.109132767306122
22.14924741610577,57.189189189189186,,1.0,100.0,1.0,-0.1091015378573224
22.438963134134614,57.189189189189186,,1.0,100.0,1.0,-0.1091129129201415
22.728678852163462,57.189189189189186,,1.0,100.0,1.0,-0.1091654272978321
23.018394570192307,57.189189189189186,,1.0,100.0,1.0,-0.1092576213270287
23.308110288221158,57.189189189189186,,1.0,100.0,1.0,-0.1093880424274104
23.59782600625,57.189189189189186,,1.0,100.0,1.0,-0.1095552466539061
23.88754172427884,57.189189189189186,,1.0,100.0,1.0,-0.1097578002460312
24.17725744230769,57.189189189189186,,1.0,100.0,1.0,-0.1099942811691235
24.46697316033654,57.189189189189186,,1.0,100.0,1.0,-0.1102632806420912
24.75668887836538,57.189189189189186,,1.0,100.0,1.0,-0.1105634046463795
25.046404596394233,57.189189189189186,,1.0,100.0,1.0,-0.1108932754112319
25.336120314423074,57.189189189189186,,1.0,100.0,1.0,-0.1112515328700788
25.62583603245192,57.189189189189186,,1.0,100.0,1.0,-0.1116368360833327
25.915551750480766,57.189189189189186,,1.0,100.0,1.0,-0.112047864623045
26.205267468509614,57.189189189189186,,1.0,100.0,1.0,-0.1124833199148805
26.494983186538455,57.189189189189186,,1.0,100.0,1.0,-0.1129419265335005
26.78469890456731,57.189189189189186,,1.0,100.0,1.0,-0.1134224334473088
27.074414622596148,57.189189189189186,,1.0,100.0,1.0,-0.1139236152091547
27.364130340624996,57.189189189189186,,1.0,100.0,1.0,-0.1144442730897272
27.65384605865384,57.189189189189186,,1.0,100.0,1.0,-0.1149832361507228
27.94356177668269,57.189189189189186,,1.0,100.0,1.0,-0.1155393622553172
28.233277494711533,57.189189189189186,,1.0,100.0,1.0,-0.1161115390137359
28.52299321274039,57.189189189189186,,1.0,100.0,1.0,-0.1166986846621291
28.812708930769226,57.189189189189186,,1.0,100.0,1.0,-0.1172997488733555
29.102424648798074,57.189189189189186,,1.0,100.0,1.0,-0.1179137134985565
29.392140366826922,57.189189189189186,,1.0,100.0,1.0,-0.1185395932389398
29.681856084855767,57.189189189189186,,1.0,100.0,1.0,-0.1191764362472918
29.97157180288462,57.189189189189186,,1.0,100.0,1.0,-0.1198233246594259
30.261287520913456,57.189189189189186,,1.0,100.0,1.0,-0.1204793750556783
30.551003238942304,57.189189189189186,,1.0,100.0,1.0,-0.1211437388533055
30.84071895697115,57.189189189189186,,1.0,100.0,1.0,-0.1218156026305687
31.130434674999997,57.189189189189186,,1.0,100.0,1.0,-0.122494188383712
31.420150393028845,57.189189189189186,,1.0,100.0,1.0,-0.1231787537183183
31.709866111057696,57.189189189189186,,1.0,100.0,1.0,-0.1238685919764979
31.999581829086537,57.189189189189186,,1.0,100.0,1.0,-0.1245630323018304
32.28929754711538,57.189189189189186,,1.0,100.0,1.0,-0.1252614396438378
32.579013265144226,57.189189189189186,,1.0,100.0,1.0,-0.1259632147040517
32.86872898317308,57.189189189189186,,1.0,100.0,1.0,-0.1266677938257658
33.15844470120192,57.189189189189186,,1.0,100.0,1.0,-0.1273746488295214
33.44816041923077,57.189189189189186,,1.0,100.0,1.0,-0.1280832867965852
33.73787613725961,57.189189189189186,,1.0,100.0,1.0,-0.1287932498023745
34.02759185528846,57.189189189189186,,1.0,100.0,1.0,-0.1295041146021962
34.31730757331731,57.189189189189186,,1.0,100.0,1.0,-0.1302154922711552
34.60702329134615,57.189189189189186,,1.0,100.0,1.0,-0.1309270278003894
34.896739009375,57.189189189189186,,1.0,100.0,1.0,-0.1316383996515532
35.18645472740385,57.189189189189186,,1.0,100.0,1.0,-0.1323493192715505
35.476170445432686,57.189189189189186,,1.0,100.0,1.0,-0.1330595305692318
35.76588616346154,57.189189189189186,,1.0,100.0,1.0,-0.1337688093560063
36.05560188149038,57.189189189189186,,1.0,100.0,1.0,-0.1344769627520505
36.34531759951923,57.189189189189186,,1.0,100.0,1.0,-0.1351838285598411
36.63503331754807,57.189189189189186,,1.0,100.0,1.0,-0.1358892746067567
36.92474903557693,57.189189189189186,,1.0,100.0,1.0,-0.1365931980583387
37.21446475360577,57.189189189189186,,1.0,100.0,1.0,-0.1372955247040457
37.50418047163461,57.189189189189186,,1.0,100.0,1.0,-0.1379962082170474
37.79389618966346,57.189189189189186,,1.0,100.0,1.0,-0.1386952293899884
38.08361190769231,57.189189189189186,,1.0,100.0,1.0,-0.1393925953483085
38.37332762572115,57.189189189189186,,1.0,100.0,1.0,-0.1400883387431623
38.66304334375,57.189189189189186,,1.0,100.0,1.0,-0.1407825169257109
38.95275906177885,57.189189189189186,,1.0,100.0,1.0,-0.1414752111048537
39.24247477980769,57.189189189189186,,1.0,100.0,1.0,-0.1421665254904345
39.53219049783654,57.189189189189186,,1.0,100.0,1.0,-0.1428565864240355
39.82190621586538,57.189189189189186,,1.0,100.0,1.0,-0.1435455414996161
40.111621933894234,57.189189189189186,,1.0,100.0,1.0,-0.1442335586762118
40.40133765192307,57.189189189189186,,1.0,100.0,1.0,-0.1449208253850662
40.69105336995192,57.189189189189186,,1.0,100.0,1.0,-0.1456075476334898
40.98076908798076,57.189189189189186,,1.0,100.0,1.0,-0.1462939491079055
41.27048480600961,57.189189189189186,,1.0,100.0,1.0,-0.1469802702784075
41.56020052403846,57.189189189189186,,1.0,100.0,1.0,-0.147666767507265
41.8499162420673,57.189189189189186,,1.0,100.0,1.0,-0.148353712163671
42.13963196009615,57.189189189189186,,1.0,100.0,1.0,-0.1490413897470954
42.429347678125,57.189189189189186,,1.0,100.0,1.0,-0.1497300990213879
42.71906339615384,57.189189189189186,,1.0,100.0,1.0,-0.1504201511619569
43.00877911418269,57.189189189189186,,1.0,100.0,1.0,-0.1511118689177688
43.29849483221154,57.189189189189186,,1.0,100.0,1.0,-0.1518055857904903
43.58821055024038,57.189189189189186,,1.0,100.0,1.0,-0.1525016452322016
43.87792626826923,57.189189189189186,,1.0,100.0,1.0,-0.1532003998636546
44.16764198629807,57.189189189189186,,1.0,100.0,1.0,-0.1539022107144231
44.457357704326924,57.189189189189186,,1.0,100.0,1.0,-0.1546074464863948
44.74707342235577,57.189189189189186,,1.0,100.0,1.0,-0.1553164828418634
45.03678914038461,57.189189189189186,,1.0,100.0,1.0,-0.1560297017172873
45.32650485841346,57.189189189189186,,1.0,100.0,1.0,-0.1567474906636435
45.61622057644231,57.189189189189186,,1.0,100.0,1.0,-0.1574702422142678
45.905936294471154,57.189189189189186,,1.0,100.0,1.0,-0.1581983532807919
46.1956520125,57.189189189189186,,1.0,100.0,1.0,-0.1589322245777784
46.485367730528836,57.189189189189186,,1.0,100.0,1.0,-0.1596722600764943
46.775083448557695,57.189189189189186,,1.0,100.0,1.0,-0.1604188664882058
47.06479916658654,57.189189189189186,,1.0,100.0,1.0,-0.1611724527771417
47.35451488461538,57.189189189189186,,1.0,100.0,1.0,-0.1619334297034894
47.644230602644235,57.189189189189186,,1.0,100.0,1.0,-0.1627022093963437
47.93394632067308,57.189189189189186,,1.0,100.0,1.0,-0.1634792049567277
48.22366203870192,57.189189189189186,,1.0,100.0,1.0,-0.1642648300906921
48.51337775673076,57.189189189189186,,1.0,100.0,1.0,-0.1650594987723743
48.80309347475962,57.189189189189186,,1.0,100.0,1.0,-0.1658636249369525
49.092809192788465,57.189189189189186,,1.0,100.0,1.0,-0.166677622203365
49.38252491081732,57.189189189189186,,1.0,100.0,1.0,-0.1675019036265881
49.67224062884614,57.189189189189186,,1.0,100.0,1.0,-0.1683368814793265
49.96195634687499,57.189189189189186,,1.0,100.0,1.0,-0.1691829670628797
50.25167206490384,57.189189189189186,,1.0,100.0,1.0,-0.1700405705470268
50.54138778293269,57.189189189189186,,1.0,100.0,1.0,-0.1709101008385158
50.83110350096153,57.189189189189186,,1.0,100.0,1.0,-0.1717919654781501
51.120819218990384,57.189189189189186,,1.0,100.0,1.0,-0.1726865705659567
51.41053493701923,57.189189189189186,,1.0,100.0,1.0,-0.173594320714287
51.70025065504807,57.189189189189186,,1.0,100.0,1.0,-0.1745156190285577
51.98996637307691,57.189189189189186,,1.0,100.0,1.0,-0.1754508671152367
52.27968209110577,57.189189189189186,,1.0,100.0,1.0,-0.1764004651167704
52.569397809134614,57.189189189189186,,1.0,100.0,1.0,-0.1773648117732408
52.859113527163466,57.189189189189186,,1.0,100.0,1.0,-0.1783443045101523
53.148829245192296,57.189189189189186,,1.0,100.0,1.0,-0.1793393395522261
53.438544963221155,57.189189189189186,,1.0,100.0,1.0,-0.1803503120626699
53.72826068124999,57.189189189189186,,1.0,100.0,1.0,-0.1813776163075682
54.01797639927885,57.189189189189186,,1.0,100.0,1.0,-0.1824216458449952
54.30769211730768,57.189189189189186,,1.0,100.0,1.0,-0.1834827937384223
54.59740783533653,57.189189189189186,,1.0,100.0,1.0,-0.1845614527939781
54.88712355336538,57.189189189189186,,1.0,100.0,1.0,-0.185658015821142
55.176839271394236,57.189189189189186,,1.0,100.0,1.0,-0.1867728759162914
55.46655498942307,57.189189189189186,,1.0,100.0,1.0,-0.187906426768868
55.75627070745192,57.189189189189186,,1.0,100.0,1.0,-0.1890590629894268
56.04598642548078,57.189189189189186,,1.0,100.0,1.0,-0.190231180459292
56.33570214350961,57.189189189189186,,1.0,100.0,1.0,-0.1914231767011732
56.62541786153845,57.189189189189186,,1.0,100.0,1.0,-0.192635451270323
56.9151335795673,57.189189189189186,,1.0,100.0,1.0,-0.193868406165772
57.20484929759615,57.189189189189186,,1.0,100.0,1.0,-0.1951224462610158
57.49456501562499,57.189189189189186,,1.0,100.0,1.0,-0.1963979797537643
57.784280733653844,57.189189189189186,,1.0,100.0,1.0,-0.1976954186342601
58.07399645168269,57.189189189189186,,1.0,100.0,1.0,-0.1990151791715395
58.36371216971153,57.189189189189186,,1.0,100.0,1.0,-0.2003576824172698
58.65342788774037,57.189189189189186,,1.0,100.0,1.0,-0.2017233547266772
58.94314360576924,57.189189189189186,,1.0,100.0,1.0,-0.2031126282959953
59.23285932379808,57.189189189189186,,1.0,100.0,1.0,-0.2045259417160018
59.52257504182691,57.189189189189186,,1.0,100.0,1.0,-0.2059637405412926
59.812290759855756,57.189189189189186,,1.0,100.0,1.0,-0.2074264778746618
60.10200647788461,57.189189189189186,,1.0,100.0,1.0,-0.2089146149663227
60.39172219591345,57.189189189189186,,1.0,100.0,1.0,-0.2104286218274454
60.6814379139423,57.189189189189186,,1.0,100.0,1.0,-0.2119689778576687
60.97115363197115,57.189189189189186,,1.0,100.0,1.0,-0.2135361724861872
61.26086934999999,57.189189189189186,,1.0,100.0,1.0,-0.2151307058260205
61.55058506802884,57.189189189189186,,1.0,100.0,1.0,-0.2167530893411607
61.84030078605769,57.189189189189186,,1.0,100.0,1.0,-0.2184038465262799
62.130016504086534,57.189189189189186,,1.0,100.0,1.0,-0.2200835135986101
62.41973222211538,57.189189189189186,,1.0,100.0,1.0,-0.2217926402017769
62.70944794014423,57.189189189189186,,1.0,100.0,1.0,-0.2235317901213342
62.999163658173075,57.189189189189186,,1.0,100.0,1.0,-0.225301542011734
63.288879376201905,57.189189189189186,,1.0,100.0,1.0,-0.2271024901344179
63.578595094230764,57.189189189189186,,1.0,100.0,1.0,-0.2289352451070639
63.868310812259615,57.189189189189186,,1.0,100.0,1.0,-0.2308004346634892
64.15802653028845,57.189189189189186,,1.0,100.0,1.0,-0.2326987044244285
64.4477422483173,57.189189189189186,,1.0,100.0,1.0,-0.2346307186786528
64.73745796634616,57.189189189189186,,1.0,100.0,1.0,-0.236597161174676
65.027173684375,57.189189189189186,,1.0,100.0,1.0,-0.2385987359227427
65.31688940240385,57.189189189189186,,1.0,100.0,1.0,-0.2406361680071217
65.60660512043269,57.189189189189186,,1.0,100.0,1.0,-0.2427102044086097
65.89632083846153,57.189189189189186,,1.0,100.0,1.0,-0.2448216148372686
66.18603655649038,57.189189189189186,,1.0,100.0,1.0,-0.2469711925754462
66.47575227451922,57.189189189189186,,1.0,100.0,1.0,-0.2491597553309207
66.76546799254808,57.189189189189186,,1.0,100.0,1.0,-0.2513881461004376
67.05518371057693,57.189189189189186,,1.0,100.0,1.0,-0.2536572340435744
67.34489942860577,57.189189189189186,,1.0,100.0,1.0,-0.255967915367072
67.63461514663462,57.189189189189186,,1.0,100.0,1.0,-0.2583211142196486
67.92433086466346,57.189189189189186,,1.0,100.0,1.0,-0.26071778359758
68.2140465826923,57.189189189189186,,1.0,100.0,1.0,-0.2631589062611257
68.50376230072115,57.189189189189186,,1.0,100.0,1.0,-0.2656454956618665
68.79347801875001,57.189189189189186,,1.0,100.0,1.0,-0.2681785968813522
69.08319373677885,57.189189189189186,,1.0,100.0,1.0,-0.2707592875811068
69.3729094548077,57.189189189189186,,1.0,100.0,1.0,-0.2733886789642606
69.66262517283654,57.189189189189186,,1.0,100.0,1.0,-0.276067916749128
69.95234089086537,57.189189189189186,,1.0,100.0,1.0,-0.2787981821549115
70.24205660889423,57.189189189189186,,1.0,100.0,1.0,-0.2815806928998953
70.53177232692308,57.189189189189186,,1.0,100.0,1.0,-0.2844167042123684
70.82148804495192,57.189189189189186,,1.0,100.0,1.0,-0.2873075098546476
71.11120376298076,57.189189189189186,,1.0,100.0,1.0,-0.2902544431605856
71.40091948100961,57.189189189189186,,1.0,100.0,1.0,-0.2932588780868547
71.69063519903845,57.189189189189186,,1.0,100.0,1.0,-0.2963222302784334
71.9803509170673,57.189189189189186,,1.0,100.0,1.0,-0.2994459581487338
72.27006663509614,57.189189189189186,,1.0,100.0,1.0,-0.3026315639746376
72.55978235312502,57.189189189189186,,1.0,100.0,1.0,-0.3058805950072106
72.84949807115386,57.189189189189186,,1.0,100.0,1.0,-0.3091946445981847
73.13921378918268,57.189189189189186,,1.0,100.0,1.0,-0.3125753533429426
73.42892950721154,57.189189189189186,,1.0,100.0,1.0,-0.3160244102403905
73.71864522524038,57.189189189189186,,1.0,100.0,1.0,-0.3195435538702919
74.00836094326922,57.189189189189186,,1.0,100.0,1.0,-0.3231345735886909
74.29807666129807,57.189189189189186,,1.0,100.0,1.0,-0.3267993107416708
74.58779237932691,57.189189189189186,,1.0,100.0,1.0,-0.3305396598985201
74.87750809735577,57.189189189189186,,1.0,100.0,1.0,-0.3343575701044229
75.16722381538462,57.189189189189186,,1.0,100.0,1.0,-0.3382550461536784
75.45693953341345,57.189189189189186,,1.0,100.0,1.0,-0.3422341498838447
75.7466552514423,57.189189189189186,,1.0,100.0,1.0,-0.346297001491605
76.03637096947115,57.189189189189186,,1.0,100.0,1.0,-0.3504457808710391
76.32608668750001,57.189189189189186,,1.0,100.0,1.0,-0.3546827289749542
76.61580240552884,57.189189189189186,,1.0,100.0,1.0,-0.3590101492000768
76.9055181235577,57.189189189189186,,1.0,100.0,1.0,-0.3634304087967898
77.19523384158653,57.189189189189186,,1.0,100.0,1.0,-0.3679459403043266
77.48494955961539,57.189189189189186,,1.0,100.0,1.0,-0.3725592430121169
77.77466527764422,57.189189189189186,,1.0,100.0,1.0,-0.3772728844480972
78.06438099567308,57.189189189189186,,1.0,100.0,1.0,-0.3820895018950222
78.35409671370192,57.189189189189186,,1.0,100.0,1.0,-0.3870118039354928
78.64381243173077,57.189189189189186,,1.0,100.0,1.0,-0.3920425720265748
78.93352814975961,57.189189189189186,,1.0,100.0,1.0,-0.3971846621052904
79.22324386778845,57.189189189189186,,1.0,100.0,1.0,-0.4024410062254417
79.51295958581731,57.189189189189186,,1.0,100.0,1.0,-0.4078146142272186
79.80267530384614,57.189189189189186,,1.0,100.0,1.0,-0.4133085754403791
80.09239102187499,57.189189189189186,,1.0,100.0,1.0,-0.4189260604221354
80.38210673990385,57.189189189189186,,1.0,100.0,1.0,-0.4246703227308298
80.67182245793269,57.189189189189186,,1.0,100.0,1.0,-0.430544700736543
80.96153817596152,57.189189189189186,,1.0,100.0,1.0,-0.4365526194697902
81.25125389399038,57.189189189189186,,1.0,100.0,1.0,-0.4426975925094651
81.54096961201923,57.189189189189186,,1.0,100.0,1.0,-0.4489832239113709
81.83068533004807,57.189189189189186,,1.0,100.0,1.0,-0.455413210178496
82.12040104807691,57.189189189189186,,1.0,100.0,1.0,-0.4619913422744444
82.41011676610577,57.189189189189186,,1.0,100.0,1.0,-0.4687215076812366
82.6998324841346,57.189189189189186,,1.0,100.0,1.0,-0.4756076925030057
82.98954820216345,57.189189189189186,,1.0,100.0,1.0,-0.4826539836170562
83.2792639201923,57.189189189189186,,1.0,100.0,1.0,-0.4898645708735522
83.56897963822115,57.189189189189186,,1.0,100.0,1.0,-0.4972437493455797
83.85869535625,57.189189189189186,,1.0,100.0,1.0,-0.5047959216311432
84.14841107427884,57.189189189189186,,1.0,100.0,1.0,-0.5125256002084626
84.43812679230768,57.189189189189186,,1.0,100.0,1.0,-0.5204374098466285
84.72784251033653,57.189189189189186,,1.0,100.0,1.0,-0.5285360900730971
85.01755822836537,57.189189189189186,,1.0,100.0,1.0,-0.5368264976997517
85.30727394639422,57.189189189189186,,1.0,100.0,1.0,-0.5453136094096636
85.59698966442308,57.189189189189186,,1.0,100.0,1.0,-0.5540025244060962
85.88670538245192,57.189189189189186,,1.0,100.0,1.0,-0.562898467125982
86.17642110048077,57.189189189189186,,1.0,100.0,1.0,-0.5720067900197144
86.46613681850961,57.189189189189186,,1.0,100.0,1.0,-0.5813329763994822
86.75585253653846,57.189189189189186,,1.0,100.0,1.0,-0.5908826433581711
87.0455682545673,57.189189189189186,,1.0,100.0,1.0,-0.6006615447610667
87.33528397259614,57.189189189189186,,1.0,100.0,1.0,-0.6106755743128616
87.624999690625,57.189189189189186,,1.0,100.0,1.0,-0.6209307687019052
1.0,59.86486486486486,,1.0,100.0,1.0,-0.3127481087293502
1.289715718028846,59.86486486486486,,1.0,100.0,1.0,-0.3064556352984838
1.5794314360576922,59.86486486486486,,1.0,100.0,1.0,-0.3002874940297658
1.8691471540865385,59.86486486486486,,1.0,100.0,1.0,-0.2942425702298434
2.1588628721153844,59.86486486486486,,1.0,100.0,1.0,-0.2883197639243522
2.4485785901442307,59.86486486486486,,1.0,100.0,1.0,-0.2825179900101867
2.738294308173077,59.86486486486486,,1.0,100.0,1.0,-0.2768361782822564
3.028010026201923,59.86486486486486,,1.0,100.0,1.0,-0.2712732733409085
3.3177257442307693,59.86486486486486,,1.0,100.0,1.0,-0.2658282343864182
3.607441462259615,59.86486486486486,,1.0,100.0,1.0,-0.260500034906848
3.897157180288461,59.86486486486486,,1.0,100.0,1.0,-0.2552876622655835
4.186872898317307,59.86486486486486,,1.0,100.0,1.0,-0.2501901171948595
4.476588616346154,59.86486486486486,,1.0,100.0,1.0,-0.2452064132016135
4.766304334375,59.86486486486486,,1.0,100.0,1.0,-0.2403355758918703
5.056020052403846,59.86486486486486,,1.0,100.0,1.0,-0.2355766422200141
5.345735770432693,59.86486486486486,,1.0,100.0,1.0,-0.2309286596690931
5.6354514884615385,59.86486486486486,,1.0,100.0,1.0,-0.2263906853684432
5.925167206490385,59.86486486486486,,1.0,100.0,1.0,-0.22196178515479
6.21488292451923,59.86486486486486,,1.0,100.0,1.0,-0.2176410325828885
6.504598642548077,59.86486486486486,,1.0,100.0,1.0,-0.2134275078918805
6.794314360576923,59.86486486486486,,1.0,100.0,1.0,-0.2093202969333481
7.084030078605768,59.86486486486486,,1.0,100.0,1.0,-0.2053184900670298
7.373745796634614,59.86486486486486,,1.0,100.0,1.0,-0.2014211810301171
7.663461514663462,59.86486486486486,,1.0,100.0,1.0,-0.1976274657859214
7.9531772326923065,59.86486486486486,,1.0,100.0,1.0,-0.1939364413577102
8.242892950721153,59.86486486486486,,1.0,100.0,1.0,-0.1903472046532676
8.53260866875,59.86486486486486,,1.0,100.0,1.0,-0.1868588512858498
8.822324386778845,59.86486486486486,,1.0,100.0,1.0,-0.1834704743968732
9.112040104807692,59.86486486486486,,1.0,100.0,1.0,-0.1801811634857117
9.401755822836538,59.86486486486486,,1.0,100.0,1.0,-0.1769900032518288
9.691471540865384,59.86486486486486,,1.0,100.0,1.0,-0.1738960724542743
9.98118725889423,59.86486486486486,,1.0,100.0,1.0,-0.1708984427935099
10.270902976923075,59.86486486486486,,1.0,100.0,1.0,-0.1679961778203709
10.560618694951922,59.86486486486486,,1.0,100.0,1.0,-0.1651883318767632
10.850334412980768,59.86486486486486,,1.0,100.0,1.0,-0.1624739490725997
11.140050131009614,59.86486486486486,,1.0,100.0,1.0,-0.159852062303249
11.42976584903846,59.86486486486486,,1.0,100.0,1.0,-0.1573216923116758
11.719481567067307,59.86486486486486,,1.0,100.0,1.0,-0.1548818467991317
12.009197285096153,59.86486486486486,,1.0,100.0,1.0,-0.1525315195882075
12.298913003125,59.86486486486486,,1.0,100.0,1.0,-0.1502696898417612
12.588628721153844,59.86486486486486,,1.0,100.0,1.0,-0.1480953213410352
12.87834443918269,59.86486486486486,,1.0,100.0,1.0,-0.146007361826132
13.168060157211537,59.86486486486486,,1.0,100.0,1.0,-0.1440047424016867
13.457775875240383,59.86486486486486,,1.0,100.0,1.0,-0.1420863770104412
13.747491593269228,59.86486486486486,,1.0,100.0,1.0,-0.1402511619771146
14.037207311298074,59.86486486486486,,1.0,100.0,1.0,-0.1384979756248173
14.32692302932692,59.86486486486486,,1.0,100.0,1.0,-0.1368256779658448
14.616638747355767,59.86486486486486,,1.0,100.0,1.0,-0.1352331104686746
14.906354465384615,59.86486486486486,,1.0,100.0,1.0,-0.1337190959024723
15.196070183413461,59.86486486486486,,1.0,100.0,1.0,-0.1322824382603386
15.485785901442307,59.86486486486486,,1.0,100.0,1.0,-0.1309219227622222
15.775501619471152,59.86486486486486,,1.0,100.0,1.0,-0.1296363159380486
16.0652173375,59.86486486486486,,1.0,100.0,1.0,-0.1284243657915089
16.354933055528846,59.86486486486486,,1.0,100.0,1.0,-0.1272848020445602
16.64464877355769,59.86486486486486,,1.0,100.0,1.0,-0.1262163364624055
16.93436449158654,59.86486486486486,,1.0,100.0,1.0,-0.1252176632585818
17.224080209615384,59.86486486486486,,1.0,100.0,1.0,-0.1242874595793034
17.51379592764423,59.86486486486486,,1.0,100.0,1.0,-0.123424386066079
17.803511645673076,59.86486486486486,,1.0,100.0,1.0,-0.1226270874953256
18.093227363701924,59.86486486486486,,1.0,100.0,1.0,-0.1218941934933196
18.38294308173077,59.86486486486486,,1.0,100.0,1.0,-0.121224319324709
18.672658799759613,59.86486486486486,,1.0,100.0,1.0,-0.1206160667523993
18.96237451778846,59.86486486486486,,1.0,100.0,1.0,-0.1200680249664556
19.252090235817306,59.86486486486486,,1.0,100.0,1.0,-0.1195787715793565
19.541805953846154,59.86486486486486,,1.0,100.0,1.0,-0.1191468736846607
19.831521671875,59.86486486486486,,1.0,100.0,1.0,-0.1187708889760002
20.121237389903843,59.86486486486486,,1.0,100.0,1.0,-0.118449366922918
20.41095310793269,59.86486486486486,,1.0,100.0,1.0,-0.1181808500000275
20.700668825961536,59.86486486486486,,1.0,100.0,1.0,-0.1179638749655425
20.99038454399038,59.86486486486486,,1.0,100.0,1.0,-0.1177969741852481
21.28010026201923,59.86486486486486,,1.0,100.0,1.0,-0.1176786769975871
21.569815980048077,59.86486486486486,,1.0,100.0,1.0,-0.117607511115521
21.85953169807692,59.86486486486486,,1.0,100.0,1.0,-0.1175820040605519
22.14924741610577,59.86486486486486,,1.0,100.0,1.0,-0.1176006846242263
22.438963134134614,59.86486486486486,,1.0,100.0,1.0,-0.1176620843522979
22.728678852163462,59.86486486486486,,1.0,100.0,1.0,-0.1177647390465737
23.018394570192307,59.86486486486486,,1.0,100.0,1.0,-0.1179071902795039
23.308110288221158,59.86486486486486,,1.0,100.0,1.0,-0.118087986916438
23.59782600625,59.86486486486486,,1.0,100.0,1.0,-0.1183056866403781
23.88754172427884,59.86486486486486,,1.0,100.0,1.0,-0.118558857474273
24.17725744230769,59.86486486486486,,1.0,100.0,1.0,-0.1188460792956217
24.46697316033654,59.86486486486486,,1.0,100.0,1.0,-0.1191659453384933
24.75668887836538,59.86486486486486,,1.0,100.0,1.0,-0.1195170636778791
25.046404596394233,59.86486486486486,,1.0,100.0,1.0,-0.1198980586916428
25.336120314423074,59.86486486486486,,1.0,100.0,1.0,-0.1203075724952372
25.62583603245192,59.86486486486486,,1.0,100.0,1.0,-0.1207442663446479
25.915551750480766,59.86486486486486,,1.0,100.0,1.0,-0.1212068220032228
26.205267468509614,59.86486486486486,,1.0,100.0,1.0,-0.1216939430680746
26.494983186538455,59.86486486486486,,1.0,100.0,1.0,-0.1222043562522403
26.78469890456731,59.86486486486486,,1.0,100.0,1.0,-0.1227368126187711
27.074414622596148,59.86486486486486,,1.0,100.0,1.0,-0.1232900887633575
27.364130340624996,59.86486486486486,,1.0,100.0,1.0,-0.1238629879424195
27.65384605865384,59.86486486486486,,1.0,100.0,1.0,-0.1244543411436321
27.94356177668269,59.86486486486486,,1.0,100.0,1.0,-0.1250630080965792
28.233277494711533,59.86486486486486,,1.0,100.0,1.0,-0.125687878221173
28.52299321274039,59.86486486486486,,1.0,100.0,1.0,-0.1263278715120614
28.812708930769226,59.86486486486486,,1.0,100.0,1.0,-0.1269819393574977
29.102424648798074,59.86486486486486,,1.0,100.0,1.0,-0.127649065291425
29.392140366826922,59.86486486486486,,1.0,100.0,1.0,-0.1283282656780169
29.681856084855767,59.86486486486486,,1.0,100.0,1.0,-0.1290185903280224
29.97157180288462,59.86486486486486,,1.0,100.0,1.0,-0.1297191230468687
30.261287520913456,59.86486486486486,,1.0,100.0,1.0,-0.1304289821144262
30.551003238942304,59.86486486486486,,1.0,100.0,1.0,-0.1311473206969683
30.84071895697115,59.86486486486486,,1.0,100.0,1.0,-0.1318733271918963
31.130434674999997,59.86486486486486,,1.0,100.0,1.0,-0.1326062255060824
31.420150393028845,59.86486486486486,,1.0,100.0,1.0,-0.1333452752690328
31.709866111057696,59.86486486486486,,1.0,100.0,1.0,-0.1340897719820954
31.999581829086537,59.86486486486486,,1.0,100.0,1.0,-0.1348390471052291
32.28929754711538,59.86486486486486,,1.0,100.0,1.0,-0.1355924680829187
32.579013265144226,59.86486486486486,,1.0,100.0,1.0,-0.1363494383110262
32.86872898317308,59.86486486486486,,1.0,100.0,1.0,-0.1371093970463828
33.15844470120192,59.86486486486486,,1.0,100.0,1.0,-0.1378718192609774
33.44816041923077,59.86486486486486,,1.0,100.0,1.0,-0.138636215442878
33.73787613725961,59.86486486486486,,1.0,100.0,1.0,-0.1394021313455982
34.02759185528846,59.86486486486486,,1.0,100.0,1.0,-0.1401691476881934
34.31730757331731,59.86486486486486,,1.0,100.0,1.0,-0.1409368798078821
34.60702329134615,59.86486486486486,,1.0,100.0,1.0,-0.1417049772673086
34.896739009375,59.86486486486486,,1.0,100.0,1.0,-0.1424731234183543
35.18645472740385,59.86486486486486,,1.0,100.0,1.0,-0.1432410349245201
35.476170445432686,59.86486486486486,,1.0,100.0,1.0,-0.1440084612436932
35.76588616346154,59.86486486486486,,1.0,100.0,1.0,-0.1447751840733738
36.05560188149038,59.86486486486486,,1.0,100.0,1.0,-0.1455410167600875
36.34531759951923,59.86486486486486,,1.0,100.0,1.0,-0.1463058036749532
36.63503331754807,59.86486486486486,,1.0,100.0,1.0,-0.1470694195572749
36.92474903557693,59.86486486486486,,1.0,100.0,1.0,-0.1478317688279927
37.21446475360577,59.86486486486486,,1.0,100.0,1.0,-0.1485927848748935
37.50418047163461,59.86486486486486,,1.0,100.0,1.0,-0.1493524293115182
37.79389618966346,59.86486486486486,,1.0,100.0,1.0,-0.150110691211684
38.08361190769231,59.86486486486486,,1.0,100.0,1.0,-0.150867586321613
38.37332762572115,59.86486486486486,,1.0,100.0,1.0,-0.1516231562516272
38.66304334375,59.86486486486486,,1.0,100.0,1.0,-0.1523774676496208
38.95275906177885,59.86486486486486,,1.0,100.0,1.0,-0.1531306113582834
39.24247477980769,59.86486486486486,,1.0,100.0,1.0,-0.1538827015583248
39.53219049783654,59.86486486486486,,1.0,100.0,1.0,-0.1546338748999586
39.82190621586538,59.86486486486486,,1.0,100.0,1.0,-0.1553842896248184
40.111621933894234,59.86486486486486,,1.0,100.0,1.0,-0.1561341246806805
40.40133765192307,59.86486486486486,,1.0,100.0,1.0,-0.1568835788313228
40.69105336995192,59.86486486486486,,1.0,100.0,1.0,-0.1576328697637795
40.98076908798076,59.86486486486486,,1.0,100.0,1.0,-0.158382233195507
41.27048480600961,59.86486486486486,,1.0,100.0,1.0,-0.1591319219835786
41.56020052403846,59.86486486486486,,1.0,100.0,1.0,-0.159882205238375
41.8499162420673,59.86486486486486,,1.0,100.0,1.0,-0.1606333674439886
42.13963196009615,59.86486486486486,,1.0,100.0,1.0,-0.1613857075874856
42.429347678125,59.86486486486486,,1.0,100.0,1.0,-0.1621395382992061
42.71906339615384,59.86486486486486,,1.0,100.0,1.0,-0.162895185006151
43.00877911418269,59.86486486486486,,1.0,100.0,1.0,-0.1636529851003431
43.29849483221154,59.86486486486486,,1.0,100.0,1.0,-0.1644132871240186
43.58821055024038,59.86486486486486,,1.0,100.0,1.0,-0.1651764499733712
43.87792626826923,59.86486486486486,,1.0,100.0,1.0,-0.1659428421223431
44.16764198629807,59.86486486486486,,1.0,100.0,1.0,-0.1667128408681227
44.457357704326924,59.86486486486486,,1.0,100.0,1.0,-0.16748683159935
44.74707342235577,59.86486486486486,,1.0,100.0,1.0,-0.1682652070885001
45.03678914038461,59.86486486486486,,1.0,100.0,1.0,-0.1690483668093757
45.32650485841346,59.86486486486486,,1.0,100.0,1.0,-0.1698367162805898
45.61622057644231,59.86486486486486,,1.0,100.0,1.0,-0.1706306664359144
45.905936294471154,59.86486486486486,,1.0,100.0,1.0,-0.1714306330222027
46.1956520125,59.86486486486486,,1.0,100.0,1.0,-0.1722370360253331
46.485367730528836,59.86486486486486,,1.0,100.0,1.0,-0.1730502991247688
46.775083448557695,59.86486486486486,,1.0,100.0,1.0,-0.1738708491770759
47.06479916658654,59.86486486486486,,1.0,100.0,1.0,-0.1746991157286634
47.35451488461538,59.86486486486486,,1.0,100.0,1.0,-0.1755355305579736
47.644230602644235,59.86486486486486,,1.0,100.0,1.0,-0.176380527247329
47.93394632067308,59.86486486486486,,1.0,100.0,1.0,-0.1772345407844698
48.22366203870192,59.86486486486486,,1.0,100.0,1.0,-0.1780980071937442
48.51337775673076,59.86486486486486,,1.0,100.0,1.0,-0.1789713631971584
48.80309347475962,59.86486486486486,,1.0,100.0,1.0,-0.1798550459049689
49.092809192788465,59.86486486486486,,1.0,100.0,1.0,-0.1807494925359709
49.38252491081732,59.86486486486486,,1.0,100.0,1.0,-0.1816551401671654
49.67224062884614,59.86486486486486,,1.0,100.0,1.0,-0.1825724255128017
49.96195634687499,59.86486486486486,,1.0,100.0,1.0,-0.1835017847325062
50.25167206490384,59.86486486486486,,1.0,100.0,1.0,-0.1844436532684824
50.54138778293269,59.86486486486486,,1.0,100.0,1.0,-0.1853984657113084
50.83110350096153,59.86486486486486,,1.0,100.0,1.0,-0.1863666556943753
51.120819218990384,59.86486486486486,,1.0,100.0,1.0,-0.1873486558164745
51.41053493701923,59.86486486486486,,1.0,100.0,1.0,-0.1883448975924497
51.70025065504807,59.86486486486486,,1.0,100.0,1.0,-0.1893558114315781
51.98996637307691,59.86486486486486,,1.0,100.0,1.0,-0.1903818266432266
52.27968209110577,59.86486486486486,,1.0,100.0,1.0,-0.1914233714697527
52.569397809134614,59.86486486486486,,1.0,100.0,1.0,-0.1924808731460413
52.859113527163466,59.86486486486486,,1.0,100.0,1.0,-0.1935547579855154
53.148829245192296,59.86486486486486,,1.0,100.0,1.0,-0.1946454514921413
53.438544963221155,59.86486486486486,,1.0,100.0,1.0,-0.1957533784980701
53.72826068124999,59.86486486486486,,1.0,100.0,1.0,-0.1968789633266265
54.01797639927885,59.86486486486486,,1.0,100.0,1.0,-0.1980226299800369
54.30769211730768,59.86486486486486,,1.0,100.0,1.0,-0.199184802351607
54.59740783533653,59.86486486486486,,1.0,100.0,1.0,-0.2003659044619382
54.88712355336538,59.86486486486486,,1.0,100.0,1.0,-0.2015663607186235
55.176839271394236,59.86486486486486,,1.0,100.0,1.0,-0.2027865961989852
55.46655498942307,59.86486486486486,,1.0,100.0,1.0,-0.2040270369555186
55.75627070745192,59.86486486486486,,1.0,100.0,1.0,-0.2052881103433086
56.04598642548078,59.86486486486486,,1.0,100.0,1.0,-0.2065702453692535
56.33570214350961,59.86486486486486,,1.0,100.0,1.0,-0.207873873062273
56.62541786153845,59.86486486486486,,1.0,100.0,1.0,-0.2091994268642908
56.9151335795673,59.86486486486486,,1.0,100.0,1.0,-0.2105473430412635
57.20484929759615,59.86486486486486,,1.0,100.0,1.0,-0.2119180611139587
57.49456501562499,59.86486486486486,,1.0,100.0,1.0,-0.2133120243077726
57.784280733653844,59.86486486486486,,1.0,100.0,1.0,-0.2147296800213629
58.07399645168269,59.86486486486486,,1.0,100.0,1.0,-0.2161714803132733
58.36371216971153,59.86486486486486,,1.0,100.0,1.0,-0.2176378824063805
58.65342788774037,59.86486486486486,,1.0,100.0,1.0,-0.2191293492094285
58.94314360576924,59.86486486486486,,1.0,100.0,1.0,-0.220646349855403
59.23285932379808,59.86486486486486,,1.0,100.0,1.0,-0.2221893602560718
59.52257504182691,59.86486486486486,,1.0,100.0,1.0,-0.2237588636724307
59.812290759855756,59.86486486486486,,1.0,100.0,1.0,-0.2253553513004447
60.10200647788461,59.86486486486486,,1.0,100.0,1.0,-0.2269793228718694
60.39172219591345,59.86486486486486,,1.0,100.0,1.0,-0.228631287269498
60.6814379139423,59.86486486486486,,1.0,100.0,1.0,-0.230311763156644
60.97115363197115,59.86486486486486,,1.0,100.0,1.0,-0.232021279620408
61.26086934999999,59.86486486486486,,1.0,100.0,1.0,-0.2337603768283199
61.55058506802884,59.86486486486486,,1.0,100.0,1.0,-0.2355296066981635
61.84030078605769,59.86486486486486,,1.0,100.0,1.0,-0.2373295335804811
62.130016504086534,59.86486486486486,,1.0,100.0,1.0,-0.2391607349535994
62.41973222211538,59.86486486486486,,1.0,100.0,1.0,-0.2410238021308244
62.70944794014423,59.86486486486486,,1.0,100.0,1.0,-0.242919340979612
62.999163658173075,59.86486486486486,,1.0,100.0,1.0,-0.2448479726523844
63.288879376201905,59.86486486486486,,1.0,100.0,1.0,-0.2468103343288714
63.578595094230764,59.86486486486486,,1.0,100.0,1.0,-0.2488070799697387
63.868310812259615,59.86486486486486,,1.0,100.0,1.0,-0.2508388810812599
64.15802653028845,59.86486486486486,,1.0,100.0,1.0,-0.2529064274911172
64.4477422483173,59.86486486486486,,1.0,100.0,1.0,-0.2550104281348661
64.73745796634616,59.86486486486486,,1.0,100.0,1.0,-0.257151611853248
65.027173684375,59.86486486486486,,1.0,100.0,1.0,-0.2593307282001177
65.31688940240385,59.86486486486486,,1.0,100.0,1.0,-0.2615485482609757
65.60660512043269,59.86486486486486,,1.0,100.0,1.0,-0.2638058654820808
65.89632083846153,59.86486486486486,,1.0,100.0,1.0,-0.2661034965099624
66.18603655649038,59.86486486486486,,1.0,100.0,1.0,-0.2684422820416766
66.47575227451922,59.86486486486486,,1.0,100.0,1.0,-0.2708230876854933
66.76546799254808,59.86486486486486,,1.0,100.0,1.0,-0.2732468048321914
67.05518371057693,59.86486486486486,,1.0,100.0,1.0,-0.2757143515371193
67.34489942860577,59.86486486486486,,1.0,100.0,1.0,-0.2782266734129459
67.63461514663462,59.86486486486486,,1.0,100.0,1.0,-0.2807847445332941
67.92433086466346,59.86486486486486,,1.0,100.0,1.0,-0.2833895683474716
68.2140465826923,59.86486486486486,,1.0,100.0,1.0,-0.2860421786062466
68.50376230072115,59.86486486486486,,1.0,100.0,1.0,-0.288743640298996
68.79347801875001,59.86486486486486,,1.0,100.0,1.0,-0.2914950506024473
69.08319373677885,59.86486486486486,,1.0,100.0,1.0,-0.2942975398410248
69.3729094548077,59.86486486486486,,1.0,100.0,1.0,-0.2971522724592933
69.66262517283654,59.86486486486486,,1.0,100.0,1.0,-0.3000604480064608
69.95234089086537,59.86486486486486,,1.0,100.0,1.0,-0.3030233021335515
70.24205660889423,59.86486486486486,,1.0,100.0,1.0,-0.3060421076032018
70.53177232692308,59.86486486486486,,1.0,100.0,1.0,-0.3091181753126071
70.82148804495192,59.86486486486486,,1.0,100.0,1.0,-0.3122528553298804
71.11120376298076,59.86486486486486,,1.0,100.0,1.0,-0.3154475379440842
71.40091948100961,59.86486486486486,,1.0,100.0,1.0,-0.3187036547295676
71.69063519903845,59.86486486486486,,1.0,100.0,1.0,-0.3220226796246355
71.9803509170673,59.86486486486486,,1.0,100.0,1.0,-0.3254061300251749
72.27006663509614,59.86486486486486,,1.0,100.0,1.0,-0.3288555678936752
72.55978235312502,59.86486486486486,,1.0,100.0,1.0,-0.3323726008840251
72.84949807115386,59.86486486486486,,1.0,100.0,1.0,-0.3359588834824462
73.13921378918268,59.86486486486486,,1.0,100.0,1.0,-0.3396161181653202
73.42892950721154,59.86486486486486,,1.0,100.0,1.0,-0.3433460565740762
73.71864522524038,59.86486486486486,,1.0,100.0,1.0,-0.3471505007079517
74.00836094326922,59.86486486486486,,1.0,100.0,1.0,-0.3510313041350154
74.29807666129807,59.86486486486486,,1.0,100.0,1.0,-0.354990373221996
74.58779237932691,59.86486486486486,,1.0,100.0,1.0,-0.3590296683835789
74.87750809735577,59.86486486486486,,1.0,100.0,1.0,-0.3631512053518313
75.16722381538462,59.86486486486486,,1.0,100.0,1.0,-0.3673570564660631
75.45693953341345,59.86486486486486,,1.0,100.0,1.0,-0.3716493519843141
75.7466552514423,59.86486486486486,,1.0,100.0,1.0,-0.376030281416527
76.03637096947115,59.86486486486486,,1.0,100.0,1.0,-0.3805020948805765
76.32608668750001,59.86486486486486,,1.0,100.0,1.0,-0.3850671044816065
76.61580240552884,59.86486486486486,,1.0,100.0,1.0,-0.3897276857155118
76.9055181235577,59.86486486486486,,1.0,100.0,1.0,-0.3944862788972537
77.19523384158653,59.86486486486486,,1.0,100.0,1.0,-0.3993453906149327
77.48494955961539,59.86486486486486,,1.0,100.0,1.0,-0.404307595210214
77.77466527764422,59.86486486486486,,1.0,100.0,1.0,-0.4093755362861363
78.06438099567308,59.86486486486486,,1.0,100.0,1.0,-0.4145519282430326
78.35409671370192,59.86486486486486,,1.0,100.0,1.0,-0.4198395578435943
78.64381243173077,59.86486486486486,,1.0,100.0,1.0,-0.4252412858077352
78.93352814975961,59.86486486486486,,1.0,100.0,1.0,-0.4307600484385192
79.22324386778845,59.86486486486486,,1.0,100.0,1.0,-0.4363988592798618
79.51295958581731,59.86486486486486,,1.0,100.0,1.0,-0.4421608108071184
79.80267530384614,59.86486486486486,,1.0,100.0,1.0,-0.4480490761515816
80.09239102187499,59.86486486486486,,1.0,100.0,1.0,-0.4540669108600057
80.38210673990385,59.86486486486486,,1.0,100.0,1.0,-0.4602176546900666
80.67182245793269,59.86486486486486,,1.0,100.0,1.0,-0.4665047334430027
80.96153817596152,59.86486486486486,,1.0,100.0,1.0,-0.4729316608347605
81.25125389399038,59.86486486486486,,1.0,100.0,1.0,-0.4795020404064236
81.54096961201923,59.86486486486486,,1.0,100.0,1.0,-0.4862195674756432
81.83068533004807,59.86486486486486,,1.0,100.0,1.0,-0.4930880311299532
82.12040104807691,59.86486486486486,,1.0,100.0,1.0,-0.5001113162634235
82.41011676610577,59.86486486486486,,1.0,100.0,1.0,-0.5072934056581236
82.6998324841346,59.86486486486486,,1.0,100.0,1.0,-0.5146383821115141
82.98954820216345,59.86486486486486,,1.0,100.0,1.0,-0.5221504306113776
83.2792639201923,59.86486486486486,,1.0,100.0,1.0,-0.5298338405598153
83.56897963822115,59.86486486486486,,1.0,100.0,1.0,-0.5376930080476595
83.85869535625,59.86486486486486,,1.0,100.0,1.0,-0.5457324381809352
84.14841107427884,59.86486486486486,,1.0,100.0,1.0,-0.5539567474610632
84.43812679230768,59.86486486486486,,1.0,100.0,1.0,-0.5623706662203509
84.72784251033653,59.86486486486486,,1.0,100.0,1.0,-0.5709790411145896
85.01755822836537,59.86486486486486,,1.0,100.0,1.0,-0.5797868376744396
85.30727394639422,59.86486486486486,,1.0,100.0,1.0,-0.5887991429174912
85.59698966442308,59.86486486486486,,1.0,100.0,1.0,-0.5980211680229246
85.88670538245192,59.86486486486486,,1.0,100.0,1.0,-0.6074582510704831
86.17642110048077,59.86486486486486,,1.0,100.0,1.0,-0.6171158598462073
86.46613681850961,59.86486486486486,,1.0,100.0,1.0,-0.6269995947164185
86.75585253653846,59.86486486486486,,1.0,100.0,1.0,-0.6371151915726734
87.0455682545673,59.86486486486486,,1.0,100.0,1.0,-0.6474685248494254
87.33528397259614,59.86486486486486,,1.0,100.0,1.0,-0.6580656106169346
87.624999690625,59.86486486486486,,1.0,100.0,1.0,-0.6689126097517353
1.0,62.54054054054054,,1.0,100.0,1.0,-0.318557068473637
1.289715718028846,62.54054054054054,,1.0,100.0,1.0,-0.3123113216323475
1.5794314360576922,62.54054054054054,,1.0,100.0,1.0,-0.3061890805381991
1.8691471540865385,62.54054054054054,,1.0,100.0,1.0,-0.3001893149477383
2.1588628721153844,62.54054054054054,,1.0,100.0,1.0,-0.2943110048156568
2.4485785901442307,62.54054054054054,,1.0,100.0,1.0,-0.288553140560169
2.738294308173077,62.54054054054054,,1.0,100.0,1.0,-0.2829147232041831
3.028010026201923,62.54054054054054,,1.0,100.0,1.0,-0.2773947643985149
3.3177257442307693,62.54054054054054,,1.0,100.0,1.0,-0.2719922863334085
3.607441462259615,62.54054054054054,,1.0,100.0,1.0,-0.2667063215445306
3.897157180288461,62.54054054054054,,1.0,100.0,1.0,-0.2615359126196876
4.186872898317307,62.54054054054054,,1.0,100.0,1.0,-0.2564801118124136
4.476588616346154,62.54054054054054,,1.0,100.0,1.0,-0.2515379805686869
4.766304334375,62.54054054054054,,1.0,100.0,1.0,-0.2467085889728051
5.056020052403846,62.54054054054054,,1.0,100.0,1.0,-0.2419910151186849
5.345735770432693,62.54054054054054,,1.0,100.0,1.0,-0.237384344412544
5.6354514884615385,62.54054054054054,,1.0,100.0,1.0,-0.2328876688131629
5.925167206490385,62.54054054054054,,1.0,100.0,1.0,-0.2285000860156202
6.21488292451923,62.54054054054054,,1.0,100.0,1.0,-0.2242206985845796
6.504598642548077,62.54054054054054,,1.0,100.0,1.0,-0.2200486130430261
6.794314360576923,62.54054054054054,,1.0,100.0,1.0,-0.2159829389222667
7.084030078605768,62.54054054054054,,1.0,100.0,1.0,-0.2120227877791019
7.373745796634614,62.54054054054054,,1.0,100.0,1.0,-0.2081672721858074
7.663461514663462,62.54054054054054,,1.0,100.0,1.0,-0.204415504698674
7.9531772326923065,62.54054054054054,,1.0,100.0,1.0,-0.2007665968105949
8.242892950721153,62.54054054054054,,1.0,100.0,1.0,-0.1972196578932934
8.53260866875,62.54054054054054,,1.0,100.0,1.0,-0.1937737941344844
8.822324386778845,62.54054054054054,,1.0,100.0,1.0,-0.1904281074752952
9.112040104807692,62.54054054054054,,1.0,100.0,1.0,-0.1871816945531603
9.401755822836538,62.54054054054054,,1.0,100.0,1.0,-0.1840336456551614
9.691471540865384,62.54054054054054,,1.0,100.0,1.0,-0.180983043686836
9.98118725889423,62.54054054054054,,1.0,100.0,1.0,-0.1780289631611277
10.270902976923075,62.54054054054054,,1.0,100.0,1.0,-0.1751704692122782
10.560618694951922,62.54054054054054,,1.0,100.0,1.0,-0.1724066166390046
10.850334412980768,62.54054054054054,,1.0,100.0,1.0,-0.169736448981416
11.140050131009614,62.54054054054054,,1.0,100.0,1.0,-0.1671589976357979
11.42976584903846,62.54054054054054,,1.0,100.0,1.0,-0.1646732810112737
11.719481567067307,62.54054054054054,,1.0,100.0,1.0,-0.1622783037321585
12.009197285096153,62.54054054054054,,1.0,100.0,1.0,-0.159973055889647
12.298913003125,62.54054054054054,,1.0,100.0,1.0,-0.1577565123462699
12.588628721153844,62.54054054054054,,1.0,100.0,1.0,-0.1556276320963541
12.87834443918269,62.54054054054054,,1.0,100.0,1.0,-0.1535853576855369
13.168060157211537,62.54054054054054,,1.0,100.0,1.0,-0.1516286146920744
13.457775875240383,62.54054054054054,,1.0,100.0,1.0,-0.1497563112726203
13.747491593269228,62.54054054054054,,1.0,100.0,1.0,-0.1479673377747955
14.037207311298074,62.54054054054054,,1.0,100.0,1.0,-0.1462605664186666
14.32692302932692,62.54054054054054,,1.0,100.0,1.0,-0.1446348510490324
14.616638747355767,62.54054054054054,,1.0,100.0,1.0,-0.1430890269601752
14.906354465384615,62.54054054054054,,1.0,100.0,1.0,-0.1416219107944372
15.196070183413461,62.54054054054054,,1.0,100.0,1.0,-0.1402323005158016
15.485785901442307,62.54054054054054,,1.0,100.0,1.0,-0.1389189754593674
15.775501619471152,62.54054054054054,,1.0,100.0,1.0,-0.1376806964572601
16.0652173375,62.54054054054054,,1.0,100.0,1.0,-0.1365162060414605
16.354933055528846,62.54054054054054,,1.0,100.0,1.0,-0.1354242287235486
16.64464877355769,62.54054054054054,,1.0,100.0,1.0,-0.1344034713512585
16.93436449158654,62.54054054054054,,1.0,100.0,1.0,-0.1334526235413392
17.224080209615384,62.54054054054054,,1.0,100.0,1.0,-0.1325703581880595
17.51379592764423,62.54054054054054,,1.0,100.0,1.0,-0.1317553320463736
17.803511645673076,62.54054054054054,,1.0,100.0,1.0,-0.131006186388488
18.093227363701924,62.54054054054054,,1.0,100.0,1.0,-0.1303215477323037
18.38294308173077,62.54054054054054,,1.0,100.0,1.0,-0.1297000286400264
18.672658799759613,62.54054054054054,,1.0,100.0,1.0,-0.1291402285848278
18.96237451778846,62.54054054054054,,1.0,100.0,1.0,-0.12864073488331
19.252090235817306,62.54054054054054,,1.0,100.0,1.0,-0.1282001236912627
19.541805953846154,62.54054054054054,,1.0,100.0,1.0,-0.1278169610598895
19.831521671875,62.54054054054054,,1.0,100.0,1.0,-0.1274898040495022
20.121237389903843,62.54054054054054,,1.0,100.0,1.0,-0.1272172018974409
20.41095310793269,62.54054054054054,,1.0,100.0,1.0,-0.126997697236816
20.700668825961536,62.54054054054054,,1.0,100.0,1.0,-0.1268298273622765
20.99038454399038,62.54054054054054,,1.0,100.0,1.0,-0.1267121255391353
21.28010026201923,62.54054054054054,,1.0,100.0,1.0,-0.1266431223516118
21.569815980048077,62.54054054054054,,1.0,100.0,1.0,-0.1266213470861832
21.85953169807692,62.54054054054054,,1.0,100.0,1.0,-0.1266453291455339
22.14924741610577,62.54054054054054,,1.0,100.0,1.0,-0.1267135994887572
22.438963134134614,62.54054054054054,,1.0,100.0,1.0,-0.1268246920931049
22.728678852163462,62.54054054054054,,1.0,100.0,1.0,-0.1269771454326393
23.018394570192307,62.54054054054054,,1.0,100.0,1.0,-0.1271695039690673
23.308110288221158,62.54054054054054,,1.0,100.0,1.0,-0.1274003196498487
23.59782600625,62.54054054054054,,1.0,100.0,1.0,-0.1276681534088246
23.88754172427884,62.54054054054054,,1.0,100.0,1.0,-0.1279715766644484
24.17725744230769,62.54054054054054,,1.0,100.0,1.0,-0.1283091728108205
24.46697316033654,62.54054054054054,,1.0,100.0,1.0,-0.1286795386967608
24.75668887836538,62.54054054054054,,1.0,100.0,1.0,-0.1290812860880819
25.046404596394233,62.54054054054054,,1.0,100.0,1.0,-0.1295130431086004
25.336120314423074,62.54054054054054,,1.0,100.0,1.0,-0.1299734556552144
25.62583603245192,62.54054054054054,,1.0,100.0,1.0,-0.1304611887827453
25.915551750480766,62.54054054054054,,1.0,100.0,1.0,-0.1309749280543357
26.205267468509614,62.54054054054054,,1.0,100.0,1.0,-0.1315133808533557
26.494983186538455,62.54054054054054,,1.0,100.0,1.0,-0.1320752776529634
26.78469890456731,62.54054054054054,,1.0,100.0,1.0,-0.1326593732398093
27.074414622596148,62.54054054054054,,1.0,100.0,1.0,-0.133264447888494
27.364130340624996,62.54054054054054,,1.0,100.0,1.0,-0.1338893084836887
27.65384605865384,62.54054054054054,,1.0,100.0,1.0,-0.1345327895871365
27.94356177668269,62.54054054054054,,1.0,100.0,1.0,-0.1351937544470176
28.233277494711533,62.54054054054054,,1.0,100.0,1.0,-0.1358710959474505
28.52299321274039,62.54054054054054,,1.0,100.0,1.0,-0.1365637374962813
28.812708930769226,62.54054054054054,,1.0,100.0,1.0,-0.1372706338494185
29.102424648798074,62.54054054054054,,1.0,100.0,1.0,-0.1379907718706233
29.392140366826922,62.54054054054054,,1.0,100.0,1.0,-0.1387231712255723
29.681856084855767,62.54054054054054,,1.0,100.0,1.0,-0.1394668850096565
29.97157180288462,62.54054054054054,,1.0,100.0,1.0,-0.1402210003090779
30.261287520913456,62.54054054054054,,1.0,100.0,1.0,-0.1409846386950665
30.551003238942304,62.54054054054054,,1.0,100.0,1.0,-0.1417569566515565
30.84071895697115,62.54054054054054,,1.0,100.0,1.0,-0.1425371459365431
31.130434674999997,62.54054054054054,,1.0,100.0,1.0,-0.1433244338778916
31.420150393028845,62.54054054054054,,1.0,100.0,1.0,-0.1441180836044781
31.709866111057696,62.54054054054054,,1.0,100.0,1.0,-0.1449173942136287
31.999581829086537,62.54054054054054,,1.0,100.0,1.0,-0.1457217008762369
32.28929754711538,62.54054054054054,,1.0,100.0,1.0,-0.1465303748808339
32.579013265144226,62.54054054054054,,1.0,100.0,1.0,-0.1473428236181804
32.86872898317308,62.54054054054054,,1.0,100.0,1.0,-0.1481584905081482
33.15844470120192,62.54054054054054,,1.0,100.0,1.0,-0.1489768548703407
33.44816041923077,62.54054054054054,,1.0,100.0,1.0,-0.1497974317406184
33.73787613725961,62.54054054054054,,1.0,100.0,1.0,-0.1506197716350448
34.02759185528846,62.54054054054054,,1.0,100.0,1.0,-0.1514434602634657
34.31730757331731,62.54054054054054,,1.0,100.0,1.0,-0.1522681181944302
34.60702329134615,62.54054054054054,,1.0,100.0,1.0,-0.1530934004735451
34.896739009375,62.54054054054054,,1.0,100.0,1.0,-0.1539189961971537
35.18645472740385,62.54054054054054,,1.0,100.0,1.0,-0.1547446280433838
35.476170445432686,62.54054054054054,,1.0,100.0,1.0,-0.1555700517624896
35.76588616346154,62.54054054054054,,1.0,100.0,1.0,-0.1563950556284193
36.05560188149038,62.54054054054054,,1.0,100.0,1.0,-0.1572194598537744
36.34531759951923,62.54054054054054,,1.0,100.0,1.0,-0.158043115969915
36.63503331754807,62.54054054054054,,1.0,100.0,1.0,-0.158865906174337
36.92474903557693,62.54054054054054,,1.0,100.0,1.0,-0.1596877426473341
37.21446475360577,62.54054054054054,,1.0,100.0,1.0,-0.1605085668399547
37.50418047163461,62.54054054054054,,1.0,100.0,1.0,-0.1613283487352195
37.79389618966346,62.54054054054054,,1.0,100.0,1.0,-0.1621470860848287
38.08361190769231,62.54054054054054,,1.0,100.0,1.0,-0.1629648036234021
38.37332762572115,62.54054054054054,,1.0,100.0,1.0,-0.1637815522623027
38.66304334375,62.54054054054054,,1.0,100.0,1.0,-0.164597408265406
38.95275906177885,62.54054054054054,,1.0,100.0,1.0,-0.1654124724089208
39.24247477980769,62.54054054054054,,1.0,100.0,1.0,-0.1662268691274633
39.53219049783654,62.54054054054054,,1.0,100.0,1.0,-0.1670407456488496
39.82190621586538,62.54054054054054,,1.0,100.0,1.0,-0.1678542711197165
40.111621933894234,62.54054054054054,,1.0,100.0,1.0,-0.1686676357243476
40.40133765192307,62.54054054054054,,1.0,100.0,1.0,-0.1694810497991458
40.69105336995192,62.54054054054054,,1.0,100.0,1.0,-0.1702947429449098
40.98076908798076,62.54054054054054,,1.0,100.0,1.0,-0.1711089631393072
41.27048480600961,62.54054054054054,,1.0,100.0,1.0,-0.1719239758518401
41.56020052403846,62.54054054054054,,1.0,100.0,1.0,-0.1727400631635001
41.8499162420673,62.54054054054054,,1.0,100.0,1.0,-0.1735575228932859
42.13963196009615,62.54054054054054,,1.0,100.0,1.0,-0.1743766677337905
42.429347678125,62.54054054054054,,1.0,100.0,1.0,-0.1751978243977761
42.71906339615384,62.54054054054054,,1.0,100.0,1.0,-0.1760213327778059
43.00877911418269,62.54054054054054,,1.0,100.0,1.0,-0.1768475451206901
43.29849483221154,62.54054054054054,,1.0,100.0,1.0,-0.1776768252185664
43.58821055024038,62.54054054054054,,1.0,100.0,1.0,-0.1785095476182101
43.87792626826923,62.54054054054054,,1.0,100.0,1.0,-0.1793460968500654
44.16764198629807,62.54054054054054,,1.0,100.0,1.0,-0.1801868666784883
44.457357704326924,62.54054054054054,,1.0,100.0,1.0,-0.1810322593743173
44.74707342235577,62.54054054054054,,1.0,100.0,1.0,-0.1818826850110738
45.03678914038461,62.54054054054054,,1.0,100.0,1.0,-0.1827385607857437
45.32650485841346,62.54054054054054,,1.0,100.0,1.0,-0.1836003103650051
45.61622057644231,62.54054054054054,,1.0,100.0,1.0,-0.1844683632578214
45.905936294471154,62.54054054054054,,1.0,100.0,1.0,-0.1853431542149849
46.1956520125,62.54054054054054,,1.0,100.0,1.0,-0.1862251226561917
46.485367730528836,62.54054054054054,,1.0,100.0,1.0,-0.18711471212533
46.775083448557695,62.54054054054054,,1.0,100.0,1.0,-0.1880123697740436
47.06479916658654,62.54054054054054,,1.0,100.0,1.0,-0.1889185458742835
47.35451488461538,62.54054054054054,,1.0,100.0,1.0,-0.1898336933598069
47.644230602644235,62.54054054054054,,1.0,100.0,1.0,-0.1907582673969826
47.93394632067308,62.54054054054054,,1.0,100.0,1.0,-0.1916927249849714
48.22366203870192,62.54054054054054,,1.0,100.0,1.0,-0.1926375245853586
48.51337775673076,62.54054054054054,,1.0,100.0,1.0,-0.1935931257813161
48.80309347475962,62.54054054054054,,1.0,100.0,1.0,-0.1945599889661955
49.092809192788465,62.54054054054054,,1.0,100.0,1.0,-0.195538575061633
49.38252491081732,62.54054054054054,,1.0,100.0,1.0,-0.1965293452649809
49.67224062884614,62.54054054054054,,1.0,100.0,1.0,-0.1975327608259659
49.96195634687499,62.54054054054054,,1.0,100.0,1.0,-0.1985492828524908
50.25167206490384,62.54054054054054,,1.0,100.0,1.0,-0.1995793721453875
50.54138778293269,62.54054054054054,,1.0,100.0,1.0,-0.2006234890618892
50.83110350096153,62.54054054054054,,1.0,100.0,1.0,-0.2016820934077126
51.120819218990384,62.54054054054054,,1.0,100.0,1.0,-0.2027556443573444
51.41053493701923,62.54054054054054,,1.0,100.0,1.0,-0.203844600402548
51.70025065504807,62.54054054054054,,1.0,100.0,1.0,-0.2049494193284919
51.98996637307691,62.54054054054054,,1.0,100.0,1.0,-0.2060705582174876
52.27968209110577,62.54054054054054,,1.0,100.0,1.0,-0.207208473479855
52.569397809134614,62.54054054054054,,1.0,100.0,1.0,-0.2083636209116814
52.859113527163466,62.54054054054054,,1.0,100.0,1.0,-0.2095364557790462
53.148829245192296,62.54054054054054,,1.0,100.0,1.0,-0.2107274329284265
53.438544963221155,62.54054054054054,,1.0,100.0,1.0,-0.2119370069228582
53.72826068124999,62.54054054054054,,1.0,100.0,1.0,-0.2131656322034023
54.01797639927885,62.54054054054054,,1.0,100.0,1.0,-0.2144137632756906
54.30769211730768,62.54054054054054,,1.0,100.0,1.0,-0.2156818549208726
54.59740783533653,62.54054054054054,,1.0,100.0,1.0,-0.2169703624307575
54.88712355336538,62.54054054054054,,1.0,100.0,1.0,-0.2182797418664873
55.176839271394236,62.54054054054054,,1.0,100.0,1.0,-0.2196104503405089
55.46655498942307,62.54054054054054,,1.0,100.0,1.0,-0.2209629463211539
55.75627070745192,62.54054054054054,,1.0,100.0,1.0,-0.2223376899594966
56.04598642548078,62.54054054054054,,1.0,100.0,1.0,-0.2237351434379599
56.33570214350961,62.54054054054054,,1.0,100.0,1.0,-0.2251557713401818
56.62541786153845,62.54054054054054,,1.0,100.0,1.0,-0.2266000410415933
56.9151335795673,62.54054054054054,,1.0,100.0,1.0,-0.2280684231203378
57.20484929759615,62.54054054054054,,1.0,100.0,1.0,-0.2295613917878842
57.49456501562499,62.54054054054054,,1.0,100.0,1.0,-0.23107942533904
57.784280733653844,62.54054054054054,,1.0,100.0,1.0,-0.2326230066205741
58.07399645168269,62.54054054054054,,1.0,100.0,1.0,-0.2341926235183494
58.36371216971153,62.54054054054054,,1.0,100.0,1.0,-0.2357887694620928
58.65342788774037,62.54054054054054,,1.0,100.0,1.0,-0.2374119439476809
58.94314360576924,62.54054054054054,,1.0,100.0,1.0,-0.2390626530761369
59.23285932379808,62.54054054054054,,1.0,100.0,1.0,-0.2407414101092515
59.52257504182691,62.54054054054054,,1.0,100.0,1.0,-0.2424487360410292
59.812290759855756,62.54054054054054,,1.0,100.0,1.0,-0.2441851601848325
60.10200647788461,62.54054054054054,,1.0,100.0,1.0,-0.2459512207755516
60.39172219591345,62.54054054054054,,1.0,100.0,1.0,-0.2477474655866653
60.6814379139423,62.54054054054054,,1.0,100.0,1.0,-0.2495744525615386
60.97115363197115,62.54054054054054,,1.0,100.0,1.0,-0.2514327504587871
61.26086934999999,62.54054054054054,,1.0,100.0,1.0,-0.2533229395112991
61.55058506802884,62.54054054054054,,1.0,100.0,1.0,-0.2552456120985282
61.84030078605769,62.54054054054054,,1.0,100.0,1.0,-0.2572013734318611
62.130016504086534,62.54054054054054,,1.0,100.0,1.0,-0.2591908422526565
62.41973222211538,62.54054054054054,,1.0,100.0,1.0,-0.2612146515427156
62.70944794014423,62.54054054054054,,1.0,100.0,1.0,-0.2632734492470007
62.999163658173075,62.54054054054054,,1.0,100.0,1.0,-0.2653678990082759
63.288879376201905,62.54054054054054,,1.0,100.0,1.0,-0.2674986809135597
63.578595094230764,62.54054054054054,,1.0,100.0,1.0,-0.2696664922519841
63.868310812259615,62.54054054054054,,1.0,100.0,1.0,-0.271872048284309
64.15802653028845,62.54054054054054,,1.0,100.0,1.0,-0.2741160830234751
64.4477422483173,62.54054054054054,,1.0,100.0,1.0,-0.2763993500263642
64.73745796634616,62.54054054054054,,1.0,100.0,1.0,-0.278722623196604
65.027173684375,62.54054054054054,,1.0,100.0,1.0,-0.2810866975983176
65.31688940240385,62.54054054054054,,1.0,100.0,1.0,-0.2834923902807852
65.60660512043269,62.54054054054054,,1.0,100.0,1.0,-0.2859405411138523
65.89632083846153,62.54054054054054,,1.0,100.0,1.0,-0.2884320136343581
66.18603655649038,62.54054054054054,,1.0,100.0,1.0,-0.2909676959032513
66.47575227451922,62.54054054054054,,1.0,100.0,1.0,-0.2935485013736889
66.76546799254808,62.54054054054054,,1.0,100.0,1.0,-0.2961753697699523
67.05518371057693,62.54054054054054,,1.0,100.0,1.0,-0.2988492679774638
67.34489942860577,62.54054054054054,,1.0,100.0,1.0,-0.3015711909438464
67.63461514663462,62.54054054054054,,1.0,100.0,1.0,-0.3043421625910784
67.92433086466346,62.54054054054054,,1.0,100.0,1.0,-0.3071632367391428
68.2140465826923,62.54054054054054,,1.0,100.0,1.0,-0.3100354980410063
68.50376230072115,62.54054054054054,,1.0,100.0,1.0,-0.3129600629293262
68.79347801875001,62.54054054054054,,1.0,100.0,1.0,-0.3159380805749278
69.08319373677885,62.54054054054054,,1.0,100.0,1.0,-0.3189707338573574
69.3729094548077,62.54054054054054,,1.0,100.0,1.0,-0.3220592403477534
69.66262517283654,62.54054054054054,,1.0,100.0,1.0,-0.3252048533041385
69.95234089086537,62.54054054054054,,1.0,100.0,1.0,-0.3284088626795802
70.24205660889423,62.54054054054054,,1.0,100.0,1.0,-0.3316725961434337
70.53177232692308,62.54054054054054,,1.0,100.0,1.0,-0.3349974201159241
70.82148804495192,62.54054054054054,,1.0,100.0,1.0,-0.3383847408164581
71.11120376298076,62.54054054054054,,1.0,100.0,1.0,-0.3418360053260636
71.40091948100961,62.54054054054054,,1.0,100.0,1.0,-0.3453527026641355
71.69063519903845,62.54054054054054,,1.0,100.0,1.0,-0.3489363648800931
71.9803509170673,62.54054054054054,,1.0,100.0,1.0,-0.3525885681602027
72.27006663509614,62.54054054054054,,1.0,100.0,1.0,-0.3563109339500104
72.55978235312502,62.54054054054054,,1.0,100.0,1.0,-0.3601051300929366
72.84949807115386,62.54054054054054,,1.0,100.0,1.0,-0.3639728719853258
73.13921378918268,62.54054054054054,,1.0,100.0,1.0,-0.3679159237485615
73.42892950721154,62.54054054054054,,1.0,100.0,1.0,-0.3719360994186276
73.71864522524038,62.54054054054054,,1.0,100.0,1.0,-0.3760352641538719
74.00836094326922,62.54054054054054,,1.0,100.0,1.0,-0.3802153354611521
74.29807666129807,62.54054054054054,,1.0,100.0,1.0,-0.3844782844412667
74.58779237932691,62.54054054054054,,1.0,100.0,1.0,-0.3888261370540256
74.87750809735577,62.54054054054054,,1.0,100.0,1.0,-0.3932609754037126
75.16722381538462,62.54054054054054,,1.0,100.0,1.0,-0.3977849390454369
75.45693953341345,62.54054054054054,,1.0,100.0,1.0,-0.4024002263131151
75.7466552514423,62.54054054054054,,1.0,100.0,1.0,-0.4071090956696791
76.03637096947115,62.54054054054054,,1.0,100.0,1.0,-0.4119138670802835
76.32608668750001,62.54054054054054,,1.0,100.0,1.0,-0.4168169234091161
76.61580240552884,62.54054054054054,,1.0,100.0,1.0,-0.4218207118406398
76.9055181235577,62.54054054054054,,1.0,100.0,1.0,-0.4269277453259409
77.19523384158653,62.54054054054054,,1.0,100.0,1.0,-0.4321406040551128
77.48494955961539,62.54054054054054,,1.0,100.0,1.0,-0.4374619369562416
77.77466527764422,62.54054054054054,,1.0,100.0,1.0,-0.4428944632220635
78.06438099567308,62.54054054054054,,1.0,100.0,1.0,-0.4484409738650111
78.35409671370192,62.54054054054054,,1.0,100.0,1.0,-0.4541043333015889
78.64381243173077,62.54054054054054,,1.0,100.0,1.0,-0.4598874809669433
78.93352814975961,62.54054054054054,,1.0,100.0,1.0,-0.4657934329606696
79.22324386778845,62.54054054054054,,1.0,100.0,1.0,-0.4718252837246456
79.51295958581731,62.54054054054054,,1.0,100.0,1.0,-0.4779862077540242
79.80267530384614,62.54054054054054,,1.0,100.0,1.0,-0.4842794613424548
80.09239102187499,62.54054054054054,,1.0,100.0,1.0,-0.4907083843624059
80.38210673990385,62.54054054054054,,1.0,100.0,1.0,-0.497276402081903
80.67182245793269,62.54054054054054,,1.0,100.0,1.0,-0.5039870270185265
80.96153817596152,62.54054054054054,,1.0,100.0,1.0,-0.5108438608321394
81.25125389399038,62.54054054054054,,1.0,100.0,1.0,-0.5178505962573307
81.54096961201923,62.54054054054054,,1.0,100.0,1.0,-0.5250110190767963
81.83068533004807,62.54054054054054,,1.0,100.0,1.0,-0.5323290101371271
82.12040104807691,62.54054054054054,,1.0,100.0,1.0,-0.539808547407955
82.41011676610577,62.54054054054054,,1.0,100.0,1.0,-0.5474537080861706
82.6998324841346,62.54054054054054,,1.0,100.0,1.0,-0.5552686707463644
82.98954820216345,62.54054054054054,,1.0,100.0,1.0,-0.56325771753893
83.2792639201923,62.54054054054054,,1.0,100.0,1.0,-0.571425236437423
83.56897963822115,62.54054054054054,,1.0,100.0,1.0,-0.5797757235365363
83.85869535625,62.54054054054054,,1.0,100.0,1.0,-0.5883137854024092
84.14841107427884,62.54054054054054,,1.0,100.0,1.0,-0.5970441414766988
84.43812679230768,62.54054054054054,,1.0,100.0,1.0,-0.6059716265361464
84.72784251033653,62.54054054054054,,1.0,100.0,1.0,-0.6151011932095571
85.01755822836537,62.54054054054054,,1.0,100.0,1.0,-0.6244379145534242
85.30727394639422,62.54054054054054,,1.0,100.0,1.0,-0.6339869866886367
85.59698966442308,62.54054054054054,,1.0,100.0,1.0,-0.6437537314997398
85.88670538245192,62.54054054054054,,1.0,100.0,1.0,-0.6537435993987496
86.17642110048077,62.54054054054054,,1.0,100.0,1.0,-0.6639621721555521
86.46613681850961,62.54054054054054,,1.0,100.0,1.0,-0.6744151657970956
86.75585253653846,62.54054054054054,,1.0,100.0,1.0,-0.6851084335771017
87.0455682545673,62.54054054054054,,1.0,100.0,1.0,-0.6960479690189033
87.33528397259614,62.54054054054054,,1.0,100.0,1.0,-0.7072399090333807
87.624999690625,62.54054054054054,,1.0,100.0,1.0,-0.7186905371144927
1.0,65.21621621621621,,1.0,100.0,1.0,-0.32480601086662
1.289715718028846,65.21621621621621,,1.0,100.0,1.0,-0.3186131007913926
1.5794314360576922,65.21621621621621,,1.0,100.0,1.0,-0.3125427180533294
1.8691471540865385,65.21621621621621,,1.0,100.0,1.0,-0.3065939169058557
2.1588628721153844,65.21621621621621,,1.0,100.0,1.0,-0.3007657574147154
2.4485785901442307,65.21621621621621,,1.0,100.0,1.0,-0.2950573058365017
2.738294308173077,65.21621621621621,,1.0,100.0,1.0,-0.2894676348739571
3.028010026201923,65.21621621621621,,1.0,100.0,1.0,-0.2839958238143208
3.3177257442307693,65.21621621621621,,1.0,100.0,1.0,-0.2786409585567166
3.607441462259615,65.21621621621621,,1.0,100.0,1.0,-0.2734021315348685
3.897157180288461,65.21621621621621,,1.0,100.0,1.0,-0.2682784415411372
4.186872898317307,65.21621621621621,,1.0,100.0,1.0,-0.263268993457996
4.476588616346154,65.21621621621621,,1.0,100.0,1.0,-0.2583728979030623
4.766304334375,65.21621621621621,,1.0,100.0,1.0,-0.2535892707936551
5.056020052403846,65.21621621621621,,1.0,100.0,1.0,-0.2489172328369117
5.345735770432693,65.21621621621621,,1.0,100.0,1.0,-0.2443559089514109
5.6354514884615385,65.21621621621621,,1.0,100.0,1.0,-0.2399044276263044
5.925167206490385,65.21621621621621,,1.0,100.0,1.0,-0.2355619202237807
6.21488292451923,65.21621621621621,,1.0,100.0,1.0,-0.2313275202306746
6.504598642548077,65.21621621621621,,1.0,100.0,1.0,-0.2272003624651434
6.794314360576923,65.21621621621621,,1.0,100.0,1.0,-0.2231795822439704
7.084030078605768,65.21621621621621,,1.0,100.0,1.0,-0.2192643145163222
7.373745796634614,65.21621621621621,,1.0,100.0,1.0,-0.2154536929694235
7.663461514663462,65.21621621621621,,1.0,100.0,1.0,-0.2117468491117758
7.9531772326923065,65.21621621621621,,1.0,100.0,1.0,-0.2081429113392438
8.242892950721153,65.21621621621621,,1.0,100.0,1.0,-0.2046410039894894
8.53260866875,65.21621621621621,,1.0,100.0,1.0,-0.2012402463899097
8.822324386778845,65.21621621621621,,1.0,100.0,1.0,-0.1979397519042366
9.112040104807692,65.21621621621621,,1.0,100.0,1.0,-0.1947386269828901
9.401755822836538,65.21621621621621,,1.0,100.0,1.0,-0.1916359702219632
9.691471540865384,65.21621621621621,,1.0,100.0,1.0,-0.1886308714356344
9.98118725889423,65.21621621621621,,1.0,100.0,1.0,-0.1857224107466771
10.270902976923075,65.21621621621621,,1.0,100.0,1.0,-0.1829096576996608
10.560618694951922,65.21621621621621,,1.0,100.0,1.0,-0.1801916704010607
10.850334412980768,65.21621621621621,,1.0,100.0,1.0,-0.1775674946907097
11.140050131009614,65.21621621621621,,1.0,100.0,1.0,-0.1750361633484779
11.42976584903846,65.21621621621621,,1.0,100.0,1.0,-0.1725966953402031
11.719481567067307,65.21621621621621,,1.0,100.0,1.0,-0.1702480951065204
12.009197285096153,65.21621621621621,,1.0,100.0,1.0,-0.1679893518981271
12.298913003125,65.21621621621621,,1.0,100.0,1.0,-0.1658194391609261
12.588628721153844,65.21621621621621,,1.0,100.0,1.0,-0.1637373139740663
12.87834443918269,65.21621621621621,,1.0,100.0,1.0,-0.1617419165439365
13.168060157211537,65.21621621621621,,1.0,100.0,1.0,-0.1598321697568058
13.457775875240383,65.21621621621621,,1.0,100.0,1.0,-0.1580069787926417
13.747491593269228,65.21621621621621,,1.0,100.0,1.0,-0.1562652308024072
14.037207311298074,65.21621621621621,,1.0,100.0,1.0,-0.1546057946509657
14.32692302932692,65.21621621621621,,1.0,100.0,1.0,-0.1530275207273289
14.616638747355767,65.21621621621621,,1.0,100.0,1.0,-0.1515292408239862
14.906354465384615,65.21621621621621,,1.0,100.0,1.0,-0.1501097680865935
15.196070183413461,65.21621621621621,,1.0,100.0,1.0,-0.1487678970351739
15.485785901442307,65.21621621621621,,1.0,100.0,1.0,-0.1475024036577003
15.775501619471152,65.21621621621621,,1.0,100.0,1.0,-0.1463120455766909
16.0652173375,65.21621621621621,,1.0,100.0,1.0,-0.1451955622891854
16.354933055528846,65.21621621621621,,1.0,100.0,1.0,-0.1441516754801513
16.64464877355769,65.21621621621621,,1.0,100.0,1.0,-0.1431790894092759
16.93436449158654,65.21621621621621,,1.0,100.0,1.0,-0.1422764913706622
17.224080209615384,65.21621621621621,,1.0,100.0,1.0,-0.1414425522247352
17.51379592764423,65.21621621621621,,1.0,100.0,1.0,-0.1406759270015364
17.803511645673076,65.21621621621621,,1.0,100.0,1.0,-0.1399752555741061
18.093227363701924,65.21621621621621,,1.0,100.0,1.0,-0.1393391634005754
18.38294308173077,65.21621621621621,,1.0,100.0,1.0,-0.1387662623332793
18.672658799759613,65.21621621621621,,1.0,100.0,1.0,-0.1382551514928848
18.96237451778846,65.21621621621621,,1.0,100.0,1.0,-0.137804418205429
19.252090235817306,65.21621621621621,,1.0,100.0,1.0,-0.1374126389997873
19.541805953846154,65.21621621621621,,1.0,100.0,1.0,-0.1370783806629006
19.831521671875,65.21621621621621,,1.0,100.0,1.0,-0.1368002013499338
20.121237389903843,65.21621621621621,,1.0,100.0,1.0,-0.1365766517461866
20.41095310793269,65.21621621621621,,1.0,100.0,1.0,-0.1364062762775628
20.700668825961536,65.21621621621621,,1.0,100.0,1.0,-0.1362876143659354
20.99038454399038,65.21621621621621,,1.0,100.0,1.0,-0.1362192017258798
21.28010026201923,65.21621621621621,,1.0,100.0,1.0,-0.1361995716988065
21.569815980048077,65.21621621621621,,1.0,100.0,1.0,-0.1362272566205386
21.85953169807692,65.21621621621621,,1.0,100.0,1.0,-0.1363007892181334
22.14924741610577,65.21621621621621,,1.0,100.0,1.0,-0.1364187040317172
22.438963134134614,65.21621621621621,,1.0,100.0,1.0,-0.1365795388569116
22.728678852163462,65.21621621621621,,1.0,100.0,1.0,-0.1367818362033389
23.018394570192307,65.21621621621621,,1.0,100.0,1.0,-0.1370241447647505
23.308110288221158,65.21621621621621,,1.0,100.0,1.0,-0.1373050208960838
23.59782600625,65.21621621621621,,1.0,100.0,1.0,-0.1376230300929027
23.88754172427884,65.21621621621621,,1.0,100.0,1.0,-0.1379767484684901
24.17725744230769,65.21621621621621,,1.0,100.0,1.0,-0.138364764224101
24.46697316033654,65.21621621621621,,1.0,100.0,1.0,-0.1387856791076525
24.75668887836538,65.21621621621621,,1.0,100.0,1.0,-0.1392381098564498
25.046404596394233,65.21621621621621,,1.0,100.0,1.0,-0.1397206896194377
25.336120314423074,65.21621621621621,,1.0,100.0,1.0,-0.1402320693546629
25.62583603245192,65.21621621621621,,1.0,100.0,1.0,-0.1407709191977897
25.915551750480766,65.21621621621621,,1.0,100.0,1.0,-0.1413359297975118
26.205267468509614,65.21621621621621,,1.0,100.0,1.0,-0.1419258136140635
26.494983186538455,65.21621621621621,,1.0,100.0,1.0,-0.1425393061771346
26.78469890456731,65.21621621621621,,1.0,100.0,1.0,-0.1431751672996383
27.074414622596148,65.21621621621621,,1.0,100.0,1.0,-0.143832182244126
27.364130340624996,65.21621621621621,,1.0,100.0,1.0,-0.1445091628388534
27.65384605865384,65.21621621621621,,1.0,100.0,1.0,-0.1452049485406363
27.94356177668269,65.21621621621621,,1.0,100.0,1.0,-0.1459184074421283
28.233277494711533,65.21621621621621,,1.0,100.0,1.0,-0.146648437221184
28.52299321274039,65.21621621621621,,1.0,100.0,1.0,-0.1473939660304237
28.812708930769226,65.21621621621621,,1.0,100.0,1.0,-0.1481539533253593
29.102424648798074,65.21621621621621,,1.0,100.0,1.0,-0.1489273906296476
29.392140366826922,65.21621621621621,,1.0,100.0,1.0,-0.1497133022364348
29.681856084855767,65.21621621621621,,1.0,100.0,1.0,-0.1505107458449857
29.97157180288462,65.21621621621621,,1.0,100.0,1.0,-0.1513188131320558
30.261287520913456,65.21621621621621,,1.0,100.0,1.0,-0.1521366302577493
30.551003238942304,65.21621621621621,,1.0,100.0,1.0,-0.1529633583058333
30.84071895697115,65.21621621621621,,1.0,100.0,1.0,-0.1537981936588501
31.130434674999997,65.21621621621621,,1.0,100.0,1.0,-0.1546403683083084
31.420150393028845,65.21621621621621,,1.0,100.0,1.0,-0.1554891501008694
31.709866111057696,65.21621621621621,,1.0,100.0,1.0,-0.1563438429211785
31.999581829086537,65.21621621621621,,1.0,100.0,1.0,-0.1572037868125734
32.28929754711538,65.21621621621621,,1.0,100.0,1.0,-0.1580683580368093
32.579013265144226,65.21621621621621,,1.0,100.0,1.0,-0.1589369690741161
32.86872898317308,65.21621621621621,,1.0,100.0,1.0,-0.1598090685652313
33.15844470120192,65.21621621621621,,1.0,100.0,1.0,-0.1606841411968023
33.44816041923077,65.21621621621621,,1.0,100.0,1.0,-0.1615617075320106
33.73787613725961,65.21621621621621,,1.0,100.0,1.0,-0.1624413237880688
34.02759185528846,65.21621621621621,,1.0,100.0,1.0,-0.1633225815625025
34.31730757331731,65.21621621621621,,1.0,100.0,1.0,-0.1642051075100137
34.60702329134615,65.21621621621621,,1.0,100.0,1.0,-0.1650885629718919
34.896739009375,65.21621621621621,,1.0,100.0,1.0,-0.1659726435599559
35.18645472740385,65.21621621621621,,1.0,100.0,1.0,-0.166857078696921
35.476170445432686,65.21621621621621,,1.0,100.0,1.0,-0.1677416311152793
35.76588616346154,65.21621621621621,,1.0,100.0,1.0,-0.1686260963166609
36.05560188149038,65.21621621621621,,1.0,100.0,1.0,-0.1695103019937562
36.34531759951923,65.21621621621621,,1.0,100.0,1.0,-0.1703941074168417
36.63503331754807,65.21621621621621,,1.0,100.0,1.0,-0.1712774027869942
36.92474903557693,65.21621621621621,,1.0,100.0,1.0,-0.1721601085580902
37.21446475360577,65.21621621621621,,1.0,100.0,1.0,-0.17304217472978
37.50418047163461,65.21621621621621,,1.0,100.0,1.0,-0.1739235801133651
37.79389618966346,65.21621621621621,,1.0,100.0,1.0,-0.1748043315731585
38.08361190769231,65.21621621621621,,1.0,100.0,1.0,-0.1756844632450794
38.37332762572115,65.21621621621621,,1.0,100.0,1.0,-0.1765640357350262
38.66304334375,65.21621621621621,,1.0,100.0,1.0,-0.1774431352991744
38.95275906177885,65.21621621621621,,1.0,100.0,1.0,-0.1783218730084385
39.24247477980769,65.21621621621621,,1.0,100.0,1.0,-0.1792003838994876
39.53219049783654,65.21621621621621,,1.0,100.0,1.0,-0.1800788261145754
39.82190621586538,65.21621621621621,,1.0,100.0,1.0,-0.1809573800325065
40.111621933894234,65.21621621621621,,1.0,100.0,1.0,-0.1818362473930606
40.40133765192307,65.21621621621621,,1.0,100.0,1.0,-0.1827156504172605
40.69105336995192,65.21621621621621,,1.0,100.0,1.0,-0.1835958309256815
40.98076908798076,65.21621621621621,,1.0,100.0,1.0,-0.1844770494571502
41.27048480600961,65.21621621621621,,1.0,100.0,1.0,-0.1853595843900265
41.56020052403846,65.21621621621621,,1.0,100.0,1.0,-0.1862437310682864
41.8499162420673,65.21621621621621,,1.0,100.0,1.0,-0.1871298009345346
42.13963196009615,65.21621621621621,,1.0,100.0,1.0,-0.1880181206719531
42.429347678125,65.21621621621621,,1.0,100.0,1.0,-0.1889090313571864
42.71906339615384,65.21621621621621,,1.0,100.0,1.0,-0.1898028876261384
43.00877911418269,65.21621621621621,,1.0,100.0,1.0,-0.1907000568543086
43.29849483221154,65.21621621621621,,1.0,100.0,1.0,-0.1916009183534618
43.58821055024038,65.21621621621621,,1.0,100.0,1.0,-0.1925058625862281
43.87792626826923,65.21621621621621,,1.0,100.0,1.0,-0.1934152904000112
44.16764198629807,65.21621621621621,,1.0,100.0,1.0,-0.1943296122816403
44.457357704326924,65.21621621621621,,1.0,100.0,1.0,-0.1952492476339622
44.74707342235577,65.21621621621621,,1.0,100.0,1.0,-0.1961746240755029
45.03678914038461,65.21621621621621,,1.0,100.0,1.0,-0.1971061767642699
45.32650485841346,65.21621621621621,,1.0,100.0,1.0,-0.1980443477464505
45.61622057644231,65.21621621621621,,1.0,100.0,1.0,-0.1989895853310118
45.905936294471154,65.21621621621621,,1.0,100.0,1.0,-0.1999423434907481
46.1956520125,65.21621621621621,,1.0,100.0,1.0,-0.2009030812904203
46.485367730528836,65.21621621621621,,1.0,100.0,1.0,-0.2018722623425309
46.775083448557695,65.21621621621621,,1.0,100.0,1.0,-0.202850354291201
47.06479916658654,65.21621621621621,,1.0,100.0,1.0,-0.2038378283243951
47.35451488461538,65.21621621621621,,1.0,100.0,1.0,-0.2048351587148873
47.644230602644235,65.21621621621621,,1.0,100.0,1.0,-0.2058428223902112
47.93394632067308,65.21621621621621,,1.0,100.0,1.0,-0.2068612985316298
48.22366203870192,65.21621621621621,,1.0,100.0,1.0,-0.2078910682024315
48.51337775673076,65.21621621621621,,1.0,100.0,1.0,-0.2089326140054482
48.80309347475962,65.21621621621621,,1.0,100.0,1.0,-0.2099864197699403
49.092809192788465,65.21621621621621,,1.0,100.0,1.0,-0.2110529702677788
49.38252491081732,65.21621621621621,,1.0,100.0,1.0,-0.2121327509589126
49.67224062884614,65.21621621621621,,1.0,100.0,1.0,-0.2132262477659678
49.96195634687499,65.21621621621621,,1.0,100.0,1.0,-0.2143339468779759
50.25167206490384,65.21621621621621,,1.0,100.0,1.0,-0.215456334582996
50.54138778293269,65.21621621621621,,1.0,100.0,1.0,-0.2165938971295246
50.83110350096153,65.21621621621621,,1.0,100.0,1.0,-0.2177471206164373
51.120819218990384,65.21621621621621,,1.0,100.0,1.0,-0.2189164909112961
51.41053493701923,65.21621621621621,,1.0,100.0,1.0,-0.2201024935968076
51.70025065504807,65.21621621621621,,1.0,100.0,1.0,-0.2213056139450786
51.98996637307691,65.21621621621621,,1.0,100.0,1.0,-0.222526336919451
52.27968209110577,65.21621621621621,,1.0,100.0,1.0,-0.2237651472035945
52.569397809134614,65.21621621621621,,1.0,100.0,1.0,-0.2250225292575671
52.859113527163466,65.21621621621621,,1.0,100.0,1.0,-0.226298967400404
53.148829245192296,65.21621621621621,,1.0,100.0,1.0,-0.2275949459190366
53.438544963221155,65.21621621621621,,1.0,100.0,1.0,-0.2289109492029334
53.72826068124999,65.21621621621621,,1.0,100.0,1.0,-0.2302474619043333
54.01797639927885,65.21621621621621,,1.0,100.0,1.0,-0.2316049691234165
54.30769211730768,65.21621621621621,,1.0,100.0,1.0,-0.2329839566181525
54.59740783533653,65.21621621621621,,1.0,100.0,1.0,-0.2343849110383462
54.88712355336538,65.21621621621621,,1.0,100.0,1.0,-0.235808320183385
55.176839271394236,65.21621621621621,,1.0,100.0,1.0,-0.2372546732832576
55.46655498942307,65.21621621621621,,1.0,100.0,1.0,-0.238724461302399
55.75627070745192,65.21621621621621,,1.0,100.0,1.0,-0.2402181772658901
56.04598642548078,65.21621621621621,,1.0,100.0,1.0,-0.2417363166074362
56.33570214350961,65.21621621621621,,1.0,100.0,1.0,-0.2432793775387977
56.62541786153845,65.21621621621621,,1.0,100.0,1.0,-0.2448478614399757
56.9151335795673,65.21621621621621,,1.0,100.0,1.0,-0.2464422732699508
57.20484929759615,65.21621621621621,,1.0,100.0,1.0,-0.2480631219971055
57.49456501562499,65.21621621621621,,1.0,100.0,1.0,-0.2497109210492321
57.784280733653844,65.21621621621621,,1.0,100.0,1.0,-0.2513861887823926
58.07399645168269,65.21621621621621,,1.0,100.0,1.0,-0.2530894489681686
58.36371216971153,65.21621621621621,,1.0,100.0,1.0,-0.2548212312989466
58.65342788774037,65.21621621621621,,1.0,100.0,1.0,-0.2565820719107066
58.94314360576924,65.21621621621621,,1.0,100.0,1.0,-0.2583725139228262
59.23285932379808,65.21621621621621,,1.0,100.0,1.0,-0.2601931079944546
59.52257504182691,65.21621621621621,,1.0,100.0,1.0,-0.2620444128971618
59.812290759855756,65.21621621621621,,1.0,100.0,1.0,-0.2639269961031905
60.10200647788461,65.21621621621621,,1.0,100.0,1.0,-0.2658414343892189
60.39172219591345,65.21621621621621,,1.0,100.0,1.0,-0.2677883144548598
60.6814379139423,65.21621621621621,,1.0,100.0,1.0,-0.2697682335559587
60.97115363197115,65.21621621621621,,1.0,100.0,1.0,-0.2717818001519413
61.26086934999999,65.21621621621621,,1.0,100.0,1.0,-0.2738296345670826
61.55058506802884,65.21621621621621,,1.0,100.0,1.0,-0.2759123696653424
61.84030078605769,65.21621621621621,,1.0,100.0,1.0,-0.2780306515384406
62.130016504086534,65.21621621621621,,1.0,100.0,1.0,-0.280185140206878
62.41973222211538,65.21621621621621,,1.0,100.0,1.0,-0.2823765103336337
62.70944794014423,65.21621621621621,,1.0,100.0,1.0,-0.2846054519503987
62.999163658173075,65.21621621621621,,1.0,100.0,1.0,-0.286872671195869
63.288879376201905,65.21621621621621,,1.0,100.0,1.0,-0.2891788910662651
63.578595094230764,65.21621621621621,,1.0,100.0,1.0,-0.291524852177526
63.868310812259615,65.21621621621621,,1.0,100.0,1.0,-0.293911313539218
64.15802653028845,65.21621621621621,,1.0,100.0,1.0,-0.2963390533400643
64.4477422483173,65.21621621621621,,1.0,100.0,1.0,-0.2988088697447615
64.73745796634616,65.21621621621621,,1.0,100.0,1.0,-0.3013215817021999
65.027173684375,65.21621621621621,,1.0,100.0,1.0,-0.3038780297649054
65.31688940240385,65.21621621621621,,1.0,100.0,1.0,-0.3064790769196491
65.60660512043269,65.21621621621621,,1.0,100.0,1.0,-0.3091256094292276
65.89632083846153,65.21621621621621,,1.0,100.0,1.0,-0.3118185376853417
66.18603655649038,65.21621621621621,,1.0,100.0,1.0,-0.3145587970727187
66.47575227451922,65.21621621621621,,1.0,100.0,1.0,-0.3173473488442828
66.76546799254808,65.21621621621621,,1.0,100.0,1.0,-0.3201851810076148
67.05518371057693,65.21621621621621,,1.0,100.0,1.0,-0.3230733092227018
67.34489942860577,65.21621621621621,,1.0,100.0,1.0,-0.3260127777111177
67.63461514663462,65.21621621621621,,1.0,100.0,1.0,-0.3290046601765136
67.92433086466346,65.21621621621621,,1.0,100.0,1.0,-0.3320500607370117
68.2140465826923,65.21621621621621,,1.0,100.0,1.0,-0.3351501148690923
68.50376230072115,65.21621621621621,,1.0,100.0,1.0,-0.3383059903636356
68.79347801875001,65.21621621621621,,1.0,100.0,1.0,-0.341518888294017
69.08319373677885,65.21621621621621,,1.0,100.0,1.0,-0.3447900439964728
69.3729094548077,65.21621621621621,,1.0,100.0,1.0,-0.3481207280632205
69.66262517283654,65.21621621621621,,1.0,100.0,1.0,-0.3515122473481927
69.95234089086537,65.21621621621621,,1.0,100.0,1.0,-0.3549659459860395
70.24205660889423,65.21621621621621,,1.0,100.0,1.0,-0.3584832064243618
70.53177232692308,65.21621621621621,,1.0,100.0,1.0,-0.3620654504698004
70.82148804495192,65.21621621621621,,1.0,100.0,1.0,-0.3657141403478793
71.11120376298076,65.21621621621621,,1.0,100.0,1.0,-0.3694307797774731
71.40091948100961,65.21621621621621,,1.0,100.0,1.0,-0.3732169150598207
71.69063519903845,65.21621621621621,,1.0,100.0,1.0,-0.3770741361827049
71.9803509170673,65.21621621621621,,1.0,100.0,1.0,-0.3810040779400663
72.27006663509614,65.21621621621621,,1.0,100.0,1.0,-0.3850084210676546
72.55978235312502,65.21621621621621,,1.0,100.0,1.0,-0.3890888933949176
72.84949807115386,65.21621621621621,,1.0,100.0,1.0,-0.3932472710138078
73.13921378918268,65.21621621621621,,1.0,100.0,1.0,-0.3974853794648353
73.42892950721154,65.21621621621621,,1.0,100.0,1.0,-0.4018050949409477
73.71864522524038,65.21621621621621,,1.0,100.0,1.0,-0.4062083455096684
74.00836094326922,65.21621621621621,,1.0,100.0,1.0,-0.410697112354265
74.29807666129807,65.21621621621621,,1.0,100.0,1.0,-0.4152734310341032
74.58779237932691,65.21621621621621,,1.0,100.0,1.0,-0.4199393927651583
74.87750809735577,65.21621621621621,,1.0,100.0,1.0,-0.4246971457210939
75.16722381538462,65.21621621621621,,1.0,100.0,1.0,-0.4295488963555314
75.45693953341345,65.21621621621621,,1.0,100.0,1.0,-0.4344969107462153
75.7466552514423,65.21621621621621,,1.0,100.0,1.0,-0.4395435159616515
76.03637096947115,65.21621621621621,,1.0,100.0,1.0,-0.4446911014510883
76.32608668750001,65.21621621621621,,1.0,100.0,1.0,-0.4499421204582607
76.61580240552884,65.21621621621621,,1.0,100.0,1.0,-0.4552990914598966
76.9055181235577,65.21621621621621,,1.0,100.0,1.0,-0.4607645996296365
77.19523384158653,65.21621621621621,,1.0,100.0,1.0,-0.4663412983281351
77.48494955961539,65.21621621621621,,1.0,100.0,1.0,-0.472031910620091
77.77466527764422,65.21621621621621,,1.0,100.0,1.0,-0.4778392308192312
78.06438099567308,65.21621621621621,,1.0,100.0,1.0,-0.4837661260619535
78.35409671370192,65.21621621621621,,1.0,100.0,1.0,-0.4898155379103965
78.64381243173077,65.21621621621621,,1.0,100.0,1.0,-0.4959904839862061
78.93352814975961,65.21621621621621,,1.0,100.0,1.0,-0.5022940596355241
79.22324386778845,65.21621621621621,,1.0,100.0,1.0,-0.5087294396265558
79.51295958581731,65.21621621621621,,1.0,100.0,1.0,-0.515299879880197
79.80267530384614,65.21621621621621,,1.0,100.0,1.0,-0.5220087192353913
80.09239102187499,65.21621621621621,,1.0,100.0,1.0,-0.528859381249836
80.38210673990385,65.21621621621621,,1.0,100.0,1.0,-0.5358553760369961
80.67182245793269,65.21621621621621,,1.0,100.0,1.0,-0.5430003021411378
80.96153817596152,65.21621621621621,,1.0,100.0,1.0,-0.5502978484509135
81.25125389399038,65.21621621621621,,1.0,100.0,1.0,-0.5577517961530036
81.54096961201923,65.21621621621621,,1.0,100.0,1.0,-0.5653660207270635
81.83068533004807,65.21621621621621,,1.0,100.0,1.0,-0.5731444939829544
82.12040104807691,65.21621621621621,,1.0,100.0,1.0,-0.5810912861419927
82.41011676610577,65.21621621621621,,1.0,100.0,1.0,-0.5892105679630882
82.6998324841346,65.21621621621621,,1.0,100.0,1.0,-0.5975066129155169
82.98954820216345,65.21621621621621,,1.0,100.0,1.0,-0.6059837993994559
83.2792639201923,65.21621621621621,,1.0,100.0,1.0,-0.6146466130160968
83.56897963822115,65.21621621621621,,1.0,100.0,1.0,-0.6234996488882844
83.85869535625,65.21621621621621,,1.0,100.0,1.0,-0.6325476140340216
84.14841107427884,65.21621621621621,,1.0,100.0,1.0,-0.6417953297935716
84.43812679230768,65.21621621621621,,1.0,100.0,1.0,-0.6512477343124463
84.72784251033653,65.21621621621621,,1.0,100.0,1.0,-0.660909885081783
85.01755822836537,65.21621621621621,,1.0,100.0,1.0,-0.6707869615376207
85.30727394639422,65.21621621621621,,1.0,100.0,1.0,-0.6808842677213413
85.59698966442308,65.21621621621621,,1.0,100.0,1.0,-0.6912072350027112
85.88670538245192,65.21621621621621,,1.0,100.0,1.0,-0.7017614248677142
86.17642110048077,65.21621621621621,,1.0,100.0,1.0,-0.7125525317729222
86.46613681850961,65.21621621621621,,1.0,100.0,1.0,-0.7235863860687148
86.75585253653846,65.21621621621621,,1.0,100.0,1.0,-0.7348689569933239
87.0455682545673,65.21621621621621,,1.0,100.0,1.0,-0.7464063557396199
87.33528397259614,65.21621621621621,,1.0,100.0,1.0,-0.7582048385974202
87.624999690625,65.21621621621621,,1.0,100.0,1.0,-0.7702708101731025
1.0,67.89189189189189,,1.0,100.0,1.0,-0.3314825884099526
1.289715718028846,67.89189189189189,,1.0,100.0,1.0,-0.3253479211612622
1.5794314360576922,67.89189189189189,,1.0,100.0,1.0,-0.3193346696113502
1.8691471540865385,67.89189189189189,,1.0,100.0,1.0,-0.3134419728009678
2.1588628721153844,67.89189189189189,,1.0,100.0,1.0,-0.3076689713071934
2.4485785901442307,67.89189189189189,,1.0,100.0,1.0,-0.3020148077354364
2.738294308173077,67.89189189189189,,1.0,100.0,1.0,-0.2964786270888644
3.028010026201923,67.89189189189189,,1.0,100.0,1.0,-0.2910595770214105
3.3177257442307693,67.89189189189189,,1.0,100.0,1.0,-0.2857568079803787
3.607441462259615,67.89189189189189,,1.0,100.0,1.0,-0.2805694732447075
3.897157180288461,67.89189189189189,,1.0,100.0,1.0,-0.2754967288649632
4.186872898317307,67.89189189189189,,1.0,100.0,1.0,-0.2705377335109709
4.476588616346154,67.89189189189189,,1.0,100.0,1.0,-0.2656916482331158
4.766304334375,67.89189189189189,,1.0,100.0,1.0,-0.2609576361432577
5.056020052403846,67.89189189189189,,1.0,100.0,1.0,-0.2563348620210691
5.345735770432693,67.89189189189189,,1.0,100.0,1.0,-0.2518224918517453
5.6354514884615385,67.89189189189189,,1.0,100.0,1.0,-0.2474196923008988
5.925167206490385,67.89189189189189,,1.0,100.0,1.0,-0.2431256301323364
6.21488292451923,67.89189189189189,,1.0,100.0,1.0,-0.2389394715745312
6.504598642548077,67.89189189189189,,1.0,100.0,1.0,-0.2348603816413896
6.794314360576923,67.89189189189189,,1.0,100.0,1.0,-0.2308875234129706
7.084030078605768,67.89189189189189,,1.0,100.0,1.0,-0.2270200572816486
7.373745796634614,67.89189189189189,,1.0,100.0,1.0,-0.2232571401692631
7.663461514663462,67.89189189189189,,1.0,100.0,1.0,-0.2195979247205562
7.9531772326923065,67.89189189189189,,1.0,100.0,1.0,-0.2160415584782915
8.242892950721153,67.89189189189189,,1.0,100.0,1.0,-0.2125871830452554
8.53260866875,67.89189189189189,,1.0,100.0,1.0,-0.2092339332382523
8.822324386778845,67.89189189189189,,1.0,100.0,1.0,-0.2059809362391179
9.112040104807692,67.89189189189189,,1.0,100.0,1.0,-0.2028273107477478
9.401755822836538,67.89189189189189,,1.0,100.0,1.0,-0.1997721661418221
9.691471540865384,67.89189189189189,,1.0,100.0,1.0,-0.1968146016480212
9.98118725889423,67.89189189189189,,1.0,100.0,1.0,-0.1939537055292178
10.270902976923075,67.89189189189189,,1.0,100.0,1.0,-0.1911885542921323
10.560618694951922,67.89189189189189,,1.0,100.0,1.0,-0.1885182119196299
10.850334412980768,67.89189189189189,,1.0,100.0,1.0,-0.1859417291318921
11.140050131009614,67.89189189189189,,1.0,100.0,1.0,-0.1834581426804005
11.42976584903846,67.89189189189189,,1.0,100.0,1.0,-0.181066474678475
11.719481567067307,67.89189189189189,,1.0,100.0,1.0,-0.1787657319720939
12.009197285096153,67.89189189189189,,1.0,100.0,1.0,-0.1765549055544244
12.298913003125,67.89189189189189,,1.0,100.0,1.0,-0.1744329700273258
12.588628721153844,67.89189189189189,,1.0,100.0,1.0,-0.1723988831128764
12.87834443918269,67.89189189189189,,1.0,100.0,1.0,-0.1704515852179355
13.168060157211537,67.89189189189189,,1.0,100.0,1.0,-0.1685899990542407
13.457775875240383,67.89189189189189,,1.0,100.0,1.0,-0.1668130293167188
13.747491593269228,67.89189189189189,,1.0,100.0,1.0,-0.1651195624220636
14.037207311298074,67.89189189189189,,1.0,100.0,1.0,-0.1635084663098104
14.32692302932692,67.89189189189189,,1.0,100.0,1.0,-0.1619785903075752
14.616638747355767,67.89189189189189,,1.0,100.0,1.0,-0.1605287650621047
14.906354465384615,67.89189189189189,,1.0,100.0,1.0,-0.1591578025375188
15.196070183413461,67.89189189189189,,1.0,100.0,1.0,-0.1578644960817737
15.485785901442307,67.89189189189189,,1.0,100.0,1.0,-0.1566476205622661
15.775501619471152,67.89189189189189,,1.0,100.0,1.0,-0.1555059325712325
16.0652173375,67.89189189189189,,1.0,100.0,1.0,-0.1544381707012038
16.354933055528846,67.89189189189189,,1.0,100.0,1.0,-0.153443055890788
16.64464877355769,67.89189189189189,,1.0,100.0,1.0,-0.1525192918405623
16.93436449158654,67.89189189189189,,1.0,100.0,1.0,-0.1516655654986923
17.224080209615384,67.89189189189189,,1.0,100.0,1.0,-0.1508805476157402
17.51379592764423,67.89189189189189,,1.0,100.0,1.0,-0.1501628933676672
17.803511645673076,67.89189189189189,,1.0,100.0,1.0,-0.1495112430460033
18.093227363701924,67.89189189189189,,1.0,100.0,1.0,-0.1489242228137021
18.38294308173077,67.89189189189189,,1.0,100.0,1.0,-0.1484004455252535
18.672658799759613,67.89189189189189,,1.0,100.0,1.0,-0.1479385116088965
18.96237451778846,67.89189189189189,,1.0,100.0,1.0,-0.1475370100091441
19.252090235817306,67.89189189189189,,1.0,100.0,1.0,-0.1471945191870802
19.541805953846154,67.89189189189189,,1.0,100.0,1.0,-0.1469096081760068
19.831521671875,67.89189189189189,,1.0,100.0,1.0,-0.1466808376895569
20.121237389903843,67.89189189189189,,1.0,100.0,1.0,-0.1465067612794519
20.41095310793269,67.89189189189189,,1.0,100.0,1.0,-0.1463859265395694
20.700668825961536,67.89189189189189,,1.0,100.0,1.0,-0.1463168763530831
20.99038454399038,67.89189189189189,,1.0,100.0,1.0,-0.1462981501791029
21.28010026201923,67.89189189189189,,1.0,100.0,1.0,-0.1463282853750613
21.569815980048077,67.89189189189189,,1.0,100.0,1.0,-0.146405818551115
21.85953169807692,67.89189189189189,,1.0,100.0,1.0,-0.1465292869524366
22.14924741610577,67.89189189189189,,1.0,100.0,1.0,-0.1466972298654228
22.438963134134614,67.89189189189189,,1.0,100.0,1.0,-0.1469081900435406
22.728678852163462,67.89189189189189,,1.0,100.0,1.0,-0.1471607151485082
23.018394570192307,67.89189189189189,,1.0,100.0,1.0,-0.147453359202497
23.308110288221158,67.89189189189189,,1.0,100.0,1.0,-0.1477846840469697
23.59782600625,67.89189189189189,,1.0,100.0,1.0,-0.1481532608035893
23.88754172427884,67.89189189189189,,1.0,100.0,1.0,-0.1485576713329213
24.17725744230769,67.89189189189189,,1.0,100.0,1.0,-0.1489965096863976
24.46697316033654,67.89189189189189,,1.0,100.0,1.0,-0.1494683835471486
24.75668887836538,67.89189189189189,,1.0,100.0,1.0,-0.1499719156553903
25.046404596394233,67.89189189189189,,1.0,100.0,1.0,-0.1505057452141168
25.336120314423074,67.89189189189189,,1.0,100.0,1.0,-0.151068529270853
25.62583603245192,67.89189189189189,,1.0,100.0,1.0,-0.1516589440715041
25.915551750480766,67.89189189189189,,1.0,100.0,1.0,-0.1522756863823225
26.205267468509614,67.89189189189189,,1.0,100.0,1.0,-0.1529174747762451
26.494983186538455,67.89189189189189,,1.0,100.0,1.0,-0.1535830508800765
26.78469890456731,67.89189189189189,,1.0,100.0,1.0,-0.1542711805790316
27.074414622596148,67.89189189189189,,1.0,100.0,1.0,-0.154980655175525
27.364130340624996,67.89189189189189,,1.0,100.0,1.0,-0.1557102924992544
27.65384605865384,67.89189189189189,,1.0,100.0,1.0,-0.1564589379657758
27.94356177668269,67.89189189189189,,1.0,100.0,1.0,-0.1572254655811751
28.233277494711533,67.89189189189189,,1.0,100.0,1.0,-0.158008778890588
28.52299321274039,67.89189189189189,,1.0,100.0,1.0,-0.1588078118685625
28.812708930769226,67.89189189189189,,1.0,100.0,1.0,-0.1596215297496492
29.102424648798074,67.89189189189189,,1.0,100.0,1.0,-0.1604489297976873
29.392140366826922,67.89189189189189,,1.0,100.0,1.0,-0.1612890420127204
29.681856084855767,67.89189189189189,,1.0,100.0,1.0,-0.1621409297745737
29.97157180288462,67.89189189189189,,1.0,100.0,1.0,-0.1630036904224993
30.261287520913456,67.89189189189189,,1.0,100.0,1.0,-0.1638764557704741
30.551003238942304,67.89189189189189,,1.0,100.0,1.0,-0.1647583925580521
30.84071895697115,67.89189189189189,,1.0,100.0,1.0,-0.1656487028368067
31.130434674999997,67.89189189189189,,1.0,100.0,1.0,-0.1665466242927433
31.420150393028845,67.89189189189189,,1.0,100.0,1.0,-0.1674514305052025
31.709866111057696,67.89189189189189,,1.0,100.0,1.0,-0.1683624311429186
31.999581829086537,67.89189189189189,,1.0,100.0,1.0,-0.1692789720982479
32.28929754711538,67.89189189189189,,1.0,100.0,1.0,-0.1702004355605143
32.579013265144226,67.89189189189189,,1.0,100.0,1.0,-0.1711262400298225
32.86872898317308,67.89189189189189,,1.0,100.0,1.0,-0.1720558402725983
33.15844470120192,67.89189189189189,,1.0,100.0,1.0,-0.1729887272203712
33.44816041923077,67.89189189189189,,1.0,100.0,1.0,-0.1739244278133901
33.73787613725961,67.89189189189189,,1.0,100.0,1.0,-0.1748625047907349
34.02759185528846,67.89189189189189,,1.0,100.0,1.0,-0.1758025564286685
34.31730757331731,67.89189189189189,,1.0,100.0,1.0,-0.1767442162291213
34.60702329134615,67.89189189189189,,1.0,100.0,1.0,-0.1776871525600435
34.896739009375,67.89189189189189,,1.0,100.0,1.0,-0.1786310682497204
35.18645472740385,67.89189189189189,,1.0,100.0,1.0,-0.1795757001369697
35.476170445432686,67.89189189189189,,1.0,100.0,1.0,-0.1805208185791759
35.76588616346154,67.89189189189189,,1.0,100.0,1.0,-0.1814662269203012
36.05560188149038,67.89189189189189,,1.0,100.0,1.0,-0.1824117609209119
36.34531759951923,67.89189189189189,,1.0,100.0,1.0,-0.1833572881523475
36.63503331754807,67.89189189189189,,1.0,100.0,1.0,-0.1843027073571344
36.92474903557693,67.89189189189189,,1.0,100.0,1.0,-0.1852479477778589
37.21446475360577,67.89189189189189,,1.0,100.0,1.0,-0.1861929684567185
37.50418047163461,67.89189189189189,,1.0,100.0,1.0,-0.1871377575077811
37.79389618966346,67.89189189189189,,1.0,100.0,1.0,-0.1880823313644881
38.08361190769231,67.89189189189189,,1.0,100.0,1.0,-0.1890267340043984
38.37332762572115,67.89189189189189,,1.0,100.0,1.0,-0.1899710361536385
38.66304334375,67.89189189189189,,1.0,100.0,1.0,-0.1909153344732457
38.95275906177885,67.89189189189189,,1.0,100.0,1.0,-0.1918597507297849
39.24247477980769,67.89189189189189,,1.0,100.0,1.0,-0.1928044309525574
39.53219049783654,67.89189189189189,,1.0,100.0,1.0,-0.1937495445797498
39.82190621586538,67.89189189189189,,1.0,100.0,1.0,-0.1946952835957874
40.111621933894234,67.89189189189189,,1.0,100.0,1.0,-0.195641861662302
40.40133765192307,67.89189189189189,,1.0,100.0,1.0,-0.1965895132449986
40.69105336995192,67.89189189189189,,1.0,100.0,1.0,-0.1975384927385914
40.98076908798076,67.89189189189189,,1.0,100.0,1.0,-0.1984890735922485
41.27048480600961,67.89189189189189,,1.0,100.0,1.0,-0.1994415474375864
41.56020052403846,67.89189189189189,,1.0,100.0,1.0,-0.200396223221392
41.8499162420673,67.89189189189189,,1.0,100.0,1.0,-0.2013534263451777
42.13963196009615,67.89189189189189,,1.0,100.0,1.0,-0.2023134978136009
42.429347678125,67.89189189189189,,1.0,100.0,1.0,-0.2032767933935628
42.71906339615384,67.89189189189189,,1.0,100.0,1.0,-0.2042436827859903
43.00877911418269,67.89189189189189,,1.0,100.0,1.0,-0.2052145488118497
43.29849483221154,67.89189189189189,,1.0,100.0,1.0,-0.2061897866142207
43.58821055024038,67.89189189189189,,1.0,100.0,1.0,-0.2071698028778935
43.87792626826923,67.89189189189189,,1.0,100.0,1.0,-0.2081550150678154
44.16764198629807,67.89189189189189,,1.0,100.0,1.0,-0.2091458506879776
44.457357704326924,67.89189189189189,,1.0,100.0,1.0,-0.2101427465616483
44.74707342235577,67.89189189189189,,1.0,100.0,1.0,-0.211146148134362
45.03678914038461,67.89189189189189,,1.0,100.0,1.0,-0.2121565088004099
45.32650485841346,67.89189189189189,,1.0,100.0,1.0,-0.2131742892539453
45.61622057644231,67.89189189189189,,1.0,100.0,1.0,-0.2141999568653857
45.905936294471154,67.89189189189189,,1.0,100.0,1.0,-0.2152339850838851
46.1956520125,67.89189189189189,,1.0,100.0,1.0,-0.2162768528664731
46.485367730528836,67.89189189189189,,1.0,100.0,1.0,-0.2173290441344344
46.775083448557695,67.89189189189189,,1.0,100.0,1.0,-0.2183910472573272
47.06479916658654,67.89189189189189,,1.0,100.0,1.0,-0.2194633545651751
47.35451488461538,67.89189189189189,,1.0,100.0,1.0,-0.2205464618888998
47.644230602644235,67.89189189189189,,1.0,100.0,1.0,-0.2216408681295808
47.93394632067308,67.89189189189189,,1.0,100.0,1.0,-0.2227470748564756
48.22366203870192,67.89189189189189,,1.0,100.0,1.0,-0.223865585934099
48.51337775673076,67.89189189189189,,1.0,100.0,1.0,-0.224996907178355
48.80309347475962,67.89189189189189,,1.0,100.0,1.0,-0.2261415460419671
49.092809192788465,67.89189189189189,,1.0,100.0,1.0,-0.2273000113289698
49.38252491081732,67.89189189189189,,1.0,100.0,1.0,-0.228472812938474
49.67224062884614,67.89189189189189,,1.0,100.0,1.0,-0.2296604616374561
49.96195634687499,67.89189189189189,,1.0,100.0,1.0,-0.2308634688626376
50.25167206490384,67.89189189189189,,1.0,100.0,1.0,-0.2320823465512856
50.54138778293269,67.89189189189189,,1.0,100.0,1.0,-0.2333176070006847
50.83110350096153,67.89189189189189,,1.0,100.0,1.0,-0.2345697627562885
51.120819218990384,67.89189189189189,,1.0,100.0,1.0,-0.235839326528117
51.41053493701923,67.89189189189189,,1.0,100.0,1.0,-0.2371268111354719
51.70025065504807,67.89189189189189,,1.0,100.0,1.0,-0.2384327294793848
51.98996637307691,67.89189189189189,,1.0,100.0,1.0,-0.2397575945427794
52.27968209110577,67.89189189189189,,1.0,100.0,1.0,-0.2411019194178928
52.569397809134614,67.89189189189189,,1.0,100.0,1.0,-0.2424662173607489
52.859113527163466,67.89189189189189,,1.0,100.0,1.0,-0.2438510018722545
53.148829245192296,67.89189189189189,,1.0,100.0,1.0,-0.2452567868056231
53.438544963221155,67.89189189189189,,1.0,100.0,1.0,-0.2466840864997045
53.72826068124999,67.89189189189189,,1.0,100.0,1.0,-0.2481334159378627
54.01797639927885,67.89189189189189,,1.0,100.0,1.0,-0.2496052909319652
54.30769211730768,67.89189189189189,,1.0,100.0,1.0,-0.2511002283310792
54.59740783533653,67.89189189189189,,1.0,100.0,1.0,-0.2526187462544693
54.88712355336538,67.89189189189189,,1.0,100.0,1.0,-0.2541613643483584
55.176839271394236,67.89189189189189,,1.0,100.0,1.0,-0.2557286040661012
55.46655498942307,67.89189189189189,,1.0,100.0,1.0,-0.2573209889712092
55.75627070745192,67.89189189189189,,1.0,100.0,1.0,-0.2589390450628466
56.04598642548078,67.89189189189189,,1.0,100.0,1.0,-0.2605833011232601
56.33570214350961,67.89189189189189,,1.0,100.0,1.0,-0.2622542890866436
56.62541786153845,67.89189189189189,,1.0,100.0,1.0,-0.2639525444290017
56.9151335795673,67.89189189189189,,1.0,100.0,1.0,-0.2656786065785681
57.20484929759615,67.89189189189189,,1.0,100.0,1.0,-0.2674330193461141
57.49456501562499,67.89189189189189,,1.0,100.0,1.0,-0.2692163313748458
57.784280733653844,67.89189189189189,,1.0,100.0,1.0,-0.2710290966094623
58.07399645168269,67.89189189189189,,1.0,100.0,1.0,-0.2728718747835411
58.36371216971153,67.89189189189189,,1.0,100.0,1.0,-0.2747452319252786
58.65342788774037,67.89189189189189,,1.0,100.0,1.0,-0.2766497408807407
58.94314360576924,67.89189189189189,,1.0,100.0,1.0,-0.2785859818544104
59.23285932379808,67.89189189189189,,1.0,100.0,1.0,-0.2805545429663778
59.52257504182691,67.89189189189189,,1.0,100.0,1.0,-0.2825560208260269
59.812290759855756,67.89189189189189,,1.0,100.0,1.0,-0.2845910211215168
60.10200647788461,67.89189189189189,,1.0,100.0,1.0,-0.2866601592248746
60.39172219591345,67.89189189189189,,1.0,100.0,1.0,-0.2887640608122142
60.6814379139423,67.89189189189189,,1.0,100.0,1.0,-0.290903362498684
60.97115363197115,67.89189189189189,,1.0,100.0,1.0,-0.293078712487936
61.26086934999999,67.89189189189189,,1.0,100.0,1.0,-0.295290771235588
61.55058506802884,67.89189189189189,,1.0,100.0,1.0,-0.2975402121265004
61.84030078605769,67.89189189189189,,1.0,100.0,1.0,-0.2998277221655802
62.130016504086534,67.89189189189189,,1.0,100.0,1.0,-0.3021540026816711
62.41973222211538,67.89189189189189,,1.0,100.0,1.0,-0.3045197700444962
62.70944794014423,67.89189189189189,,1.0,100.0,1.0,-0.3069257563942081
62.999163658173075,67.89189189189189,,1.0,100.0,1.0,-0.3093727103834996
63.288879376201905,67.89189189189189,,1.0,100.0,1.0,-0.3118613979319388
63.578595094230764,67.89189189189189,,1.0,100.0,1.0,-0.3143926029924251
63.868310812259615,67.89189189189189,,1.0,100.0,1.0,-0.3169671283295479
64.15802653028845,67.89189189189189,,1.0,100.0,1.0,-0.3195857963098871
64.4477422483173,67.89189189189189,,1.0,100.0,1.0,-0.3222494497038416
64.73745796634616,67.89189189189189,,1.0,100.0,1.0,-0.3249589524991331
65.027173684375,67.89189189189189,,1.0,100.0,1.0,-0.3277151907258183
65.31688940240385,67.89189189189189,,1.0,100.0,1.0,-0.3305190732928696
65.60660512043269,67.89189189189189,,1.0,100.0,1.0,-0.3333715328359483
65.89632083846153,67.89189189189189,,1.0,100.0,1.0,-0.3362735265768821
66.18603655649038,67.89189189189189,,1.0,100.0,1.0,-0.3392260371944061
66.47575227451922,67.89189189189189,,1.0,100.0,1.0,-0.3422300737064119
66.76546799254808,67.89189189189189,,1.0,100.0,1.0,-0.3452866723637189
67.05518371057693,67.89189189189189,,1.0,100.0,1.0,-0.3483968975554242
67.34489942860577,67.89189189189189,,1.0,100.0,1.0,-0.3515618427259543
67.63461514663462,67.89189189189189,,1.0,100.0,1.0,-0.3547826313038273
67.92433086466346,67.89189189189189,,1.0,100.0,1.0,-0.3580604176424327
68.2140465826923,67.89189189189189,,1.0,100.0,1.0,-0.3613963879727545
68.50376230072115,67.89189189189189,,1.0,100.0,1.0,-0.3647917613685025
68.79347801875001,67.89189189189189,,1.0,100.0,1.0,-0.3682477907234843
69.08319373677885,67.89189189189189,,1.0,100.0,1.0,-0.3717657637417195
69.3729094548077,67.89189189189189,,1.0,100.0,1.0,-0.3753470039404142
69.66262517283654,67.89189189189189,,1.0,100.0,1.0,-0.3789928716660224
69.95234089086537,67.89189189189189,,1.0,100.0,1.0,-0.3827047651236256
70.24205660889423,67.89189189189189,,1.0,100.0,1.0,-0.3864841214201484
70.53177232692308,67.89189189189189,,1.0,100.0,1.0,-0.3903324176213658
70.82148804495192,67.89189189189189,,1.0,100.0,1.0,-0.394251171823204
71.11120376298076,67.89189189189189,,1.0,100.0,1.0,-0.398241944237923
71.40091948100961,67.89189189189189,,1.0,100.0,1.0,-0.4023063382949035
71.69063519903845,67.89189189189189,,1.0,100.0,1.0,-0.4064460017572616
71.9803509170673,67.89189189189189,,1.0,100.0,1.0,-0.4106626278537433
72.27006663509614,67.89189189189189,,1.0,100.0,1.0,-0.4149579564272971
72.55978235312502,67.89189189189189,,1.0,100.0,1.0,-0.419333775100008
72.84949807115386,67.89189189189189,,1.0,100.0,1.0,-0.4237919204551558
73.13921378918268,67.89189189189189,,1.0,100.0,1.0,-0.4283342792369071
73.42892950721154,67.89189189189189,,1.0,100.0,1.0,-0.4329627895680993
73.71864522524038,67.89189189189189,,1.0,100.0,1.0,-0.4376794421865069
74.00836094326922,67.89189189189189,,1.0,100.0,1.0,-0.4424862817004483
74.29807666129807,67.89189189189189,,1.0,100.0,1.0,-0.4473854078636897
74.58779237932691,67.89189189189189,,1.0,100.0,1.0,-0.4523789768711233
74.87750809735577,67.89189189189189,,1.0,100.0,1.0,-0.4574692026749023
75.16722381538462,67.89189189189189,,1.0,100.0,1.0,-0.4626583583222483
75.45693953341345,67.89189189189189,,1.0,100.0,1.0,-0.4679487773153519
75.7466552514423,67.89189189189189,,1.0,100.0,1.0,-0.47334285499403
76.03637096947115,67.89189189189189,,1.0,100.0,1.0,-0.4788430499419301
76.32608668750001,67.89189189189189,,1.0,100.0,1.0,-0.4844518854168282
76.61580240552884,67.89189189189189,,1.0,100.0,1.0,-0.4901719508059383
76.9055181235577,67.89189189189189,,1.0,100.0,1.0,-0.4960059031068001
77.19523384158653,67.89189189189189,,1.0,100.0,1.0,-0.5019564684347467
77.48494955961539,67.89189189189189,,1.0,100.0,1.0,-0.5080264435573921
77.77466527764422,67.89189189189189,,1.0,100.0,1.0,-0.514218697457495
78.06438099567308,67.89189189189189,,1.0,100.0,1.0,-0.5205361729245493
78.35409671370192,67.89189189189189,,1.0,100.0,1.0,-0.5269818881762077
78.64381243173077,67.89189189189189,,1.0,100.0,1.0,-0.5335589385105453
78.93352814975961,67.89189189189189,,1.0,100.0,1.0,-0.5402704979898346
79.22324386778845,67.89189189189189,,1.0,100.0,1.0,-0.5471198211570798
79.51295958581731,67.89189189189189,,1.0,100.0,1.0,-0.554110244785952
79.80267530384614,67.89189189189189,,1.0,100.0,1.0,-0.5612451896656013
80.09239102187499,67.89189189189189,,1.0,100.0,1.0,-0.5685281624210036
80.38210673990385,67.89189189189189,,1.0,100.0,1.0,-0.5759627573700623
80.67182245793269,67.89189189189189,,1.0,100.0,1.0,-0.58355265841867
80.96153817596152,67.89189189189189,,1.0,100.0,1.0,-0.5913016409947311
81.25125389399038,67.89189189189189,,1.0,100.0,1.0,-0.5992135740224177
81.54096961201923,67.89189189189189,,1.0,100.0,1.0,-0.6072924219378415
81.83068533004807,67.89189189189189,,1.0,100.0,1.0,-0.6155422467474442
82.12040104807691,67.89189189189189,,1.0,100.0,1.0,-0.6239672101303396
82.41011676610577,67.89189189189189,,1.0,100.0,1.0,-0.6325715755859601
82.6998324841346,67.89189189189189,,1.0,100.0,1.0,-0.6413597106283326
82.98954820216345,67.89189189189189,,1.0,100.0,1.0,-0.6503360890285388
83.2792639201923,67.89189189189189,,1.0,100.0,1.0,-0.6595052931066931
83.56897963822115,67.89189189189189,,1.0,100.0,1.0,-0.6688720160747512
83.85869535625,67.89189189189189,,1.0,100.0,1.0,-0.6784410644323811
84.14841107427884,67.89189189189189,,1.0,100.0,1.0,-0.6882173604164198
84.43812679230768,67.89189189189189,,1.0,100.0,1.0,-0.6982059445065312
84.72784251033653,67.89189189189189,,1.0,100.0,1.0,-0.708411977988327
85.01755822836537,67.89189189189189,,1.0,100.0,1.0,-0.7188407455754169
85.30727394639422,67.89189189189189,,1.0,100.0,1.0,-0.729497658092993
85.59698966442308,67.89189189189189,,1.0,100.0,1.0,-0.7403882552237803
85.88670538245192,67.89189189189189,,1.0,100.0,1.0,-0.7515182083191311
86.17642110048077,67.89189189189189,,1.0,100.0,1.0,-0.7628933232766009
86.46613681850961,67.89189189189189,,1.0,100.0,1.0,-0.7745195434865642
86.75585253653846,67.89189189189189,,1.0,100.0,1.0,-0.7864029528494221
87.0455682545673,67.89189189189189,,1.0,100.0,1.0,-0.7985497788659801
87.33528397259614,67.89189189189189,,1.0,100.0,1.0,-0.8109663958029413
87.624999690625,67.89189189189189,,1.0,100.0,1.0,-0.8236593279360946
1.0,70.56756756756756,,1.0,100.0,1.0,-0.3385737950931705
1.289715718028846,70.56756756756756,,1.0,100.0,1.0,-0.3325022104466646
1.5794314360576922,70.56756756756756,,1.0,100.0,1.0,-0.3265508125210431
1.8691471540865385,70.56756756756756,,1.0,100.0,1.0,-0.3207188256407384
2.1588628721153844,70.56756756756756,,1.0,100.0,1.0,-0.3150054714787141
2.4485785901442307,70.56756756756756,,1.0,100.0,1.0,-0.3094099696623976
2.738294308173077,70.56756756756756,,1.0,100.0,1.0,-0.3039315382574342
3.028010026201923,70.56756756756756,,1.0,100.0,1.0,-0.2985693941351787
3.3177257442307693,70.56756756756756,,1.0,100.0,1.0,-0.2933227532300453
3.607441462259615,70.56756756756756,,1.0,100.0,1.0,-0.288190830692592
3.897157180288461,70.56756756756756,,1.0,100.0,1.0,-0.2831728409443672
4.186872898317307,70.56756756756756,,1.0,100.0,1.0,-0.2782679976403473
4.476588616346154,70.56756756756756,,1.0,100.0,1.0,-0.2734755135449366
4.766304334375,70.56756756756756,,1.0,100.0,1.0,-0.2687946003272994
5.056020052403846,70.56756756756756,,1.0,100.0,1.0,-0.2642244682818392
5.345735770432693,70.56756756756756,,1.0,100.0,1.0,-0.2597643259796183
5.6354514884615385,70.56756756756756,,1.0,100.0,1.0,-0.2554133798564091
5.925167206490385,70.56756756756756,,1.0,100.0,1.0,-0.2511708337430515
6.21488292451923,70.56756756756756,,1.0,100.0,1.0,-0.2470358883437124
6.504598642548077,70.56756756756756,,1.0,100.0,1.0,-0.24300774066766
6.794314360576923,70.56756756756756,,1.0,100.0,1.0,-0.2390855834199806
7.084030078605768,70.56756756756756,,1.0,100.0,1.0,-0.2352686043567551
7.373745796634614,70.56756756756756,,1.0,100.0,1.0,-0.23155598560994
7.663461514663462,70.56756756756756,,1.0,100.0,1.0,-0.227946902987402
7.9531772326923065,70.56756756756756,,1.0,100.0,1.0,-0.2244405252531176
8.242892950721153,70.56756756756756,,1.0,100.0,1.0,-0.221036013392851
8.53260866875,70.56756756756756,,1.0,100.0,1.0,-0.2177325198701696
8.822324386778845,70.56756756756756,,1.0,100.0,1.0,-0.21452918787781
9.112040104807692,70.56756756756756,,1.0,100.0,1.0,-0.2114251505892037
9.401755822836538,70.56756756756756,,1.0,100.0,1.0,-0.2084195304148521
9.691471540865384,70.56756756756756,,1.0,100.0,1.0,-0.20551143826813
9.98118725889423,70.56756756756756,,1.0,100.0,1.0,-0.2026999728450143
10.270902976923075,70.56756756756756,,1.0,100.0,1.0,-0.1999842199220183
10.560618694951922,70.56756756756756,,1.0,100.0,1.0,-0.1973632516765488
10.850334412980768,70.56756756756756,,1.0,100.0,1.0,-0.1948361260337486
11.140050131009614,70.56756756756756,,1.0,100.0,1.0,-0.1924018860436855
11.42976584903846,70.56756756756756,,1.0,100.0,1.0,-0.1900595592926024
11.719481567067307,70.56756756756756,,1.0,100.0,1.0,-0.1878081573518663
12.009197285096153,70.56756756756756,,1.0,100.0,1.0,-0.1856466752679032
12.298913003125,70.56756756756756,,1.0,100.0,1.0,-0.1835740910964565
12.588628721153844,70.56756756756756,,1.0,100.0,1.0,-0.1815893654840638
12.87834443918269,70.56756756756756,,1.0,100.0,1.0,-0.1796914412997039
13.168060157211537,70.56756756756756,,1.0,100.0,1.0,-0.177879243319175
13.457775875240383,70.56756756756756,,1.0,100.0,1.0,-0.1761516779646615
13.747491593269228,70.56756756756756,,1.0,100.0,1.0,-0.1745076331017294
14.037207311298074,70.56756756756756,,1.0,100.0,1.0,-0.1729459778957483
14.32692302932692,70.56756756756756,,1.0,100.0,1.0,-0.1714655627294951
14.616638747355767,70.56756756756756,,1.0,100.0,1.0,-0.170065219183565
14.906354465384615,70.56756756756756,,1.0,100.0,1.0,-0.1687437600809038
15.196070183413461,70.56756756756756,,1.0,100.0,1.0,-0.1674999795965181
15.485785901442307,70.56756756756756,,1.0,100.0,1.0,-0.1663326534333257
15.775501619471152,70.56756756756756,,1.0,100.0,1.0,-0.1652405390647096
16.0652173375,70.56756756756756,,1.0,100.0,1.0,-0.1642223760441513
16.354933055528846,70.56756756756756,,1.0,100.0,1.0,-0.1632768863821775
16.64464877355769,70.56756756756756,,1.0,100.0,1.0,-0.1624027749904275
16.93436449158654,70.56756756756756,,1.0,100.0,1.0,-0.1615987301925344
17.224080209615384,70.56756756756756,,1.0,100.0,1.0,-0.1608634243013087
17.51379592764423,70.56756756756756,,1.0,100.0,1.0,-0.1601955142612341
17.803511645673076,70.56756756756756,,1.0,100.0,1.0,-0.1595936423553727
18.093227363701924,70.56756756756756,,1.0,100.0,1.0,-0.1590564369752695
18.38294308173077,70.56756756756756,,1.0,100.0,1.0,-0.1585825134523416
18.672658799759613,70.56756756756756,,1.0,100.0,1.0,-0.1581704749489441
18.96237451778846,70.56756756756756,,1.0,100.0,1.0,-0.157818913407173
19.252090235817306,70.56756756756756,,1.0,100.0,1.0,-0.1575264105530793
19.541805953846154,70.56756756756756,,1.0,100.0,1.0,-0.1572915389539183
19.831521671875,70.56756756756756,,1.0,100.0,1.0,-0.1571128631257816
20.121237389903843,70.56756756756756,,1.0,100.0,1.0,-0.1569889406886463
20.41095310793269,70.56756756756756,,1.0,100.0,1.0,-0.1569183235659945
20.700668825961536,70.56756756756756,,1.0,100.0,1.0,-0.1568995592255444
20.99038454399038,70.56756756756756,,1.0,100.0,1.0,-0.1569311919578925
21.28010026201923,70.56756756756756,,1.0,100.0,1.0,-0.1570117641893957
21.569815980048077,70.56756756756756,,1.0,100.0,1.0,-0.1571398178256226
21.85953169807692,70.56756756756756,,1.0,100.0,1.0,-0.1573138956215548
22.14924741610577,70.56756756756756,,1.0,100.0,1.0,-0.1575325425746119
22.438963134134614,70.56756756756756,,1.0,100.0,1.0,-0.1577943073364192
22.728678852163462,70.56756756756756,,1.0,100.0,1.0,-0.158097743639212
23.018394570192307,70.56756756756756,,1.0,100.0,1.0,-0.1584414117326557
23.308110288221158,70.56756756756756,,1.0,100.0,1.0,-0.1588238798269502
23.59782600625,70.56756756756756,,1.0,100.0,1.0,-0.1592437255377917
23.88754172427884,70.56756756756756,,1.0,100.0,1.0,-0.15969953732904
24.17725744230769,70.56756756756756,,1.0,100.0,1.0,-0.1601899159488021
24.46697316033654,70.56756756756756,,1.0,100.0,1.0,-0.1607134758546406
24.75668887836538,70.56756756756756,,1.0,100.0,1.0,-0.161268846623777
25.046404596394233,70.56756756756756,,1.0,100.0,1.0,-0.1618546743441995
25.336120314423074,70.56756756756756,,1.0,100.0,1.0,-0.1624696229825333
25.62583603245192,70.56756756756756,,1.0,100.0,1.0,-0.1631123757248976
25.915551750480766,70.56756756756756,,1.0,100.0,1.0,-0.1637816362868818
26.205267468509614,70.56756756756756,,1.0,100.0,1.0,-0.1644761301889424
26.494983186538455,70.56756756756756,,1.0,100.0,1.0,-0.1651946059938857
26.78469890456731,70.56756756756756,,1.0,100.0,1.0,-0.1659358365030042
27.074414622596148,70.56756756756756,,1.0,100.0,1.0,-0.1666986199077575
27.364130340624996,70.56756756756756,,1.0,100.0,1.0,-0.1674817808942467
27.65384605865384,70.56756756756756,,1.0,100.0,1.0,-0.1682841716975301
27.94356177668269,70.56756756756756,,1.0,100.0,1.0,-0.1691046731036106
28.233277494711533,70.56756756756756,,1.0,100.0,1.0,-0.1699421953966408
28.52299321274039,70.56756756756756,,1.0,100.0,1.0,-0.1707956792495377
28.812708930769226,70.56756756756756,,1.0,100.0,1.0,-0.1716640965561608
29.102424648798074,70.56756756756756,,1.0,100.0,1.0,-0.1725464512036668
29.392140366826922,70.56756756756756,,1.0,100.0,1.0,-0.173441779783777
29.681856084855767,70.56756756756756,,1.0,100.0,1.0,-0.1743491522419527
29.97157180288462,70.56756756756756,,1.0,100.0,1.0,-0.1752676724638676
30.261287520913456,70.56756756756756,,1.0,100.0,1.0,-0.1761964787985612
30.551003238942304,70.56756756756756,,1.0,100.0,1.0,-0.1771347445180821
30.84071895697115,70.56756756756756,,1.0,100.0,1.0,-0.178081678213704
31.130434674999997,70.56756756756756,,1.0,100.0,1.0,-0.1790365241286817
31.420150393028845,70.56756756756756,,1.0,100.0,1.0,-0.1799985624282573
31.709866111057696,70.56756756756756,,1.0,100.0,1.0,-0.1809671094071885
31.999581829086537,70.56756756756756,,1.0,100.0,1.0,-0.1819415176359052
32.28929754711538,70.56756756756756,,1.0,100.0,1.0,-0.182921176045995
32.579013265144226,70.56756756756756,,1.0,100.0,1.0,-0.1839055099562649
32.86872898317308,70.56756756756756,,1.0,100.0,1.0,-0.1848939810405953
33.15844470120192,70.56756756756756,,1.0,100.0,1.0,-0.1858860872389446
33.44816041923077,70.56756756756756,,1.0,100.0,1.0,-0.186881362613046
33.73787613725961,70.56756756756756,,1.0,100.0,1.0,-0.1878793771483502
34.02759185528846,70.56756756756756,,1.0,100.0,1.0,-0.1888797365039309
34.31730757331731,70.56756756756756,,1.0,100.0,1.0,-0.1898820817121163
34.60702329134615,70.56756756756756,,1.0,100.0,1.0,-0.1908860888297454
34.896739009375,70.56756756756756,,1.0,100.0,1.0,-0.1918914685428193
35.18645472740385,70.56756756756756,,1.0,100.0,1.0,-0.1928979657267215
35.476170445432686,70.56756756756756,,1.0,100.0,1.0,-0.193905358963852
35.76588616346154,70.56756756756756,,1.0,100.0,1.0,-0.1949134600207863
36.05560188149038,70.56756756756756,,1.0,100.0,1.0,-0.1959221132871421
36.34531759951923,70.56756756756756,,1.0,100.0,1.0,-0.1969311951781659
36.63503331754807,70.56756756756756,,1.0,100.0,1.0,-0.1979406135033415
36.92474903557693,70.56756756756756,,1.0,100.0,1.0,-0.1989503068030699
37.21446475360577,70.56756756756756,,1.0,100.0,1.0,-0.1999602436558899
37.50418047163461,70.56756756756756,,1.0,100.0,1.0,-0.2009704219581836
37.79389618966346,70.56756756756756,,1.0,100.0,1.0,-0.201980868179009
38.08361190769231,70.56756756756756,,1.0,100.0,1.0,-0.2029916365920206
38.37332762572115,70.56756756756756,,1.0,100.0,1.0,-0.2040028084870462
38.66304334375,70.56756756756756,,1.0,100.0,1.0,-0.2050144913635465
38.95275906177885,70.56756756756756,,1.0,100.0,1.0,-0.2060268181082989
39.24247477980769,70.56756756756756,,1.0,100.0,1.0,-0.2070399461596712
39.53219049783654,70.56756756756756,,1.0,100.0,1.0,-0.2080540566608588
39.82190621586538,70.56756756756756,,1.0,100.0,1.0,-0.2090693536043507
40.111621933894234,70.56756756756756,,1.0,100.0,1.0,-0.2100860629699213
40.40133765192307,70.56756756756756,,1.0,100.0,1.0,-0.2111044318586161
40.69105336995192,70.56756756756756,,1.0,100.0,1.0,-0.2121247276247094
40.98076908798076,70.56756756756756,,1.0,100.0,1.0,-0.2131472370081187
41.27048480600961,70.56756756756756,,1.0,100.0,1.0,-0.214172265269266
41.56020052403846,70.56756756756756,,1.0,100.0,1.0,-0.2152001353285128
41.8499162420673,70.56756756756756,,1.0,100.0,1.0,-0.216231186912311
42.13963196009615,70.56756756756756,,1.0,100.0,1.0,-0.2172657757079701
42.429347678125,70.56756756756756,,1.0,100.0,1.0,-0.2183042725288351
42.71906339615384,70.56756756756756,,1.0,100.0,1.0,-0.2193470624919125
43.00877911418269,70.56756756756756,,1.0,100.0,1.0,-0.220394544209361
43.29849483221154,70.56756756756756,,1.0,100.0,1.0,-0.2214471289957321
43.58821055024038,70.56756756756756,,1.0,100.0,1.0,-0.2225052400922753
43.87792626826923,70.56756756756756,,1.0,100.0,1.0,-0.2235693119097748
44.16764198629807,70.56756756756756,,1.0,100.0,1.0,-0.2246397892913584
44.457357704326924,70.56756756756756,,1.0,100.0,1.0,-0.2257171267962563
44.74707342235577,70.56756756756756,,1.0,100.0,1.0,-0.2268017880057992
45.03678914038461,70.56756756756756,,1.0,100.0,1.0,-0.2278942448525802
45.32650485841346,70.56756756756756,,1.0,100.0,1.0,-0.2289949769737495
45.61622057644231,70.56756756756756,,1.0,100.0,1.0,-0.2301044710891523
45.905936294471154,70.56756756756756,,1.0,100.0,1.0,-0.2312232204052108
46.1956520125,70.56756756756756,,1.0,100.0,1.0,-0.2323517240450014
46.485367730528836,70.56756756756756,,1.0,100.0,1.0,-0.2334904865052737
46.775083448557695,70.56756756756756,,1.0,100.0,1.0,-0.2346400171407385
47.06479916658654,70.56756756756756,,1.0,100.0,1.0,-0.2358008296761913
47.35451488461538,70.56756756756756,,1.0,100.0,1.0,-0.2369734417466669
47.644230602644235,70.56756756756756,,1.0,100.0,1.0,-0.2381583744660916
47.93394632067308,70.56756756756756,,1.0,100.0,1.0,-0.2393561520244913
48.22366203870192,70.56756756756756,,1.0,100.0,1.0,-0.2405673013140968
48.51337775673076,70.56756756756756,,1.0,100.0,1.0,-0.2417923515843264
48.80309347475962,70.56756756756756,,1.0,100.0,1.0,-0.243031834125834
49.092809192788465,70.56756756756756,,1.0,100.0,1.0,-0.2442862819836698
49.38252491081732,70.56756756756756,,1.0,100.0,1.0,-0.2455562296994634
49.67224062884614,70.56756756756756,,1.0,100.0,1.0,-0.2468422130827059
49.96195634687499,70.56756756756756,,1.0,100.0,1.0,-0.2481447690109209
50.25167206490384,70.56756756756756,,1.0,100.0,1.0,-0.2494644352588431
50.54138778293269,70.56756756756756,,1.0,100.0,1.0,-0.2508017503562059
50.83110350096153,70.56756756756756,,1.0,100.0,1.0,-0.2521572534742339
51.120819218990384,70.56756756756756,,1.0,100.0,1.0,-0.253531484340346
51.41053493701923,70.56756756756756,,1.0,100.0,1.0,-0.2549249831812064
51.70025065504807,70.56756756756756,,1.0,100.0,1.0,-0.2563382906936141
51.98996637307691,70.56756756756756,,1.0,100.0,1.0,-0.2577719480430269
52.27968209110577,70.56756756756756,,1.0,100.0,1.0,-0.2592264968894896
52.569397809134614,70.56756756756756,,1.0,100.0,1.0,-0.2607024794405761
52.859113527163466,70.56756756756756,,1.0,100.0,1.0,-0.2622004385310782
53.148829245192296,70.56756756756756,,1.0,100.0,1.0,-0.263720917729057
53.438544963221155,70.56756756756756,,1.0,100.0,1.0,-0.2652644614678349
53.72826068124999,70.56756756756756,,1.0,100.0,1.0,-0.266831615203664
54.01797639927885,70.56756756756756,,1.0,100.0,1.0,-0.268422925598479
54.30769211730768,70.56756756756756,,1.0,100.0,1.0,-0.2700389407275182
54.59740783533653,70.56756756756756,,1.0,100.0,1.0,-0.2716802103112807
54.88712355336538,70.56756756756756,,1.0,100.0,1.0,-0.2733472859713355
55.176839271394236,70.56756756756756,,1.0,100.0,1.0,-0.2750407215095856
55.46655498942307,70.56756756756756,,1.0,100.0,1.0,-0.2767610732105544
55.75627070745192,70.56756756756756,,1.0,100.0,1.0,-0.2785089001661096
56.04598642548078,70.56756756756756,,1.0,100.0,1.0,-0.2802847646223596
56.33570214350961,70.56756756756756,,1.0,100.0,1.0,-0.2820892323479612
56.62541786153845,70.56756756756756,,1.0,100.0,1.0,-0.2839228730235953
56.9151335795673,70.56756756756756,,1.0,100.0,1.0,-0.2857862606520909
57.20484929759615,70.56756756756756,,1.0,100.0,1.0,-0.2876799739885627
57.49456501562499,70.56756756756756,,1.0,100.0,1.0,-0.2896045969902535
57.784280733653844,70.56756756756756,,1.0,100.0,1.0,-0.2915607192856317
58.07399645168269,70.56756756756756,,1.0,100.0,1.0,-0.2935489366620688
58.36371216971153,70.56756756756756,,1.0,100.0,1.0,-0.2955698515718553
58.65342788774037,70.56756756756756,,1.0,100.0,1.0,-0.2976240736560273
58.94314360576924,70.56756756756756,,1.0,100.0,1.0,-0.299712220285509
59.23285932379808,70.56756756756756,,1.0,100.0,1.0,-0.3018349171191958
59.52257504182691,70.56756756756756,,1.0,100.0,1.0,-0.3039927986786022
59.812290759855756,70.56756756756756,,1.0,100.0,1.0,-0.3061865089385851
60.10200647788461,70.56756756756756,,1.0,100.0,1.0,-0.3084167019337352
60.39172219591345,70.56756756756756,,1.0,100.0,1.0,-0.3106840423802165
60.6814379139423,70.56756756756756,,1.0,100.0,1.0,-0.3129892063125021
60.97115363197115,70.56756756756756,,1.0,100.0,1.0,-0.3153328817347468
61.26086934999999,70.56756756756756,,1.0,100.0,1.0,-0.317715769286547
61.55058506802884,70.56756756756756,,1.0,100.0,1.0,-0.3201385829225743
61.84030078605769,70.56756756756756,,1.0,100.0,1.0,-0.3226020506060213
62.130016504086534,70.56756756756756,,1.0,100.0,1.0,-0.3251069150154406
62.41973222211538,70.56756756756756,,1.0,100.0,1.0,-0.3276539342647377
62.70944794014423,70.56756756756756,,1.0,100.0,1.0,-0.3302438826361425
62.999163658173075,70.56756756756756,,1.0,100.0,1.0,-0.3328775513259185
63.288879376201905,70.56756756756756,,1.0,100.0,1.0,-0.3355557492025826
63.578595094230764,70.56756756756756,,1.0,100.0,1.0,-0.3382793035774688
63.868310812259615,70.56756756756756,,1.0,100.0,1.0,-0.3410490609875568
64.15802653028845,70.56756756756756,,1.0,100.0,1.0,-0.3438658879903392
64.4477422483173,70.56756756756756,,1.0,100.0,1.0,-0.3467306719706335
64.73745796634616,70.56756756756756,,1.0,100.0,1.0,-0.3496443219592995
65.027173684375,70.56756756756756,,1.0,100.0,1.0,-0.3526077694637495
65.31688940240385,70.56756756756756,,1.0,100.0,1.0,-0.3556219693101806
65.60660512043269,70.56756756756756,,1.0,100.0,1.0,-0.3586879004975282
65.89632083846153,70.56756756756756,,1.0,100.0,1.0,-0.3618065670631285
66.18603655649038,70.56756756756756,,1.0,100.0,1.0,-0.3649789989601607
66.47575227451922,70.56756756756756,,1.0,100.0,1.0,-0.3682062529466938
66.76546799254808,70.56756756756756,,1.0,100.0,1.0,-0.3714894134866691
67.05518371057693,70.56756756756756,,1.0,100.0,1.0,-0.3748295936626761
67.34489942860577,70.56756756756756,,1.0,100.0,1.0,-0.378227936100715
67.63461514663462,70.56756756756756,,1.0,100.0,1.0,-0.3816856139070027
67.92433086466346,70.56756756756756,,1.0,100.0,1.0,-0.3852038316170156
68.2140465826923,70.56756756756756,,1.0,100.0,1.0,-0.3887838261568223
68.50376230072115,70.56756756756756,,1.0,100.0,1.0,-0.3924268678170314
68.79347801875001,70.56756756756756,,1.0,100.0,1.0,-0.396134261239372
69.08319373677885,70.56756756756756,,1.0,100.0,1.0,-0.3999073464161493
69.3729094548077,70.56756756756756,,1.0,100.0,1.0,-0.4037474997030078
69.66262517283654,70.56756756756756,,1.0,100.0,1.0,-0.4076561348448824
69.95234089086537,70.56756756756756,,1.0,100.0,1.0,-0.4116347040157677
70.24205660889423,70.56756756756756,,1.0,100.0,1.0,-0.4156846988723335
70.53177232692308,70.56756756756756,,1.0,100.0,1.0,-0.4198076516218394
70.82148804495192,70.56756756756756,,1.0,100.0,1.0,-0.4240051361045684
71.11120376298076,70.56756756756756,,1.0,100.0,1.0,-0.4282787688911758
71.40091948100961,70.56756756756756,,1.0,100.0,1.0,-0.4326302103954305
71.69063519903845,70.56756756756756,,1.0,100.0,1.0,-0.4370611660024083
71.9803509170673,70.56756756756756,,1.0,100.0,1.0,-0.4415733872128448
72.27006663509614,70.56756756756756,,1.0,100.0,1.0,-0.4461686728039881
72.55978235312502,70.56756756756756,,1.0,100.0,1.0,-0.4508488700073072
72.84949807115386,70.56756756756756,,1.0,100.0,1.0,-0.4556158757035461
73.13921378918268,70.56756756756756,,1.0,100.0,1.0,-0.4604716376357163
73.42892950721154,70.56756756756756,,1.0,100.0,1.0,-0.4654181556402539
73.71864522524038,70.56756756756756,,1.0,100.0,1.0,-0.4704574828972101
74.00836094326922,70.56756756756756,,1.0,100.0,1.0,-0.475591727199795
74.29807666129807,70.56756756756756,,1.0,100.0,1.0,-0.4808230522437055
74.58779237932691,70.56756756756756,,1.0,100.0,1.0,-0.4861536789372163
74.87750809735577,70.56756756756756,,1.0,100.0,1.0,-0.4915858867322187
75.16722381538462,70.56756756756756,,1.0,100.0,1.0,-0.4971220149770854
75.45693953341345,70.56756756756756,,1.0,100.0,1.0,-0.502764464291911
75.7466552514423,70.56756756756756,,1.0,100.0,1.0,-0.5085156979667074
76.03637096947115,70.56756756756756,,1.0,100.0,1.0,-0.5143782433834929
76.32608668750001,70.56756756756756,,1.0,100.0,1.0,-0.520354693462621
76.61580240552884,70.56756756756756,,1.0,100.0,1.0,-0.5264477081344703
76.9055181235577,70.56756756756756,,1.0,100.0,1.0,-0.5326600158368754
77.19523384158653,70.56756756756756,,1.0,100.0,1.0,-0.5389944150393937
77.48494955961539,70.56756756756756,,1.0,100.0,1.0,-0.5454537757949763
77.77466527764422,70.56756756756756,,1.0,100.0,1.0,-0.5520410413199823
78.06438099567308,70.56756756756756,,1.0,100.0,1.0,-0.5587592296034247
78.35409671370192,70.56756756756756,,1.0,100.0,1.0,-0.5656114350461416
78.64381243173077,70.56756756756756,,1.0,100.0,1.0,-0.5726008301311222
78.93352814975961,70.56756756756756,,1.0,100.0,1.0,-0.5797306671254568
79.22324386778845,70.56756756756756,,1.0,100.0,1.0,-0.5870042798154426
79.51295958581731,70.56756756756756,,1.0,100.0,1.0,-0.594425085275178
79.80267530384614,70.56756756756756,,1.0,100.0,1.0,-0.6019965856703693
80.09239102187499,70.56756756756756,,1.0,100.0,1.0,-0.6097223700977371
80.38210673990385,70.56756756756756,,1.0,100.0,1.0,-0.6176061164616615
80.67182245793269,70.56756756756756,,1.0,100.0,1.0,-0.6256515933886717
80.96153817596152,70.56756756756756,,1.0,100.0,1.0,-0.6338626621813775
81.25125389399038,70.56756756756756,,1.0,100.0,1.0,-0.6422432788127065
81.54096961201923,70.56756756756756,,1.0,100.0,1.0,-0.650797495961866
81.83068533004807,70.56756756756756,,1.0,100.0,1.0,-0.6595294650930069
82.12040104807691,70.56756756756756,,1.0,100.0,1.0,-0.6684434385783469
82.41011676610577,70.56756756756756,,1.0,100.0,1.0,-0.6775437718664356
82.6998324841346,70.56756756756756,,1.0,100.0,1.0,-0.6868349256976554
82.98954820216345,70.56756756756756,,1.0,100.0,1.0,-0.6963214683675768
83.2792639201923,70.56756756756756,,1.0,100.0,1.0,-0.7060080780404437
83.56897963822115,70.56756756756756,,1.0,100.0,1.0,-0.7158995451134242
83.85869535625,70.56756756756756,,1.0,100.0,1.0,-0.726000774634072
84.14841107427884,70.56756756756756,,1.0,100.0,1.0,-0.7363167887716677
84.43812679230768,70.56756756756756,,1.0,100.0,1.0,-0.7468527293447054
84.72784251033653,70.56756756756756,,1.0,100.0,1.0,-0.7576138604061525
85.01755822836537,70.56756756756756,,1.0,100.0,1.0,-0.7686055708876434
85.30727394639422,70.56756756756756,,1.0,100.0,1.0,-0.7798333773052897
85.59698966442308,70.56756756756756,,1.0,100.0,1.0,-0.7913029265280636
85.88670538245192,70.56756756756756,,1.0,100.0,1.0,-0.8030199986113047
86.17642110048077,70.56756756756756,,1.0,100.0,1.0,-0.8149905096968888
86.46613681850961,70.56756756756756,,1.0,100.0,1.0,-0.8272205149822761
86.75585253653846,70.56756756756756,,1.0,100.0,1.0,-0.8397162117604412
87.0455682545673,70.56756756756756,,1.0,100.0,1.0,-0.8524839425328377
87.33528397259614,70.56756756756756,,1.0,100.0,1.0,-0.8655301981975874
87.624999690625,70.56756756756756,,1.0,100.0,1.0,-0.878861621315202
1.0,73.24324324324324,,1.0,100.0,1.0,-0.3460659974479839
1.289715718028846,73.24324324324324,,1.0,100.0,1.0,-0.3400618814561358
1.5794314360576922,73.24324324324324,,1.0,100.0,1.0,-0.3341766193742227
1.8691471540865385,73.24324324324324,,1.0,100.0,1.0,-0.3284095214802677
2.1588628721153844,73.24324324324324,,1.0,100.0,1.0,-0.3227598912825103
2.4485785901442307,73.24324324324324,,1.0,100.0,1.0,-0.3172270262399409
2.738294308173077,73.24324324324324,,1.0,100.0,1.0,-0.3118102183606635
3.028010026201923,73.24324324324324,,1.0,100.0,1.0,-0.3065087546839916
3.3177257442307693,73.24324324324324,,1.0,100.0,1.0,-0.3013219176522415
3.607441462259615,73.24324324324324,,1.0,100.0,1.0,-0.2962489853781587
3.897157180288461,73.24324324324324,,1.0,100.0,1.0,-0.2912892318138613
4.186872898317307,73.24324324324324,,1.0,100.0,1.0,-0.2864419268270438
4.476588616346154,73.24324324324324,,1.0,100.0,1.0,-0.2817063361904232
4.766304334375,73.24324324324324,,1.0,100.0,1.0,-0.2770817214899626
5.056020052403846,73.24324324324324,,1.0,100.0,1.0,-0.2725673399578131
5.345735770432693,73.24324324324324,,1.0,100.0,1.0,-0.2681624442354704
5.6354514884615385,73.24324324324324,,1.0,100.0,1.0,-0.2638662820728661
5.925167206490385,73.24324324324324,,1.0,100.0,1.0,-0.2596780959689829
6.21488292451923,73.24324324324324,,1.0,100.0,1.0,-0.2555971227594209
6.504598642548077,73.24324324324324,,1.0,100.0,1.0,-0.2516225931565023
6.794314360576923,73.24324324324324,,1.0,100.0,1.0,-0.2477537312471925
7.084030078605768,73.24324324324324,,1.0,100.0,1.0,-0.2439897539543283
7.373745796634614,73.24324324324324,,1.0,100.0,1.0,-0.2403298704662137
7.663461514663462,73.24324324324324,,1.0,100.0,1.0,-0.2367732816400128
7.9531772326923065,73.24324324324324,,1.0,100.0,1.0,-0.2333191793838078
8.242892950721153,73.24324324324324,,1.0,100.0,1.0,-0.2299667460225695
8.53260866875,73.24324324324324,,1.0,100.0,1.0,-0.2267151536527858
8.822324386778845,73.24324324324324,,1.0,100.0,1.0,-0.2235635634906859
9.112040104807692,73.24324324324324,,1.0,100.0,1.0,-0.2205111252187798
9.401755822836538,73.24324324324324,,1.0,100.0,1.0,-0.2175569763352718
9.691471540865384,73.24324324324324,,1.0,100.0,1.0,-0.2147002415109638
9.98118725889423,73.24324324324324,,1.0,100.0,1.0,-0.2119400319578424
10.270902976923075,73.24324324324324,,1.0,100.0,1.0,-0.2092754448138585
10.560618694951922,73.24324324324324,,1.0,100.0,1.0,-0.2067055625477166
10.850334412980768,73.24324324324324,,1.0,100.0,1.0,-0.2042294523879331
11.140050131009614,73.24324324324324,,1.0,100.0,1.0,-0.2018461657797558
11.42976584903846,73.24324324324324,,1.0,100.0,1.0,-0.1995547378737692
11.719481567067307,73.24324324324324,,1.0,100.0,1.0,-0.1973541870495727
12.009197285096153,73.24324324324324,,1.0,100.0,1.0,-0.1952435144779923
12.298913003125,73.24324324324324,,1.0,100.0,1.0,-0.1932217037248526
12.588628721153844,73.24324324324324,,1.0,100.0,1.0,-0.1912877203994138
12.87834443918269,73.24324324324324,,1.0,100.0,1.0,-0.1894405118501654
13.168060157211537,73.24324324324324,,1.0,100.0,1.0,-0.1876790069106543
13.457775875240383,73.24324324324324,,1.0,100.0,1.0,-0.1860021156977049
13.747491593269228,73.24324324324324,,1.0,100.0,1.0,-0.1844087294642218
14.037207311298074,73.24324324324324,,1.0,100.0,1.0,-0.1828977205086402
14.32692302932692,73.24324324324324,,1.0,100.0,1.0,-0.1814679421426469
14.616638747355767,73.24324324324324,,1.0,100.0,1.0,-0.1801182287188882
14.906354465384615,73.24324324324324,,1.0,100.0,1.0,-0.1788473957199328
15.196070183413461,73.24324324324324,,1.0,100.0,1.0,-0.1776542399095177
15.485785901442307,73.24324324324324,,1.0,100.0,1.0,-0.1765375395471015
15.775501619471152,73.24324324324324,,1.0,100.0,1.0,-0.1754960546662385
16.0652173375,73.24324324324324,,1.0,100.0,1.0,-0.1745285274172713
16.354933055528846,73.24324324324324,,1.0,100.0,1.0,-0.1736336824744384
16.64464877355769,73.24324324324324,,1.0,100.0,1.0,-0.1728102275074054
16.93436449158654,73.24324324324324,,1.0,100.0,1.0,-0.1720568537168638
17.224080209615384,73.24324324324324,,1.0,100.0,1.0,-0.1713722364336568
17.51379592764423,73.24324324324324,,1.0,100.0,1.0,-0.1707550357807038
17.803511645673076,73.24324324324324,,1.0,100.0,1.0,-0.1702038973966255
18.093227363701924,73.24324324324324,,1.0,100.0,1.0,-0.1697174532199296
18.38294308173077,73.24324324324324,,1.0,100.0,1.0,-0.1692943223321433
18.672658799759613,73.24324324324324,,1.0,100.0,1.0,-0.1689331118583415
18.96237451778846,73.24324324324324,,1.0,100.0,1.0,-0.1686324179230111
19.252090235817306,73.24324324324324,,1.0,100.0,1.0,-0.1683908266591873
19.541805953846154,73.24324324324324,,1.0,100.0,1.0,-0.1682069152684842
19.831521671875,73.24324324324324,,1.0,100.0,1.0,-0.1680792531294875
20.121237389903843,73.24324324324324,,1.0,100.0,1.0,-0.168006402951684
20.41095310793269,73.24324324324324,,1.0,100.0,1.0,-0.1679869219721705
20.700668825961536,73.24324324324324,,1.0,100.0,1.0,-0.168019363191778
20.99038454399038,73.24324324324324,,1.0,100.0,1.0,-0.1681022766475809
21.28010026201923,73.24324324324324,,1.0,100.0,1.0,-0.1682342107182399
21.569815980048077,73.24324324324324,,1.0,100.0,1.0,-0.1684137134586198
21.85953169807692,73.24324324324324,,1.0,100.0,1.0,-0.1686393339600622
22.14924741610577,73.24324324324324,,1.0,100.0,1.0,-0.168909623732395
22.438963134134614,73.24324324324324,,1.0,100.0,1.0,-0.169223138103971
22.728678852163462,73.24324324324324,,1.0,100.0,1.0,-0.1695784376354844
23.018394570192307,73.24324324324324,,1.0,100.0,1.0,-0.1699740895438398
23.308110288221158,73.24324324324324,,1.0,100.0,1.0,-0.1704086691317348
23.59782600625,73.24324324324324,,1.0,100.0,1.0,-0.1708807612189675
23.88754172427884,73.24324324324324,,1.0,100.0,1.0,-0.1713889615713046
24.17725744230769,73.24324324324324,,1.0,100.0,1.0,-0.1719318783228386
24.46697316033654,73.24324324324324,,1.0,100.0,1.0,-0.1725081333876336
24.75668887836538,73.24324324324324,,1.0,100.0,1.0,-0.1731163638567711
25.046404596394233,73.24324324324324,,1.0,100.0,1.0,-0.1737552233766622
25.336120314423074,73.24324324324324,,1.0,100.0,1.0,-0.1744233835048225
25.62583603245192,73.24324324324324,,1.0,100.0,1.0,-0.1751195350392989
25.915551750480766,73.24324324324324,,1.0,100.0,1.0,-0.1758423893180184
26.205267468509614,73.24324324324324,,1.0,100.0,1.0,-0.1765906794845559
26.494983186538455,73.24324324324324,,1.0,100.0,1.0,-0.1773631617169598
26.78469890456731,73.24324324324324,,1.0,100.0,1.0,-0.1781586164162841
27.074414622596148,73.24324324324324,,1.0,100.0,1.0,-0.178975849351935
27.364130340624996,73.24324324324324,,1.0,100.0,1.0,-0.1798136927608794
27.65384605865384,73.24324324324324,,1.0,100.0,1.0,-0.1806710063981033
27.94356177668269,73.24324324324324,,1.0,100.0,1.0,-0.1815466785358521
28.233277494711533,73.24324324324324,,1.0,100.0,1.0,-0.1824396269095042
28.52299321274039,73.24324324324324,,1.0,100.0,1.0,-0.1833487996080056
28.812708930769226,73.24324324324324,,1.0,100.0,1.0,-0.1842731759072777
29.102424648798074,73.24324324324324,,1.0,100.0,1.0,-0.1852117670448794
29.392140366826922,73.24324324324324,,1.0,100.0,1.0,-0.1861636169348475
29.681856084855767,73.24324324324324,,1.0,100.0,1.0,-0.187127802821547
29.97157180288462,73.24324324324324,,1.0,100.0,1.0,-0.1881034358718752
30.261287520913456,73.24324324324324,,1.0,100.0,1.0,-0.1890896617051192
30.551003238942304,73.24324324324324,,1.0,100.0,1.0,-0.1900856608602191
30.84071895697115,73.24324324324324,,1.0,100.0,1.0,-0.1910906492003862
31.130434674999997,73.24324324324324,,1.0,100.0,1.0,-0.1921038782549775
31.420150393028845,73.24324324324324,,1.0,100.0,1.0,-0.1931246354992207
31.709866111057696,73.24324324324324,,1.0,100.0,1.0,-0.1941522445719599
31.999581829086537,73.24324324324324,,1.0,100.0,1.0,-0.1951860654324951
32.28929754711538,73.24324324324324,,1.0,100.0,1.0,-0.1962254944569212
32.579013265144226,73.24324324324324,,1.0,100.0,1.0,-0.1972699644754211
32.86872898317308,73.24324324324324,,1.0,100.0,1.0,-0.1983189447513629
33.15844470120192,73.24324324324324,,1.0,100.0,1.0,-0.1993719409036315
33.44816041923077,73.24324324324324,,1.0,100.0,1.0,-0.2004284947735991
33.73787613725961,73.24324324324324,,1.0,100.0,1.0,-0.2014881842382405
34.02759185528846,73.24324324324324,,1.0,100.0,1.0,-0.2025506229711122
34.31730757331731,73.24324324324324,,1.0,100.0,1.0,-0.2036154601527817
34.60702329134615,73.24324324324324,,1.0,100.0,1.0,-0.2046823801326511
34.896739009375,73.24324324324324,,1.0,100.0,1.0,-0.2057511020440002
35.18645472740385,73.24324324324324,,1.0,100.0,1.0,-0.2068213793742082
35.476170445432686,73.24324324324324,,1.0,100.0,1.0,-0.2078929994921645
35.76588616346154,73.24324324324324,,1.0,100.0,1.0,-0.2089657831349366
36.05560188149038,73.24324324324324,,1.0,100.0,1.0,-0.2100395838558186
36.34531759951923,73.24324324324324,,1.0,100.0,1.0,-0.2111142874358611
36.63503331754807,73.24324324324324,,1.0,100.0,1.0,-0.2121898112612373
36.92474903557693,73.24324324324324,,1.0,100.0,1.0,-0.2132661036684265
37.21446475360577,73.24324324324324,,1.0,100.0,1.0,-0.2143431432596483
37.50418047163461,73.24324324324324,,1.0,100.0,1.0,-0.2154209381908394
37.79389618966346,73.24324324324324,,1.0,100.0,1.0,-0.2164995254344247
38.08361190769231,73.24324324324324,,1.0,100.0,1.0,-0.217578970019152
38.37332762572115,73.24324324324324,,1.0,100.0,1.0,-0.2186593642494911
38.66304334375,73.24324324324324,,1.0,100.0,1.0,-0.2197408269067702
38.95275906177885,73.24324324324324,,1.0,100.0,1.0,-0.220823502434563
39.24247477980769,73.24324324324324,,1.0,100.0,1.0,-0.221907560110554
39.53219049783654,73.24324324324324,,1.0,100.0,1.0,-0.2229931932073144
39.82190621586538,73.24324324324324,,1.0,100.0,1.0,-0.224080618144206
40.111621933894234,73.24324324324324,,1.0,100.0,1.0,-0.2251700736328376
40.40133765192307,73.24324324324324,,1.0,100.0,1.0,-0.226261819818296
40.69105336995192,73.24324324324324,,1.0,100.0,1.0,-0.2273561374183743
40.98076908798076,73.24324324324324,,1.0,100.0,1.0,-0.2284533268629632
41.27048480600961,73.24324324324324,,1.0,100.0,1.0,-0.2295537074358519
41.56020052403846,73.24324324324324,,1.0,100.0,1.0,-0.2306576164208785
41.8499162420673,73.24324324324324,,1.0,100.0,1.0,-0.231765408254557
42.13963196009615,73.24324324324324,,1.0,100.0,1.0,-0.2328774536870486
42.429347678125,73.24324324324324,,1.0,100.0,1.0,-0.2339941389533034
42.71906339615384,73.24324324324324,,1.0,100.0,1.0,-0.2351158649562894
43.00877911418269,73.24324324324324,,1.0,100.0,1.0,-0.2362430464638167
43.29849483221154,73.24324324324324,,1.0,100.0,1.0,-0.2373761113206302
43.58821055024038,73.24324324324324,,1.0,100.0,1.0,-0.238515499677328
43.87792626826923,73.24324324324324,,1.0,100.0,1.0,-0.2396616632373301
44.16764198629807,73.24324324324324,,1.0,100.0,1.0,-0.2408150645233815
44.457357704326924,73.24324324324324,,1.0,100.0,1.0,-0.2419761761646937
44.74707342235577,73.24324324324324,,1.0,100.0,1.0,-0.2431454802058038
45.03678914038461,73.24324324324324,,1.0,100.0,1.0,-0.2443234674383219
45.32650485841346,73.24324324324324,,1.0,100.0,1.0,-0.2455106367562177
45.61622057644231,73.24324324324324,,1.0,100.0,1.0,-0.2467074945357478
45.905936294471154,73.24324324324324,,1.0,100.0,1.0,-0.2479145540406556
46.1956520125,73.24324324324324,,1.0,100.0,1.0,-0.2491323348532397
46.485367730528836,73.24324324324324,,1.0,100.0,1.0,-0.2503613623319705
46.775083448557695,73.24324324324324,,1.0,100.0,1.0,-0.251602167096178
47.06479916658654,73.24324324324324,,1.0,100.0,1.0,-0.2528552845381966
47.35451488461538,73.24324324324324,,1.0,100.0,1.0,-0.2541212543633105
47.644230602644235,73.24324324324324,,1.0,100.0,1.0,-0.2554006201579392
47.93394632067308,73.24324324324324,,1.0,100.0,1.0,-0.2566939289862594
48.22366203870192,73.24324324324324,,1.0,100.0,1.0,-0.2580017310153906
48.51337775673076,73.24324324324324,,1.0,100.0,1.0,-0.2593245791694556
48.80309347475962,73.24324324324324,,1.0,100.0,1.0,-0.2606630288124668
49.092809192788465,73.24324324324324,,1.0,100.0,1.0,-0.2620176374602468
49.38252491081732,73.24324324324324,,1.0,100.0,1.0,-0.2633889645212915
49.67224062884614,73.24324324324324,,1.0,100.0,1.0,-0.2647775710666671
49.96195634687499,73.24324324324324,,1.0,100.0,1.0,-0.2661840196286991
50.25167206490384,73.24324324324324,,1.0,100.0,1.0,-0.2676088740286777
50.54138778293269,73.24324324324324,,1.0,100.0,1.0,-0.2690526992331311
50.83110350096153,73.24324324324324,,1.0,100.0,1.0,-0.2705160612387735
51.120819218990384,73.24324324324324,,1.0,100.0,1.0,-0.2719995269856857
51.41053493701923,73.24324324324324,,1.0,100.0,1.0,-0.2735036642988961
51.70025065504807,73.24324324324324,,1.0,100.0,1.0,-0.2750290418576659
51.98996637307691,73.24324324324324,,1.0,100.0,1.0,-0.2765762291926538
52.27968209110577,73.24324324324324,,1.0,100.0,1.0,-0.2781457967103152
52.569397809134614,73.24324324324324,,1.0,100.0,1.0,-0.2797383157444983
52.859113527163466,73.24324324324324,,1.0,100.0,1.0,-0.2813543586347281
53.148829245192296,73.24324324324324,,1.0,100.0,1.0,-0.2829944988309724
53.438544963221155,73.24324324324324,,1.0,100.0,1.0,-0.2846593110243377
53.72826068124999,73.24324324324324,,1.0,100.0,1.0,-0.2863493713035639
54.01797639927885,73.24324324324324,,1.0,100.0,1.0,-0.2880652573365915
54.30769211730768,73.24324324324324,,1.0,100.0,1.0,-0.2898075485771624
54.59740783533653,73.24324324324324,,1.0,100.0,1.0,-0.2915768264956864
54.88712355336538,73.24324324324324,,1.0,100.0,1.0,-0.2933736748341355
55.176839271394236,73.24324324324324,,1.0,100.0,1.0,-0.2951986798844527
55.46655498942307,73.24324324324324,,1.0,100.0,1.0,-0.2970524307900242
55.75627070745192,73.24324324324324,,1.0,100.0,1.0,-0.2989355198697521
56.04598642548078,73.24324324324324,,1.0,100.0,1.0,-0.300848542964262
56.33570214350961,73.24324324324324,,1.0,100.0,1.0,-0.3027920998037877
56.62541786153845,73.24324324324324,,1.0,100.0,1.0,-0.304766794397178
56.9151335795673,73.24324324324324,,1.0,100.0,1.0,-0.3067732354417167
57.20484929759615,73.24324324324324,,1.0,100.0,1.0,-0.3088120367531133
57.49456501562499,73.24324324324324,,1.0,100.0,1.0,-0.3108838177152891
57.784280733653844,73.24324324324324,,1.0,100.0,1.0,-0.3129892037494703
58.07399645168269,73.24324324324324,,1.0,100.0,1.0,-0.3151288268021579
58.36371216971153,73.24324324324324,,1.0,100.0,1.0,-0.3173033258514259
58.65342788774037,73.24324324324324,,1.0,100.0,1.0,-0.3195133474312395
58.94314360576924,73.24324324324324,,1.0,100.0,1.0,-0.3217595461733411
59.23285932379808,73.24324324324324,,1.0,100.0,1.0,-0.3240425853660327
59.52257504182691,73.24324324324324,,1.0,100.0,1.0,-0.3263631375299017
59.812290759855756,73.24324324324324,,1.0,100.0,1.0,-0.3287218850096525
60.10200647788461,73.24324324324324,,1.0,100.0,1.0,-0.3311195205819252
60.39172219591345,73.24324324324324,,1.0,100.0,1.0,-0.333556748078633
60.6814379139423,73.24324324324324,,1.0,100.0,1.0,-0.3360342830254406
60.97115363197115,73.24324324324324,,1.0,100.0,1.0,-0.3385528532951539
61.26086934999999,73.24324324324324,,1.0,100.0,1.0,-0.3411131997756144
61.55058506802884,73.24324324324324,,1.0,100.0,1.0,-0.3437160770516848
61.84030078605769,73.24324324324324,,1.0,100.0,1.0,-0.3463622541013972
62.130016504086534,73.24324324324324,,1.0,100.0,1.0,-0.349052515005549
62.41973222211538,73.24324324324324,,1.0,100.0,1.0,-0.3517876596708699
62.70944794014423,73.24324324324324,,1.0,100.0,1.0,-0.3545685045662371
62.999163658173075,73.24324324324324,,1.0,100.0,1.0,-0.3573958834719605
63.288879376201905,73.24324324324324,,1.0,100.0,1.0,-0.3602706482418799
63.578595094230764,73.24324324324324,,1.0,100.0,1.0,-0.3631936695779247
63.868310812259615,73.24324324324324,,1.0,100.0,1.0,-0.3661658378173208
64.15802653028845,73.24324324324324,,1.0,100.0,1.0,-0.3691880637320229
64.4477422483173,73.24324324324324,,1.0,100.0,1.0,-0.3722612793403331
64.73745796634616,73.24324324324324,,1.0,100.0,1.0,-0.3753864387308274
65.027173684375,73.24324324324324,,1.0,100.0,1.0,-0.3785645188981348
65.31688940240385,73.24324324324324,,1.0,100.0,1.0,-0.3817965205909001
65.60660512043269,73.24324324324324,,1.0,100.0,1.0,-0.3850834691716249
65.89632083846153,73.24324324324324,,1.0,100.0,1.0,-0.3884264154885167
66.18603655649038,73.24324324324324,,1.0,100.0,1.0,-0.3918264367593861
66.47575227451922,73.24324324324324,,1.0,100.0,1.0,-0.3952846374674952
66.76546799254808,73.24324324324324,,1.0,100.0,1.0,-0.3988021502694228
67.05518371057693,73.24324324324324,,1.0,100.0,1.0,-0.4023801369152664
67.34489942860577,73.24324324324324,,1.0,100.0,1.0,-0.4060197891808882
67.63461514663462,73.24324324324324,,1.0,100.0,1.0,-0.4097223298125627
67.92433086466346,73.24324324324324,,1.0,100.0,1.0,-0.413489013484137
68.2140465826923,73.24324324324324,,1.0,100.0,1.0,-0.417321127766822
68.50376230072115,73.24324324324324,,1.0,100.0,1.0,-0.421219994111633
68.79347801875001,73.24324324324324,,1.0,100.0,1.0,-0.4251869688450607
69.08319373677885,73.24324324324324,,1.0,100.0,1.0,-0.4292234441776847
69.3729094548077,73.24324324324324,,1.0,100.0,1.0,-0.4333308492263895
69.66262517283654,73.24324324324324,,1.0,100.0,1.0,-0.4375106510500592
69.95234089086537,73.24324324324324,,1.0,100.0,1.0,-0.4417643556994453
70.24205660889423,73.24324324324324,,1.0,100.0,1.0,-0.4460935092809757
70.53177232692308,73.24324324324324,,1.0,100.0,1.0,-0.4504996990352801
70.82148804495192,73.24324324324324,,1.0,100.0,1.0,-0.4549845544304276
71.11120376298076,73.24324324324324,,1.0,100.0,1.0,-0.4595497482704116
71.40091948100961,73.24324324324324,,1.0,100.0,1.0,-0.4641969978191556
71.69063519903845,73.24324324324324,,1.0,100.0,1.0,-0.4689280659404287
71.9803509170673,73.24324324324324,,1.0,100.0,1.0,-0.4737447622539978
72.27006663509614,73.24324324324324,,1.0,100.0,1.0,-0.4786489443087017
72.55978235312502,73.24324324324324,,1.0,100.0,1.0,-0.4836425187724712
72.84949807115386,73.24324324324324,,1.0,100.0,1.0,-0.4887274426401328
73.13921378918268,73.24324324324324,,1.0,100.0,1.0,-0.4939057244592605
73.42892950721154,73.24324324324324,,1.0,100.0,1.0,-0.4991794255745478
73.71864522524038,73.24324324324324,,1.0,100.0,1.0,-0.5045506613913946
74.00836094326922,73.24324324324324,,1.0,100.0,1.0,-0.5100216026591519
74.29807666129807,73.24324324324324,,1.0,100.0,1.0,-0.5155944767744085
74.58779237932691,73.24324324324324,,1.0,100.0,1.0,-0.5212715691052225
74.87750809735577,73.24324324324324,,1.0,100.0,1.0,-0.5270552243366499
75.16722381538462,73.24324324324324,,1.0,100.0,1.0,-0.5329478478382425
75.45693953341345,73.24324324324324,,1.0,100.0,1.0,-0.538951907054253
75.7466552514423,73.24324324324324,,1.0,100.0,1.0,-0.5450699329170139
76.03637096947115,73.24324324324324,,1.0,100.0,1.0,-0.5513045212844362
76.32608668750001,73.24324324324324,,1.0,100.0,1.0,-0.5576583344019804
76.61580240552884,73.24324324324324,,1.0,100.0,1.0,-0.5641341023903343
76.9055181235577,73.24324324324324,,1.0,100.0,1.0,-0.5707346247588819
77.19523384158653,73.24324324324324,,1.0,100.0,1.0,-0.5774627719464289
77.48494955961539,73.24324324324324,,1.0,100.0,1.0,-0.5843214868894125
77.77466527764422,73.24324324324324,,1.0,100.0,1.0,-0.5913137866189465
78.06438099567308,73.24324324324324,,1.0,100.0,1.0,-0.5984427638868968
78.35409671370192,73.24324324324324,,1.0,100.0,1.0,-0.6057115888226505
78.64381243173077,73.24324324324324,,1.0,100.0,1.0,-0.6131235106206746
78.93352814975961,73.24324324324324,,1.0,100.0,1.0,-0.6206818592605472
79.22324386778845,73.24324324324324,,1.0,100.0,1.0,-0.6283900472598062
79.51295958581731,73.24324324324324,,1.0,100.0,1.0,-0.6362515714609775
79.80267530384614,73.24324324324324,,1.0,100.0,1.0,-0.644270014853571
80.09239102187499,73.24324324324324,,1.0,100.0,1.0,-0.6524490484323517
80.38210673990385,73.24324324324324,,1.0,100.0,1.0,-0.6607924330927087
80.67182245793269,73.24324324324324,,1.0,100.0,1.0,-0.6693040215642893
80.96153817596152,73.24324324324324,,1.0,100.0,1.0,-0.6779877603841103
81.25125389399038,73.24324324324324,,1.0,100.0,1.0,-0.6868476919103568
81.54096961201923,73.24324324324324,,1.0,100.0,1.0,-0.695887956377932
81.83068533004807,73.24324324324324,,1.0,100.0,1.0,-0.7051127939970825
82.12040104807691,73.24324324324324,,1.0,100.0,1.0,-0.714526547096395
82.41011676610577,73.24324324324324,,1.0,100.0,1.0,-0.7241336623114972
82.6998324841346,73.24324324324324,,1.0,100.0,1.0,-0.7339386928206906
82.98954820216345,73.24324324324324,,1.0,100.0,1.0,-0.7439463006291436
83.2792639201923,73.24324324324324,,1.0,100.0,1.0,-0.7541612589028783
83.56897963822115,73.24324324324324,,1.0,100.0,1.0,-0.7645884543541022
83.85869535625,73.24324324324324,,1.0,100.0,1.0,-0.7752328896794708
84.14841107427884,73.24324324324324,,1.0,100.0,1.0,-0.7860996860527655
84.43812679230768,73.24324324324324,,1.0,100.0,1.0,-0.7971940856736713
84.72784251033653,73.24324324324324,,1.0,100.0,1.0,-0.808521454374274
85.01755822836537,73.24324324324324,,1.0,100.0,1.0,-0.8200872842850029
85.30727394639422,73.24324324324324,,1.0,100.0,1.0,-0.831897196561881
85.59698966442308,73.24324324324324,,1.0,100.0,1.0,-0.8439569441767204
85.88670538245192,73.24324324324324,,1.0,100.0,1.0,-0.8562724147723564
86.17642110048077,73.24324324324324,,1.0,100.0,1.0,-0.868849633584694
86.46613681850961,73.24324324324324,,1.0,100.0,1.0,-0.8816947664336063
86.75585253653846,73.24324324324324,,1.0,100.0,1.0,-0.8948141227848544
87.0455682545673,73.24324324324324,,1.0,100.0,1.0,-0.908214158884896
87.33528397259614,73.24324324324324,,1.0,100.0,1.0,-0.9219014809710532
87.624999690625,73.24324324324324,,1.0,100.0,1.0,-0.9358828485591428
1.0,75.91891891891892,,1.0,100.0,1.0,-0.3539449717294357
1.289715718028846,75.91891891891892,,1.0,100.0,1.0,-0.3480123491266794
1.5794314360576922,75.91891891891892,,1.0,100.0,1.0,-0.3421971553113184
1.8691471540865385,75.91891891891892,,1.0,100.0,1.0,-0.3364987873307671
2.1588628721153844,75.91891891891892,,1.0,100.0,1.0,-0.3309166313977326
2.4485785901442307,75.91891891891892,,1.0,100.0,1.0,-0.3254500637261021
2.738294308173077,75.91891891891892,,1.0,100.0,1.0,-0.3200984512443837
3.028010026201923,75.91891891891892,,1.0,100.0,1.0,-0.3148611521926138
3.3177257442307693,75.91891891891892,,1.0,100.0,1.0,-0.3097375166085749
3.607441462259615,75.91891891891892,,1.0,100.0,1.0,-0.3047268867092871
3.897157180288461,75.91891891891892,,1.0,100.0,1.0,-0.2998285971734957
4.186872898317307,75.91891891891892,,1.0,100.0,1.0,-0.2950419753309455
4.476588616346154,75.91891891891892,,1.0,100.0,1.0,-0.290366341264224
4.766304334375,75.91891891891892,,1.0,100.0,1.0,-0.2858010078288289
5.056020052403846,75.91891891891892,,1.0,100.0,1.0,-0.2813452805970685
5.345735770432693,75.91891891891892,,1.0,100.0,1.0,-0.2769984577314497
5.6354514884615385,75.91891891891892,,1.0,100.0,1.0,-0.2727598297931164
5.925167206490385,75.91891891891892,,1.0,100.0,1.0,-0.2686286794907003
6.21488292451923,75.91891891891892,,1.0,100.0,1.0,-0.2646042813752003
6.504598642548077,75.91891891891892,,1.0,100.0,1.0,-0.2606859014862012
6.794314360576923,75.91891891891892,,1.0,100.0,1.0,-0.2568727969546385
7.084030078605768,75.91891891891892,,1.0,100.0,1.0,-0.2531642155675944
7.373745796634614,75.91891891891892,,1.0,100.0,1.0,-0.2495593953000556
7.663461514663462,75.91891891891892,,1.0,100.0,1.0,-0.2460575638189597
7.9531772326923065,75.91891891891892,,1.0,100.0,1.0,-0.2426579379643725
8.242892950721153,75.91891891891892,,1.0,100.0,1.0,-0.2393597232128932
8.53260866875,75.91891891891892,,1.0,100.0,1.0,-0.2361621131279797
8.822324386778845,75.91891891891892,,1.0,100.0,1.0,-0.2330642888021084
9.112040104807692,75.91891891891892,,1.0,100.0,1.0,-0.2300654182953034
9.401755822836538,75.91891891891892,,1.0,100.0,1.0,-0.2271646560746005
9.691471540865384,75.91891891891892,,1.0,100.0,1.0,-0.2243611424589442
9.98118725889423,75.91891891891892,,1.0,100.0,1.0,-0.2216540030737193
10.270902976923075,75.91891891891892,,1.0,100.0,1.0,-0.2190423483191957
10.560618694951922,75.91891891891892,,1.0,100.0,1.0,-0.2165252728568419
10.850334412980768,75.91891891891892,,1.0,100.0,1.0,-0.2141018551175685
11.140050131009614,75.91891891891892,,1.0,100.0,1.0,-0.2117711568354456
11.42976584903846,75.91891891891892,,1.0,100.0,1.0,-0.2095322226107497
11.719481567067307,75.91891891891892,,1.0,100.0,1.0,-0.2073840795056064
12.009197285096153,75.91891891891892,,1.0,100.0,1.0,-0.2053257366756174
12.298913003125,75.91891891891892,,1.0,100.0,1.0,-0.2033561850405507
12.588628721153844,75.91891891891892,,1.0,100.0,1.0,-0.201474396997104
12.87834443918269,75.91891891891892,,1.0,100.0,1.0,-0.1996793261763754
13.168060157211537,75.91891891891892,,1.0,100.0,1.0,-0.1979699072487569
13.457775875240383,75.91891891891892,,1.0,100.0,1.0,-0.1963450557785041
13.747491593269228,75.91891891891892,,1.0,100.0,1.0,-0.1948036681302932
14.037207311298074,75.91891891891892,,1.0,100.0,1.0,-0.1933446214295577
14.32692302932692,75.91891891891892,,1.0,100.0,1.0,-0.1919667735785822
14.616638747355767,75.91891891891892,,1.0,100.0,1.0,-0.1906689633297009
14.906354465384615,75.91891891891892,,1.0,100.0,1.0,-0.1894500104171054
15.196070183413461,75.91891891891892,,1.0,100.0,1.0,-0.188308715748238
15.485785901442307,75.91891891891892,,1.0,100.0,1.0,-0.1872438616557494
15.775501619471152,75.91891891891892,,1.0,100.0,1.0,-0.1862542122106316
16.0652173375,75.91891891891892,,1.0,100.0,1.0,-0.1853385135969625
16.354933055528846,75.91891891891892,,1.0,100.0,1.0,-0.1844954945484861
16.64464877355769,75.91891891891892,,1.0,100.0,1.0,-0.1837238668469835
16.93436449158654,75.91891891891892,,1.0,100.0,1.0,-0.1830223258821082
17.224080209615384,75.91891891891892,,1.0,100.0,1.0,-0.1823895512723397
17.51379592764423,75.91891891891892,,1.0,100.0,1.0,-0.181824207546121
17.803511645673076,75.91891891891892,,1.0,100.0,1.0,-0.181324944882432
18.093227363701924,75.91891891891892,,1.0,100.0,1.0,-0.1808903999094087
18.38294308173077,75.91891891891892,,1.0,100.0,1.0,-0.1805191965597884
18.672658799759613,75.91891891891892,,1.0,100.0,1.0,-0.1802099469813903
18.96237451778846,75.91891891891892,,1.0,100.0,1.0,-0.179961252500898
19.252090235817306,75.91891891891892,,1.0,100.0,1.0,-0.1797717046388117
19.541805953846154,75.91891891891892,,1.0,100.0,1.0,-0.1796398861733298
19.831521671875,75.91891891891892,,1.0,100.0,1.0,-0.1795643722507455
20.121237389903843,75.91891891891892,,1.0,100.0,1.0,-0.1795437315396272
20.41095310793269,75.91891891891892,,1.0,100.0,1.0,-0.1795765274260387
20.700668825961536,75.91891891891892,,1.0,100.0,1.0,-0.1796613192467223
20.99038454399038,75.91891891891892,,1.0,100.0,1.0,-0.1797966635571758
21.28010026201923,75.91891891891892,,1.0,100.0,1.0,-0.1799811154312254
21.569815980048077,75.91891891891892,,1.0,100.0,1.0,-0.1802132297887584
21.85953169807692,75.91891891891892,,1.0,100.0,1.0,-0.1804915627479222
22.14924741610577,75.91891891891892,,1.0,100.0,1.0,-0.1808146729982769
22.438963134134614,75.91891891891892,,1.0,100.0,1.0,-0.1811811231909832
22.728678852163462,75.91891891891892,,1.0,100.0,1.0,-0.1815894813423103
23.018394570192307,75.91891891891892,,1.0,100.0,1.0,-0.1820383222464572
23.308110288221158,75.91891891891892,,1.0,100.0,1.0,-0.1825262288938269
23.59782600625,75.91891891891892,,1.0,100.0,1.0,-0.1830517938906884
23.88754172427884,75.91891891891892,,1.0,100.0,1.0,-0.1836136208762995
24.17725744230769,75.91891891891892,,1.0,100.0,1.0,-0.184210325933489
24.46697316033654,75.91891891891892,,1.0,100.0,1.0,-0.1848405389886984
24.75668887836538,75.91891891891892,,1.0,100.0,1.0,-0.1855029051976067
25.046404596394233,75.91891891891892,,1.0,100.0,1.0,-0.1861960863124745
25.336120314423074,75.91891891891892,,1.0,100.0,1.0,-0.1869187620273846
25.62583603245192,75.91891891891892,,1.0,100.0,1.0,-0.1876696312977278
25.915551750480766,75.91891891891892,,1.0,100.0,1.0,-0.1884474136303198
26.205267468509614,75.91891891891892,,1.0,100.0,1.0,-0.1892508503407166
26.494983186538455,75.91891891891892,,1.0,100.0,1.0,-0.1900787057744198
26.78469890456731,75.91891891891892,,1.0,100.0,1.0,-0.1909297684887873
27.074414622596148,75.91891891891892,,1.0,100.0,1.0,-0.1918028523926778
27.364130340624996,75.91891891891892,,1.0,100.0,1.0,-0.1926967978410551
27.65384605865384,75.91891891891892,,1.0,100.0,1.0,-0.1936104726818672
27.94356177668269,75.91891891891892,,1.0,100.0,1.0,-0.1945427732528802
28.233277494711533,75.91891891891892,,1.0,100.0,1.0,-0.1954926253261827
28.52299321274039,75.91891891891892,,1.0,100.0,1.0,-0.1964589849984525
28.812708930769226,75.91891891891892,,1.0,100.0,1.0,-0.1974408395252185
29.102424648798074,75.91891891891892,,1.0,100.0,1.0,-0.1984372080975265
29.392140366826922,75.91891891891892,,1.0,100.0,1.0,-0.1994471425597959
29.681856084855767,75.91891891891892,,1.0,100.0,1.0,-0.2004697280677053
29.97157180288462,75.91891891891892,,1.0,100.0,1.0,-0.2015040836853824
30.261287520913456,75.91891891891892,,1.0,100.0,1.0,-0.2025493629211403
30.551003238942304,75.91891891891892,,1.0,100.0,1.0,-0.2036047542014645
30.84071895697115,75.91891891891892,,1.0,100.0,1.0,-0.2046694812830536
31.130434674999997,75.91891891891892,,1.0,100.0,1.0,-0.2057428036028397
31.420150393028845,75.91891891891892,,1.0,100.0,1.0,-0.2068240165664036
31.709866111057696,75.91891891891892,,1.0,100.0,1.0,-0.207912451775029
31.999581829086537,75.91891891891892,,1.0,100.0,1.0,-0.2090074771920399
32.28929754711538,75.91891891891892,,1.0,100.0,1.0,-0.210108497249293
32.579013265144226,75.91891891891892,,1.0,100.0,1.0,-0.2112149528946344
32.86872898317308,75.91891891891892,,1.0,100.0,1.0,-0.2123263215814574
33.15844470120192,75.91891891891892,,1.0,100.0,1.0,-0.2134421172015722
33.44816041923077,75.91891891891892,,1.0,100.0,1.0,-0.2145618899628724
33.73787613725961,75.91891891891892,,1.0,100.0,1.0,-0.215685226212977
34.02759185528846,75.91891891891892,,1.0,100.0,1.0,-0.2168117482107892
34.31730757331731,75.91891891891892,,1.0,100.0,1.0,-0.2179411138474065
34.60702329134615,75.91891891891892,,1.0,100.0,1.0,-0.2190730163182552
34.896739009375,75.91891891891892,,1.0,100.0,1.0,-0.2202071837482945
35.18645472740385,75.91891891891892,,1.0,100.0,1.0,-0.2213433787722389
35.476170445432686,75.91891891891892,,1.0,100.0,1.0,-0.2224813980717491
35.76588616346154,75.91891891891892,,1.0,100.0,1.0,-0.2236210718717365
36.05560188149038,75.91891891891892,,1.0,100.0,1.0,-0.2247622633977588
36.34531759951923,75.91891891891892,,1.0,100.0,1.0,-0.2259048682968419
36.63503331754807,75.91891891891892,,1.0,100.0,1.0,-0.2270488140237984
36.92474903557693,75.91891891891892,,1.0,100.0,1.0,-0.2281940591952566
37.21446475360577,75.91891891891892,,1.0,100.0,1.0,-0.2293405929139016
37.50418047163461,75.91891891891892,,1.0,100.0,1.0,-0.230488434064902
37.79389618966346,75.91891891891892,,1.0,100.0,1.0,-0.2316376305871018
38.08361190769231,75.91891891891892,,1.0,100.0,1.0,-0.2327882587212071
38.37332762572115,75.91891891891892,,1.0,100.0,1.0,-0.2339404222373189
38.66304334375,75.91891891891892,,1.0,100.0,1.0,-0.2350942516441866
38.95275906177885,75.91891891891892,,1.0,100.0,1.0,-0.2362499033825632
39.24247477980769,75.91891891891892,,1.0,100.0,1.0,-0.2374075590049162
39.53219049783654,75.91891891891892,,1.0,100.0,1.0,-0.238567424344012
39.82190621586538,75.91891891891892,,1.0,100.0,1.0,-0.2397297286724725
40.111621933894234,75.91891891891892,,1.0,100.0,1.0,-0.2408947238557478
40.40133765192307,75.91891891891892,,1.0,100.0,1.0,-0.242062683500734
40.69105336995192,75.91891891891892,,1.0,100.0,1.0,-0.2432339021021871
40.98076908798076,75.91891891891892,,1.0,100.0,1.0,-0.2444086941892426
41.27048480600961,75.91891891891892,,1.0,100.0,1.0,-0.245587393473974
41.56020052403846,75.91891891891892,,1.0,100.0,1.0,-0.2467703520041532
41.8499162420673,75.91891891891892,,1.0,100.0,1.0,-0.2479579393222311
42.13963196009615,75.91891891891892,,1.0,100.0,1.0,-0.2491505416323567
42.429347678125,75.91891891891892,,1.0,100.0,1.0,-0.2503485609772966
42.71906339615384,75.91891891891892,,1.0,100.0,1.0,-0.2515524144270793
43.00877911418269,75.91891891891892,,1.0,100.0,1.0,-0.2527625332809062
43.29849483221154,75.91891891891892,,1.0,100.0,1.0,-0.2539793622839338
43.58821055024038,75.91891891891892,,1.0,100.0,1.0,-0.2552033588606285
43.87792626826923,75.91891891891892,,1.0,100.0,1.0,-0.256434992365551
44.16764198629807,75.91891891891892,,1.0,100.0,1.0,-0.2576747433535707
44.457357704326924,75.91891891891892,,1.0,100.0,1.0,-0.2589231028700757
44.74707342235577,75.91891891891892,,1.0,100.0,1.0,-0.2601805717627253
45.03678914038461,75.91891891891892,,1.0,100.0,1.0,-0.2614476600154792
45.32650485841346,75.91891891891892,,1.0,100.0,1.0,-0.2627248861060001
45.61622057644231,75.91891891891892,,1.0,100.0,1.0,-0.2640127763872253
45.905936294471154,75.91891891891892,,1.0,100.0,1.0,-0.265311864493851
46.1956520125,75.91891891891892,,1.0,100.0,1.0,-0.2666226907744384
46.485367730528836,75.91891891891892,,1.0,100.0,1.0,-0.2679458017497016
46.775083448557695,75.91891891891892,,1.0,100.0,1.0,-0.2692817495975772
47.06479916658654,75.91891891891892,,1.0,100.0,1.0,-0.2706310916654603
47.35451488461538,75.91891891891892,,1.0,100.0,1.0,-0.2719943900101303
47.644230602644235,75.91891891891892,,1.0,100.0,1.0,-0.2733722109655433
47.93394632067308,75.91891891891892,,1.0,100.0,1.0,-0.2747651247389363
48.22366203870192,75.91891891891892,,1.0,100.0,1.0,-0.2761737050353081
48.51337775673076,75.91891891891892,,1.0,100.0,1.0,-0.2775985287106778
48.80309347475962,75.91891891891892,,1.0,100.0,1.0,-0.2790401754539268
49.092809192788465,75.91891891891892,,1.0,100.0,1.0,-0.280499227497698
49.38252491081732,75.91891891891892,,1.0,100.0,1.0,-0.2819762693580611
49.67224062884614,75.91891891891892,,1.0,100.0,1.0,-0.2834718876031101
49.96195634687499,75.91891891891892,,1.0,100.0,1.0,-0.2849866706504267
50.25167206490384,75.91891891891892,,1.0,100.0,1.0,-0.2865212085933977
50.54138778293269,75.91891891891892,,1.0,100.0,1.0,-0.2880760930560687
50.83110350096153,75.91891891891892,,1.0,100.0,1.0,-0.2896519170767371
51.120819218990384,75.91891891891892,,1.0,100.0,1.0,-0.2912492750197372
51.41053493701923,75.91891891891892,,1.0,100.0,1.0,-0.2928687625155279
51.70025065504807,75.91891891891892,,1.0,100.0,1.0,-0.2945109764286899
51.98996637307691,75.91891891891892,,1.0,100.0,1.0,-0.2961765148535756
52.27968209110577,75.91891891891892,,1.0,100.0,1.0,-0.2978659771374672
52.569397809134614,75.91891891891892,,1.0,100.0,1.0,-0.2995799639307185
52.859113527163466,75.91891891891892,,1.0,100.0,1.0,-0.3013190772638643
53.148829245192296,75.91891891891892,,1.0,100.0,1.0,-0.303083920650996
53.438544963221155,75.91891891891892,,1.0,100.0,1.0,-0.3048750992193433
53.72826068124999,75.91891891891892,,1.0,100.0,1.0,-0.3066932198645127
54.01797639927885,75.91891891891892,,1.0,100.0,1.0,-0.3085388914310054
54.30769211730768,75.91891891891892,,1.0,100.0,1.0,-0.3104127249176972
54.59740783533653,75.91891891891892,,1.0,100.0,1.0,-0.3123153337077675
54.88712355336538,75.91891891891892,,1.0,100.0,1.0,-0.3142473338226301
55.176839271394236,75.91891891891892,,1.0,100.0,1.0,-0.3162093441994895
55.46655498942307,75.91891891891892,,1.0,100.0,1.0,-0.3182019869920254
55.75627070745192,75.91891891891892,,1.0,100.0,1.0,-0.3202258878937948
56.04598642548078,75.91891891891892,,1.0,100.0,1.0,-0.3222816764838194
56.33570214350961,75.91891891891892,,1.0,100.0,1.0,-0.3243699865939392
56.62541786153845,75.91891891891892,,1.0,100.0,1.0,-0.3264914566974781
56.9151335795673,75.91891891891892,,1.0,100.0,1.0,-0.3286467303186876
57.20484929759615,75.91891891891892,,1.0,100.0,1.0,-0.3308364564625787
57.49456501562499,75.91891891891892,,1.0,100.0,1.0,-0.3330612900646456
57.784280733653844,75.91891891891892,,1.0,100.0,1.0,-0.3353218924600616
58.07399645168269,75.91891891891892,,1.0,100.0,1.0,-0.3376189318717426
58.36371216971153,75.91891891891892,,1.0,100.0,1.0,-0.3399530839171047
58.65342788774037,75.91891891891892,,1.0,100.0,1.0,-0.3423250321328225
58.94314360576924,75.91891891891892,,1.0,100.0,1.0,-0.3447354685173179
59.23285932379808,75.91891891891892,,1.0,100.0,1.0,-0.3471850940904538
59.52257504182691,75.91891891891892,,1.0,100.0,1.0,-0.3496746194701491
59.812290759855756,75.91891891891892,,1.0,100.0,1.0,-0.3522047654654305
60.10200647788461,75.91891891891892,,1.0,100.0,1.0,-0.3547762636855677
60.39172219591345,75.91891891891892,,1.0,100.0,1.0,-0.3573898571649321
60.6814379139423,75.91891891891892,,1.0,100.0,1.0,-0.3600463010032751
60.97115363197115,75.91891891891892,,1.0,100.0,1.0,-0.3627463630209758
61.26086934999999,75.91891891891892,,1.0,100.0,1.0,-0.3654908244291195
61.55058506802884,75.91891891891892,,1.0,100.0,1.0,-0.3682804805138793
61.84030078605769,75.91891891891892,,1.0,100.0,1.0,-0.3711161413351589
62.130016504086534,75.91891891891892,,1.0,100.0,1.0,-0.3739986324391207
62.41973222211538,75.91891891891892,,1.0,100.0,1.0,-0.3769287955842465
62.70944794014423,75.91891891891892,,1.0,100.0,1.0,-0.3799074894809874
62.999163658173075,75.91891891891892,,1.0,100.0,1.0,-0.3829355905444477
63.288879376201905,75.91891891891892,,1.0,100.0,1.0,-0.3860139936602699
63.578595094230764,75.91891891891892,,1.0,100.0,1.0,-0.3891436129632398
63.868310812259615,75.91891891891892,,1.0,100.0,1.0,-0.3923253826286591
64.15802653028845,75.91891891891892,,1.0,100.0,1.0,-0.3955602576763887
64.4477422483173,75.91891891891892,,1.0,100.0,1.0,-0.3988492147872247
64.73745796634616,75.91891891891892,,1.0,100.0,1.0,-0.4021932531317385
65.027173684375,75.91891891891892,,1.0,100.0,1.0,-0.4055933952114282
65.31688940240385,75.91891891891892,,1.0,100.0,1.0,-0.4090506877122404
65.60660512043269,75.91891891891892,,1.0,100.0,1.0,-0.4125662023701184
65.89632083846153,75.91891891891892,,1.0,100.0,1.0,-0.4161410368490374
66.18603655649038,75.91891891891892,,1.0,100.0,1.0,-0.4197763156311728
66.47575227451922,75.91891891891892,,1.0,100.0,1.0,-0.4234731909193248
66.76546799254808,75.91891891891892,,1.0,100.0,1.0,-0.427232843551756
67.05518371057693,75.91891891891892,,1.0,100.0,1.0,-0.4310564839293896
67.34489942860577,75.91891891891892,,1.0,100.0,1.0,-0.4349453529555637
67.63461514663462,75.91891891891892,,1.0,100.0,1.0,-0.4389007229883023
67.92433086466346,75.91891891891892,,1.0,100.0,1.0,-0.4429238988054105
68.2140465826923,75.91891891891892,,1.0,100.0,1.0,-0.4470162185824664
68.50376230072115,75.91891891891892,,1.0,100.0,1.0,-0.4511790548837926
68.79347801875001,75.91891891891892,,1.0,100.0,1.0,-0.4554138156667086
69.08319373677885,75.91891891891892,,1.0,100.0,1.0,-0.4597219452993074
69.3729094548077,75.91891891891892,,1.0,100.0,1.0,-0.4641049255918276
69.66262517283654,75.91891891891892,,1.0,100.0,1.0,-0.4685642768419615
69.95234089086537,75.91891891891892,,1.0,100.0,1.0,-0.4731015588943885
70.24205660889423,75.91891891891892,,1.0,100.0,1.0,-0.4777183722147117
70.53177232692308,75.91891891891892,,1.0,100.0,1.0,-0.4824163589783342
70.82148804495192,75.91891891891892,,1.0,100.0,1.0,-0.4871972041741532
71.11120376298076,75.91891891891892,,1.0,100.0,1.0,-0.4920626367239702
71.40091948100961,75.91891891891892,,1.0,100.0,1.0,-0.4970144306175198
71.69063519903845,75.91891891891892,,1.0,100.0,1.0,-0.5020544060637222
71.9803509170673,75.91891891891892,,1.0,100.0,1.0,-0.5071844306585318
72.27006663509614,75.91891891891892,,1.0,100.0,1.0,-0.5124064205696878
72.55978235312502,75.91891891891892,,1.0,100.0,1.0,-0.5177223417390221
72.84949807115386,75.91891891891892,,1.0,100.0,1.0,-0.5231342111024473
73.13921378918268,75.91891891891892,,1.0,100.0,1.0,-0.5286440978285106
73.42892950721154,75.91891891891892,,1.0,100.0,1.0,-0.5342541245756168
73.71864522524038,75.91891891891892,,1.0,100.0,1.0,-0.5399664687686726
74.00836094326922,75.91891891891892,,1.0,100.0,1.0,-0.5457833638957061
74.29807666129807,75.91891891891892,,1.0,100.0,1.0,-0.5517071008247222
74.58779237932691,75.91891891891892,,1.0,100.0,1.0,-0.5577400291417784
74.87750809735577,75.91891891891892,,1.0,100.0,1.0,-0.5638845585106124
75.16722381538462,75.91891891891892,,1.0,100.0,1.0,-0.5701431600544328
75.45693953341345,75.91891891891892,,1.0,100.0,1.0,-0.5765183677606739
75.7466552514423,75.91891891891892,,1.0,100.0,1.0,-0.5830127799092182
76.03637096947115,75.91891891891892,,1.0,100.0,1.0,-0.5896290605248484
76.32608668750001,75.91891891891892,,1.0,100.0,1.0,-0.5963699408546125
76.61580240552884,75.91891891891892,,1.0,100.0,1.0,-0.6032382208708537
76.9055181235577,75.91891891891892,,1.0,100.0,1.0,-0.6102367708005259
77.19523384158653,75.91891891891892,,1.0,100.0,1.0,-0.6173685326818584
77.48494955961539,75.91891891891892,,1.0,100.0,1.0,-0.6246365219487608
77.77466527764422,75.91891891891892,,1.0,100.0,1.0,-0.6320438290442564
78.06438099567308,75.91891891891892,,1.0,100.0,1.0,-0.6395936210632845
78.35409671370192,75.91891891891892,,1.0,100.0,1.0,-0.647289143426224
78.64381243173077,75.91891891891892,,1.0,100.0,1.0,-0.6551337215836965
78.93352814975961,75.91891891891892,,1.0,100.0,1.0,-0.6631307627537292
79.22324386778845,75.91891891891892,,1.0,100.0,1.0,-0.6712837576923371
79.51295958581731,75.91891891891892,,1.0,100.0,1.0,-0.6795962824980419
79.80267530384614,75.91891891891892,,1.0,100.0,1.0,-0.6880720004520924
80.09239102187499,75.91891891891892,,1.0,100.0,1.0,-0.6967146638946937
80.38210673990385,75.91891891891892,,1.0,100.0,1.0,-0.7055281161387841
80.67182245793269,75.91891891891892,,1.0,100.0,1.0,-0.7145162934222852
80.96153817596152,75.91891891891892,,1.0,100.0,1.0,-0.7236832268999411
81.25125389399038,75.91891891891892,,1.0,100.0,1.0,-0.7330330446760537
81.54096961201923,75.91891891891892,,1.0,100.0,1.0,-0.7425699738791902
81.83068533004807,75.91891891891892,,1.0,100.0,1.0,-0.7522983427801017
82.12040104807691,75.91891891891892,,1.0,100.0,1.0,-0.7622225829542799
82.41011676610577,75.91891891891892,,1.0,100.0,1.0,-0.7723472314902855
82.6998324841346,75.91891891891892,,1.0,100.0,1.0,-0.7826769332452651
82.98954820216345,75.91891891891892,,1.0,100.0,1.0,-0.7932164431490634
83.2792639201923,75.91891891891892,,1.0,100.0,1.0,-0.803970628558512
83.56897963822115,75.91891891891892,,1.0,100.0,1.0,-0.8149444716628871
83.85869535625,75.91891891891892,,1.0,100.0,1.0,-0.8261430719427569
84.14841107427884,75.91891891891892,,1.0,100.0,1.0,-0.8375716486832202
84.43812679230768,75.91891891891892,,1.0,100.0,1.0,-0.8492355435432485
84.72784251033653,75.91891891891892,,1.0,100.0,1.0,-0.861140223183192
85.01755822836537,75.91891891891892,,1.0,100.0,1.0,-0.8732912819514579
85.30727394639422,75.91891891891892,,1.0,100.0,1.0,-0.8856944446328745
85.59698966442308,75.91891891891892,,1.0,100.0,1.0,-0.8983555692599335
85.88670538245192,75.91891891891892,,1.0,100.0,1.0,-0.911280649989216
86.17642110048077,75.91891891891892,,1.0,100.0,1.0,-0.924475820044521
86.46613681850961,75.91891891891892,,1.0,100.0,1.0,-0.9379473547291828
86.75585253653846,75.91891891891892,,1.0,100.0,1.0,-0.9517016745091476
87.0455682545673,75.91891891891892,,1.0,100.0,1.0,-0.965745348169109
87.33528397259614,75.91891891891892,,1.0,100.0,1.0,-0.9800850960439796
1.0,78.5945945945946,,1.0,100.0,1.0,-0.362195944290503
1.289715718028846,78.5945945945946,,1.0,100.0,1.0,-0.3563385547024696
1.5794314360576922,78.5945945945946,,1.0,100.0,1.0,-0.3505970863263913
1.8691471540865385,78.5945945945946,,1.0,100.0,1.0,-0.3449710239173666
2.1588628721153844,78.5945945945946,,1.0,100.0,1.0,-0.3394598373703406
2.4485785901442307,78.5945945945946,,1.0,100.0,1.0,-0.334062982672182
2.738294308173077,78.5945945945946,,1.0,100.0,1.0,-0.3287799027308203
3.028010026201923,78.5945945945946,,1.0,100.0,1.0,-0.3236100280872861
3.3177257442307693,78.5945945945946,,1.0,100.0,1.0,-0.3185527775165158
3.607441462259615,78.5945945945946,,1.0,100.0,1.0,-0.3136075585228015
3.897157180288461,78.5945945945946,,1.0,100.0,1.0,-0.308773767735524
4.186872898317307,78.5945945945946,,1.0,100.0,1.0,-0.3040507912109854
4.476588616346154,78.5945945945946,,1.0,100.0,1.0,-0.2994380046459804
4.766304334375,78.5945945945946,,1.0,100.0,1.0,-0.2949347735087115
5.056020052403846,78.5945945945946,,1.0,100.0,1.0,-0.2905404530927041
5.345735770432693,78.5945945945946,,1.0,100.0,1.0,-0.2862543884991124
5.6354514884615385,78.5945945945946,,1.0,100.0,1.0,-0.2820759145530329
5.925167206490385,78.5945945945946,,1.0,100.0,1.0,-0.2780043556591877
6.21488292451923,78.5945945945946,,1.0,100.0,1.0,-0.2740390256023124
6.504598642548077,78.5945945945946,,1.0,100.0,1.0,-0.2701792272976528
6.794314360576923,78.5945945945946,,1.0,100.0,1.0,-0.2664242524966843
7.084030078605768,78.5945945945946,,1.0,100.0,1.0,-0.2627733814533664
7.373745796634614,78.5945945945946,,1.0,100.0,1.0,-0.2592258825559335
7.663461514663462,78.5945945945946,,1.0,100.0,1.0,-0.2557810119293403
7.9531772326923065,78.5945945945946,,1.0,100.0,1.0,-0.2524380130132093
8.242892950721153,78.5945945945946,,1.0,100.0,1.0,-0.2491961161202924
8.53260866875,78.5945945945946,,1.0,100.0,1.0,-0.2460545379800674
8.822324386778845,78.5945945945946,,1.0,100.0,1.0,-0.2430124812722921
9.112040104807692,78.5945945945946,,1.0,100.0,1.0,-0.2400691341550005
9.401755822836538,78.5945945945946,,1.0,100.0,1.0,-0.2372236697914906
9.691471540865384,78.5945945945946,,1.0,100.0,1.0,-0.2344752458806112
9.98118725889423,78.5945945945946,,1.0,100.0,1.0,-0.2318230041946379
10.270902976923075,78.5945945945946,,1.0,100.0,1.0,-0.229266070128878
10.560618694951922,78.5945945945946,,1.0,100.0,1.0,-0.2268035522669112
10.850334412980768,78.5945945945946,,1.0,100.0,1.0,-0.224434541965444
11.140050131009614,78.5945945945946,,1.0,100.0,1.0,-0.2221581129624228
11.42976584903846,78.5945945945946,,1.0,100.0,1.0,-0.2199733210119999
11.719481567067307,78.5945945945946,,1.0,100.0,1.0,-0.2178792035497275
12.009197285096153,78.5945945945946,,1.0,100.0,1.0,-0.2158747793913275
12.298913003125,78.5945945945946,,1.0,100.0,1.0,-0.2139590484679993
12.588628721153844,78.5945945945946,,1.0,100.0,1.0,-0.2121309916012849
12.87834443918269,78.5945945945946,,1.0,100.0,1.0,-0.2103895703201728
13.168060157211537,78.5945945945946,,1.0,100.0,1.0,-0.2087337267229875
13.457775875240383,78.5945945945946,,1.0,100.0,1.0,-0.2071623833864921
13.747491593269228,78.5945945945946,,1.0,100.0,1.0,-0.2056744433242513
14.037207311298074,78.5945945945946,,1.0,100.0,1.0,-0.2042687899963574
14.32692302932692,78.5945945945946,,1.0,100.0,1.0,-0.2029442873721415
14.616638747355767,78.5945945945946,,1.0,100.0,1.0,-0.2016997800475587
14.906354465384615,78.5945945945946,,1.0,100.0,1.0,-0.2005340934184723
15.196070183413461,78.5945945945946,,1.0,100.0,1.0,-0.1994460339110279
15.485785901442307,78.5945945945946,,1.0,100.0,1.0,-0.1984343892699872
15.775501619471152,78.5945945945946,,1.0,100.0,1.0,-0.1974979289057164
16.0652173375,78.5945945945946,,1.0,100.0,1.0,-0.1966354043002566
16.354933055528846,78.5945945945946,,1.0,100.0,1.0,-0.1958455494727661
16.64464877355769,78.5945945945946,,1.0,100.0,1.0,-0.1951270815042607
16.93436449158654,78.5945945945946,,1.0,100.0,1.0,-0.1944787011214632
17.224080209615384,78.5945945945946,,1.0,100.0,1.0,-0.1938990933393424
17.51379592764423,78.5945945945946,,1.0,100.0,1.0,-0.1933869281615768
17.803511645673076,78.5945945945946,,1.0,100.0,1.0,-0.192940861338114
18.093227363701924,78.5945945945946,,1.0,100.0,1.0,-0.1925595351786807
18.38294308173077,78.5945945945946,,1.0,100.0,1.0,-0.1922415794208701
18.672658799759613,78.5945945945946,,1.0,100.0,1.0,-0.1919856121512554
18.96237451778846,78.5945945945946,,1.0,100.0,1.0,-0.1917902407778082
19.252090235817306,78.5945945945946,,1.0,100.0,1.0,-0.1916540630515119
19.541805953846154,78.5945945945946,,1.0,100.0,1.0,-0.1915756681352103
19.831521671875,78.5945945945946,,1.0,100.0,1.0,-0.1915536377170303
20.121237389903843,78.5945945945946,,1.0,100.0,1.0,-0.1915865471661214
20.41095310793269,78.5945945945946,,1.0,100.0,1.0,-0.1916729667277617
20.700668825961536,78.5945945945946,,1.0,100.0,1.0,-0.1918114627550664
20.99038454399038,78.5945945945946,,1.0,100.0,1.0,-0.1920005989741542
21.28010026201923,78.5945945945946,,1.0,100.0,1.0,-0.1922389377796854
21.569815980048077,78.5945945945946,,1.0,100.0,1.0,-0.1925250415572927
21.85953169807692,78.5945945945946,,1.0,100.0,1.0,-0.1928574740296411
22.14924741610577,78.5945945945946,,1.0,100.0,1.0,-0.1932348016223949
22.438963134134614,78.5945945945946,,1.0,100.0,1.0,-0.1936555948465843
22.728678852163462,78.5945945945946,,1.0,100.0,1.0,-0.1941184296935402
23.018394570192307,78.5945945945946,,1.0,100.0,1.0,-0.1946218890386707
23.308110288221158,78.5945945945946,,1.0,100.0,1.0,-0.1951645640502791
23.59782600625,78.5945945945946,,1.0,100.0,1.0,-0.1957450555994864
23.88754172427884,78.5945945945946,,1.0,100.0,1.0,-0.1963619756674491
24.17725744230769,78.5945945945946,,1.0,100.0,1.0,-0.1970139487459473
24.46697316033654,78.5945945945946,,1.0,100.0,1.0,-0.1976996132276511
24.75668887836538,78.5945945945946,,1.0,100.0,1.0,-0.1984176227819134
25.046404596394233,78.5945945945946,,1.0,100.0,1.0,-0.1991666477128447
25.336120314423074,78.5945945945946,,1.0,100.0,1.0,-0.1999453762954189
25.62583603245192,78.5945945945946,,1.0,100.0,1.0,-0.2007525160865155
25.915551750480766,78.5945945945946,,1.0,100.0,1.0,-0.2015867952070572
26.205267468509614,78.5945945945946,,1.0,100.0,1.0,-0.2024469635920402
26.494983186538455,78.5945945945946,,1.0,100.0,1.0,-0.2033317942051739
26.78469890456731,78.5945945945946,,1.0,100.0,1.0,-0.2042400842150553
27.074414622596148,78.5945945945946,,1.0,100.0,1.0,-0.2051706561298822
27.364130340624996,78.5945945945946,,1.0,100.0,1.0,-0.2061223588880628
27.65384605865384,78.5945945945946,,1.0,100.0,1.0,-0.2070940689020395
27.94356177668269,78.5945945945946,,1.0,100.0,1.0,-0.208084691052983
28.233277494711533,78.5945945945946,,1.0,100.0,1.0,-0.2090931596341633
28.52299321274039,78.5945945945946,,1.0,100.0,1.0,-0.2101184392411188
28.812708930769226,78.5945945945946,,1.0,100.0,1.0,-0.2111595256066549
29.102424648798074,78.5945945945946,,1.0,100.0,1.0,-0.2122154463793328
29.392140366826922,78.5945945945946,,1.0,100.0,1.0,-0.2132852618440397
29.681856084855767,78.5945945945946,,1.0,100.0,1.0,-0.2143680655834972
29.97157180288462,78.5945945945946,,1.0,100.0,1.0,-0.2154629850799139
30.261287520913456,78.5945945945946,,1.0,100.0,1.0,-0.2165691822560173
30.551003238942304,78.5945945945946,,1.0,100.0,1.0,-0.2176858539550932
30.84071895697115,78.5945945945946,,1.0,100.0,1.0,-0.2188122323597624
31.130434674999997,78.5945945945946,,1.0,100.0,1.0,-0.219947585349408
31.420150393028845,78.5945945945946,,1.0,100.0,1.0,-0.2210912167964832
31.709866111057696,78.5945945945946,,1.0,100.0,1.0,-0.2222424668020715
31.999581829086537,78.5945945945946,,1.0,100.0,1.0,-0.2234007118710602
32.28929754711538,78.5945945945946,,1.0,100.0,1.0,-0.224565365027884
32.579013265144226,78.5945945945946,,1.0,100.0,1.0,-0.2257358758734868
32.86872898317308,78.5945945945946,,1.0,100.0,1.0,-0.2269117305846542
33.15844470120192,78.5945945945946,,1.0,100.0,1.0,-0.2280924518568546
33.44816041923077,78.5945945945946,,1.0,100.0,1.0,-0.2292775987918359
33.73787613725961,78.5945945945946,,1.0,100.0,1.0,-0.230466766731468
34.02759185528846,78.5945945945946,,1.0,100.0,1.0,-0.2316595870393631
34.31730757331731,78.5945945945946,,1.0,100.0,1.0,-0.2328557268319053
34.60702329134615,78.5945945945946,,1.0,100.0,1.0,-0.2340548886604072
34.896739009375,78.5945945945946,,1.0,100.0,1.0,-0.2352568101462402
35.18645472740385,78.5945945945946,,1.0,100.0,1.0,-0.2364612635709498
35.476170445432686,78.5945945945946,,1.0,100.0,1.0,-0.2376680554231174
35.76588616346154,78.5945945945946,,1.0,100.0,1.0,-0.2388770259042506
36.05560188149038,78.5945945945946,,1.0,100.0,1.0,-0.240088048395658
36.34531759951923,78.5945945945946,,1.0,100.0,1.0,-0.2413010288885201
36.63503331754807,78.5945945945946,,1.0,100.0,1.0,-0.2425159053793742
36.92474903557693,78.5945945945946,,1.0,100.0,1.0,-0.2437326472331925
37.21446475360577,78.5945945945946,,1.0,100.0,1.0,-0.2449512545164265
37.50418047163461,78.5945945945946,,1.0,100.0,1.0,-0.2461717573022224
37.79389618966346,78.5945945945946,,1.0,100.0,1.0,-0.2473942149501983
38.08361190769231,78.5945945945946,,1.0,100.0,1.0,-0.248618715363136
38.37332762572115,78.5945945945946,,1.0,100.0,1.0,-0.2498453742228505
38.66304334375,78.5945945945946,,1.0,100.0,1.0,-0.2510743342076837
38.95275906177885,78.5945945945946,,1.0,100.0,1.0,-0.2523057641939711
39.24247477980769,78.5945945945946,,1.0,100.0,1.0,-0.2535398584437487
39.53219049783654,78.5945945945946,,1.0,100.0,1.0,-0.2547768357811261
39.82190621586538,78.5945945945946,,1.0,100.0,1.0,-0.2560169387595828
40.111621933894234,78.5945945945946,,1.0,100.0,1.0,-0.2572604328224127
40.40133765192307,78.5945945945946,,1.0,100.0,1.0,-0.2585076054587463
40.69105336995192,78.5945945945946,,1.0,100.0,1.0,-0.2597587653570815
40.98076908798076,78.5945945945946,,1.0,100.0,1.0,-0.2610142415587124
41.27048480600961,78.5945945945946,,1.0,100.0,1.0,-0.2622743826130106
41.56020052403846,78.5945945945946,,1.0,100.0,1.0,-0.2635395557366551
41.8499162420673,78.5945945945946,,1.0,100.0,1.0,-0.2648101459787308
42.13963196009615,78.5945945945946,,1.0,100.0,1.0,-0.2660865553936453
42.429347678125,78.5945945945946,,1.0,100.0,1.0,-0.2673692022236005
42.71906339615384,78.5945945945946,,1.0,100.0,1.0,-0.2686585200924227
43.00877911418269,78.5945945945946,,1.0,100.0,1.0,-0.2699549572124264
43.29849483221154,78.5945945945946,,1.0,100.0,1.0,-0.2712589756056774
43.58821055024038,78.5945945945946,,1.0,100.0,1.0,-0.2725710503414593
43.87792626826923,78.5945945945946,,1.0,100.0,1.0,-0.273891668790957
44.16764198629807,78.5945945945946,,1.0,100.0,1.0,-0.2752213299007784
44.457357704326924,78.5945945945946,,1.0,100.0,1.0,-0.2765605434862721
44.74707342235577,78.5945945945946,,1.0,100.0,1.0,-0.2779098295458887
45.03678914038461,78.5945945945946,,1.0,100.0,1.0,-0.2792697175976038
45.32650485841346,78.5945945945946,,1.0,100.0,1.0,-0.2806407460382116
45.61622057644231,78.5945945945946,,1.0,100.0,1.0,-0.2820234615265672
45.905936294471154,78.5945945945946,,1.0,100.0,1.0,-0.2834184183913431
46.1956520125,78.5945945945946,,1.0,100.0,1.0,-0.2848261780641431
46.485367730528836,78.5945945945946,,1.0,100.0,1.0,-0.2862473085385202
46.775083448557695,78.5945945945946,,1.0,100.0,1.0,-0.2876823838554221
47.06479916658654,78.5945945945946,,1.0,100.0,1.0,-0.2891319836157239
47.35451488461538,78.5945945945946,,1.0,100.0,1.0,-0.2905966925200224
47.644230602644235,78.5945945945946,,1.0,100.0,1.0,-0.2920770999362563
47.93394632067308,78.5945945945946,,1.0,100.0,1.0,-0.2935737994953563
48.22366203870192,78.5945945945946,,1.0,100.0,1.0,-0.2950873887151916
48.51337775673076,78.5945945945946,,1.0,100.0,1.0,-0.2966184686530261
48.80309347475962,78.5945945945946,,1.0,100.0,1.0,-0.2981676435865615
49.092809192788465,78.5945945945946,,1.0,100.0,1.0,-0.2997355207238519
49.38252491081732,78.5945945945946,,1.0,100.0,1.0,-0.3013227099419394
49.67224062884614,78.5945945945946,,1.0,100.0,1.0,-0.3029298235542798
49.96195634687499,78.5945945945946,,1.0,100.0,1.0,-0.3045574761071039
50.25167206490384,78.5945945945946,,1.0,100.0,1.0,-0.306206284204346
50.54138778293269,78.5945945945946,,1.0,100.0,1.0,-0.3078768663613932
50.83110350096153,78.5945945945946,,1.0,100.0,1.0,-0.3095698428872567
51.120819218990384,78.5945945945946,,1.0,100.0,1.0,-0.3112858357950999
51.41053493701923,78.5945945945946,,1.0,100.0,1.0,-0.3130254687409743
51.70025065504807,78.5945945945946,,1.0,100.0,1.0,-0.3147893669904844
51.98996637307691,78.5945945945946,,1.0,100.0,1.0,-0.3165781574131786
52.27968209110577,78.5945945945946,,1.0,100.0,1.0,-0.3183924685043181
52.569397809134614,78.5945945945946,,1.0,100.0,1.0,-0.3202329304338465
52.859113527163466,78.5945945945946,,1.0,100.0,1.0,-0.3221001751221316
53.148829245192296,78.5945945945946,,1.0,100.0,1.0,-0.3239948363422237
53.438544963221155,78.5945945945946,,1.0,100.0,1.0,-0.3259175498481786
53.72826068124999,78.5945945945946,,1.0,100.0,1.0,-0.3278689535291892
54.01797639927885,78.5945945945946,,1.0,100.0,1.0,-0.3298496875890429
54.30769211730768,78.5945945945946,,1.0,100.0,1.0,-0.3318603947505086
54.59740783533653,78.5945945945946,,1.0,100.0,1.0,-0.3339017204843175
54.88712355336538,78.5945945945946,,1.0,100.0,1.0,-0.3359743132621814
55.176839271394236,78.5945945945946,,1.0,100.0,1.0,-0.3380788248334776
55.46655498942307,78.5945945945946,,1.0,100.0,1.0,-0.3402159105252221
55.75627070745192,78.5945945945946,,1.0,100.0,1.0,-0.3423862295647328
56.04598642548078,78.5945945945946,,1.0,100.0,1.0,-0.3445904454246407
56.33570214350961,78.5945945945946,,1.0,100.0,1.0,-0.3468292261897311
56.62541786153845,78.5945945945946,,1.0,100.0,1.0,-0.3491032449451986
56.9151335795673,78.5945945945946,,1.0,100.0,1.0,-0.3514131801858189
57.20484929759615,78.5945945945946,,1.0,100.0,1.0,-0.3537597162455956
57.49456501562499,78.5945945945946,,1.0,100.0,1.0,-0.35614354374738
57.784280733653844,78.5945945945946,,1.0,100.0,1.0,-0.3585653600721648
58.07399645168269,78.5945945945946,,1.0,100.0,1.0,-0.3610258698473486
58.36371216971153,78.5945945945946,,1.0,100.0,1.0,-0.363525785453834
58.65342788774037,78.5945945945946,,1.0,100.0,1.0,-0.3660658275512333
58.94314360576924,78.5945945945946,,1.0,100.0,1.0,-0.3686467256211024
59.23285932379808,78.5945945945946,,1.0,100.0,1.0,-0.3712692185272985
59.52257504182691,78.5945945945946,,1.0,100.0,1.0,-0.3739340550937187
59.812290759855756,78.5945945945946,,1.0,100.0,1.0,-0.3766419946983663
60.10200647788461,78.5945945945946,,1.0,100.0,1.0,-0.3793938078839577
60.39172219591345,78.5945945945946,,1.0,100.0,1.0,-0.3821902769841891
60.6814379139423,78.5945945945946,,1.0,100.0,1.0,-0.3850321967657921
60.97115363197115,78.5945945945946,,1.0,100.0,1.0,-0.3879203750857113
61.26086934999999,78.5945945945946,,1.0,100.0,1.0,-0.3908556335632326
61.55058506802884,78.5945945945946,,1.0,100.0,1.0,-0.3938388082667939
61.84030078605769,78.5945945945946,,1.0,100.0,1.0,-0.3968707504151538
62.130016504086534,78.5945945945946,,1.0,100.0,1.0,-0.3999523270925987
62.41973222211538,78.5945945945946,,1.0,100.0,1.0,-0.4030844219781965
62.70944794014423,78.5945945945946,,1.0,100.0,1.0,-0.4062679360884702
62.999163658173075,78.5945945945946,,1.0,100.0,1.0,-0.4095037885336882
63.288879376201905,78.5945945945946,,1.0,100.0,1.0,-0.4127929172874058
63.578595094230764,78.5945945945946,,1.0,100.0,1.0,-0.4161362799689908
63.868310812259615,78.5945945945946,,1.0,100.0,1.0,-0.4195348546392449
64.15802653028845,78.5945945945946,,1.0,100.0,1.0,-0.4229896406088164
64.4477422483173,78.5945945945946,,1.0,100.0,1.0,-0.4265016592592415
64.73745796634616,78.5945945945946,,1.0,100.0,1.0,-0.430071954876807
65.027173684375,78.5945945945946,,1.0,100.0,1.0,-0.4337015954988615
65.31688940240385,78.5945945945946,,1.0,100.0,1.0,-0.4373916737726646
65.60660512043269,78.5945945945946,,1.0,100.0,1.0,-0.4411433078268256
65.89632083846153,78.5945945945946,,1.0,100.0,1.0,-0.4449576421551124
66.18603655649038,78.5945945945946,,1.0,100.0,1.0,-0.4488358485129257
66.47575227451922,78.5945945945946,,1.0,100.0,1.0,-0.4527791268261805
66.76546799254808,78.5945945945946,,1.0,100.0,1.0,-0.4567887061128445
67.05518371057693,78.5945945945946,,1.0,100.0,1.0,-0.4608658454171406
67.34489942860577,78.5945945945946,,1.0,100.0,1.0,-0.4650118347565682
67.63461514663462,78.5945945945946,,1.0,100.0,1.0,-0.4692279960816454
67.92433086466346,78.5945945945946,,1.0,100.0,1.0,-0.4735156842487736
68.2140465826923,78.5945945945946,,1.0,100.0,1.0,-0.4778762880062595
68.50376230072115,78.5945945945946,,1.0,100.0,1.0,-0.4823112309935442
68.79347801875001,78.5945945945946,,1.0,100.0,1.0,-0.4868219727540993
69.08319373677885,78.5945945945946,,1.0,100.0,1.0,-0.4914100097618403
69.3729094548077,78.5945945945946,,1.0,100.0,1.0,-0.4960768764616626
69.66262517283654,78.5945945945946,,1.0,100.0,1.0,-0.5008241463239868
69.95234089086537,78.5945945945946,,1.0,100.0,1.0,-0.5056534329139422
70.24205660889423,78.5945945945946,,1.0,100.0,1.0,-0.51056639097508
70.53177232692308,78.5945945945946,,1.0,100.0,1.0,-0.515564717528251
70.82148804495192,78.5945945945946,,1.0,100.0,1.0,-0.5206501529857342
71.11120376298076,78.5945945945946,,1.0,100.0,1.0,-0.5258244822811399
71.40091948100961,78.5945945945946,,1.0,100.0,1.0,-0.5310895360153322
71.69063519903845,78.5945945945946,,1.0,100.0,1.0,-0.5364471916187031
71.9803509170673,78.5945945945946,,1.0,100.0,1.0,-0.541899374530312
72.27006663509614,78.5945945945946,,1.0,100.0,1.0,-0.5474480593942809
72.55978235312502,78.5945945945946,,1.0,100.0,1.0,-0.553095271273856
72.84949807115386,78.5945945945946,,1.0,100.0,1.0,-0.5588430868835282
73.13921378918268,78.5945945945946,,1.0,100.0,1.0,-0.564693635839791
73.42892950721154,78.5945945945946,,1.0,100.0,1.0,-0.5706491019309189
73.71864522524038,78.5945945945946,,1.0,100.0,1.0,-0.5767117244064984
74.00836094326922,78.5945945945946,,1.0,100.0,1.0,-0.5828837992869585
74.29807666129807,78.5945945945946,,1.0,100.0,1.0,-0.589167680693706
74.58779237932691,78.5945945945946,,1.0,100.0,1.0,-0.5955657822007779
74.87750809735577,78.5945945945946,,1.0,100.0,1.0,-0.6020805782080781
75.16722381538462,78.5945945945946,,1.0,100.0,1.0,-0.6087146053372622
75.45693953341345,78.5945945945946,,1.0,100.0,1.0,-0.6154704638506172
75.7466552514423,78.5945945945946,,1.0,100.0,1.0,-0.622350819093712
76.03637096947115,78.5945945945946,,1.0,100.0,1.0,-0.6293584029626137
76.32608668750001,78.5945945945946,,1.0,100.0,1.0,-0.6364960153959909
76.61580240552884,78.5945945945946,,1.0,100.0,1.0,-0.6437665258933918
76.9055181235577,78.5945945945946,,1.0,100.0,1.0,-0.6511728750598533
77.19523384158653,78.5945945945946,,1.0,100.0,1.0,-0.6587180761781832
77.48494955961539,78.5945945945946,,1.0,100.0,1.0,-0.666405216809085
77.77466527764422,78.5945945945946,,1.0,100.0,1.0,-0.6742374604206236
78.06438099567308,78.5945945945946,,1.0,100.0,1.0,-0.6822180480473502
78.35409671370192,78.5945945945946,,1.0,100.0,1.0,-0.6903502999801366
78.64381243173077,78.5945945945946,,1.0,100.0,1.0,-0.6986376174877473
78.93352814975961,78.5945945945946,,1.0,100.0,1.0,-0.7070834845708681
79.22324386778845,78.5945945945946,,1.0,100.0,1.0,-0.7156914697496781
79.51295958581731,78.5945945945946,,1.0,100.0,1.0,-0.7244652278858286
79.80267530384614,78.5945945945946,,1.0,100.0,1.0,-0.7334085020399809
80.09239102187499,78.5945945945946,,1.0,100.0,1.0,-0.7425251253658394
80.38210673990385,78.5945945945946,,1.0,100.0,1.0,-0.75181902304181
80.67182245793269,78.5945945945946,,1.0,100.0,1.0,-0.7612942142413053
80.96153817596152,78.5945945945946,,1.0,100.0,1.0,-0.7709548141429249
81.25125389399038,78.5945945945946,,1.0,100.0,1.0,-0.7808050359815326
81.54096961201923,78.5945945945946,,1.0,100.0,1.0,-0.7908491931417438
81.83068533004807,78.5945945945946,,1.0,100.0,1.0,-0.8010917012946136
82.12040104807691,78.5945945945946,,1.0,100.0,1.0,-0.8115370805791843
82.41011676610577,78.5945945945946,,1.0,100.0,1.0,-0.8221899578299215
82.6998324841346,78.5945945945946,,1.0,100.0,1.0,-0.8330550688516636
82.98954820216345,78.5945945945946,,1.0,100.0,1.0,-0.8441372607431391
83.2792639201923,78.5945945945946,,1.0,100.0,1.0,-0.8554414942708514
83.56897963822115,78.5945945945946,,1.0,100.0,1.0,-0.8669728462943623
83.85869535625,78.5945945945946,,1.0,100.0,1.0,-0.878736512245061
84.14841107427884,78.5945945945946,,1.0,100.0,1.0,-0.8907378086592675
84.43812679230768,78.5945945945946,,1.0,100.0,1.0,-0.9029821757679172
84.72784251033653,78.5945945945946,,1.0,100.0,1.0,-0.9154751801441574
85.01755822836537,78.5945945945946,,1.0,100.0,1.0,-0.928222517410406
85.30727394639422,78.5945945945946,,1.0,100.0,1.0,-0.9412300150072184
85.59698966442308,78.5945945945946,,1.0,100.0,1.0,-0.9545036350249134
85.88670538245192,78.5945945945946,,1.0,100.0,1.0,-0.9680494771006252
86.17642110048077,78.5945945945946,,1.0,100.0,1.0,-0.9818737813820768
1.0,81.27027027027027,,1.0,100.0,1.0,-0.37080363313944
1.289715718028846,81.27027027027027,,1.0,100.0,1.0,-0.3650249941916009
1.5794314360576922,81.27027027027027,,1.0,100.0,1.0,-0.3593606948866884
1.8691471540865385,81.27027027027027,,1.0,100.0,1.0,-0.3538103087285209
2.1588628721153844,81.27027027027027,,1.0,100.0,1.0,-0.3483733903627873
2.4485785901442307,81.27027027027027,,1.0,100.0,1.0,-0.3430494766461737
2.738294308173077,81.27027027027027,,1.0,100.0,1.0,-0.3378380875919367
3.028010026201923,81.27027027027027,,1.0,100.0,1.0,-0.332738727197536
3.3177257442307693,81.27027027027027,,1.0,100.0,1.0,-0.3277508841603576
3.607441462259615,81.27027027027027,,1.0,100.0,1.0,-0.3228740324870971
3.897157180288461,81.27027027027027,,1.0,100.0,1.0,-0.3181076320027345
4.186872898317307,81.27027027027027,,1.0,100.0,1.0,-0.3134511287645403
4.476588616346154,81.27027027027027,,1.0,100.0,1.0,-0.3089039553869251
4.766304334375,81.27027027027027,,1.0,100.0,1.0,-0.3044655312825879
5.056020052403846,81.27027027027027,,1.0,100.0,1.0,-0.300135262825541
5.345735770432693,81.27027027027027,,1.0,100.0,1.0,-0.2959125434414349
5.6354514884615385,81.27027027027027,,1.0,100.0,1.0,-0.2917967536306529
5.925167206490385,81.27027027027027,,1.0,100.0,1.0,-0.2877872609294912
6.21488292451923,81.27027027027027,,1.0,100.0,1.0,-0.2838834198147608
6.504598642548077,81.27027027027027,,1.0,100.0,1.0,-0.2800845715570219
6.794314360576923,81.27027027027027,,1.0,100.0,1.0,-0.2763900440276681
7.084030078605768,81.27027027027027,,1.0,100.0,1.0,-0.2727991514649537
7.373745796634614,81.27027027027027,,1.0,100.0,1.0,-0.2693111942039941
7.663461514663462,81.27027027027027,,1.0,100.0,1.0,-0.2659254583757323
7.9531772326923065,81.27027027027027,,1.0,100.0,1.0,-0.2626412155797701
8.242892950721153,81.27027027027027,,1.0,100.0,1.0,-0.2594577225358152
8.53260866875,81.27027027027027,,1.0,100.0,1.0,-0.256374220718534
8.822324386778845,81.27027027027027,,1.0,100.0,1.0,-0.2533899359803723
9.112040104807692,81.27027027027027,,1.0,100.0,1.0,-0.2505040781669247
9.401755822836538,81.27027027027027,,1.0,100.0,1.0,-0.247715840729237
9.691471540865384,81.27027027027027,,1.0,100.0,1.0,-0.245024400337374
9.98118725889423,81.27027027027027,,1.0,100.0,1.0,-0.2424289164994276
10.270902976923075,81.27027027027027,,1.0,100.0,1.0,-0.2399285311901174
10.560618694951922,81.27027027027027,,1.0,100.0,1.0,-0.2375223684927879
10.850334412980768,81.27027027027027,,1.0,100.0,1.0,-0.235209534258812
11.140050131009614,81.27027027027027,,1.0,100.0,1.0,-0.2329891157878716
11.42976584903846,81.27027027027027,,1.0,100.0,1.0,-0.2308601815328702
11.719481567067307,81.27027027027027,,1.0,100.0,1.0,-0.2288217808326434
12.009197285096153,81.27027027027027,,1.0,100.0,1.0,-0.2268729436758652
12.298913003125,81.27027027027027,,1.0,100.0,1.0,-0.2250126804990712
12.588628721153844,81.27027027027027,,1.0,100.0,1.0,-0.2232399820218485
12.87834443918269,81.27027027027027,,1.0,100.0,1.0,-0.2215538191217331
13.168060157211537,81.27027027027027,,1.0,100.0,1.0,-0.2199531427514753
13.457775875240383,81.27027027027027,,1.0,100.0,1.0,-0.2184368839010203
13.747491593269228,81.27027027027027,,1.0,100.0,1.0,-0.2170039536062606
14.037207311298074,81.27027027027027,,1.0,100.0,1.0,-0.2156532430066508
14.32692302932692,81.27027027027027,,1.0,100.0,1.0,-0.2143836234533682
14.616638747355767,81.27027027027027,,1.0,100.0,1.0,-0.2131939466695734
14.906354465384615,81.27027027027027,,1.0,100.0,1.0,-0.2120830449642167
15.196070183413461,81.27027027027027,,1.0,100.0,1.0,-0.2110497315003528
15.485785901442307,81.27027027027027,,1.0,100.0,1.0,-0.210092800619077
15.775501619471152,81.27027027027027,,1.0,100.0,1.0,-0.2092110282196396
16.0652173375,81.27027027027027,,1.0,100.0,1.0,-0.2084031721963024
16.354933055528846,81.27027027027027,,1.0,100.0,1.0,-0.2076679729321358
16.64464877355769,81.27027027027027,,1.0,100.0,1.0,-0.2070041538498827
16.93436449158654,81.27027027027027,,1.0,100.0,1.0,-0.2064104220195822
17.224080209615384,81.27027027027027,,1.0,100.0,1.0,-0.2058854688226838
17.51379592764423,81.27027027027027,,1.0,100.0,1.0,-0.2054279706719081
17.803511645673076,81.27027027027027,,1.0,100.0,1.0,-0.2050365897860172
18.093227363701924,81.27027027027027,,1.0,100.0,1.0,-0.2047099750185287
18.38294308173077,81.27027027027027,,1.0,100.0,1.0,-0.2044467627389511
18.672658799759613,81.27027027027027,,1.0,100.0,1.0,-0.2042455777651383
18.96237451778846,81.27027027027027,,1.0,100.0,1.0,-0.2041050343450194
19.252090235817306,81.27027027027027,,1.0,100.0,1.0,-0.204023737185815
19.541805953846154,81.27027027027027,,1.0,100.0,1.0,-0.2040002825286512
19.831521671875,81.27027027027027,,1.0,100.0,1.0,-0.2040332592662466
20.121237389903843,81.27027027027027,,1.0,100.0,1.0,-0.2041212501012696
20.41095310793269,81.27027027027027,,1.0,100.0,1.0,-0.2042628327426389
20.700668825961536,81.27027027027027,,1.0,100.0,1.0,-0.2044565811370637
20.99038454399038,81.27027027027027,,1.0,100.0,1.0,-0.2047010667328336
21.28010026201923,81.27027027027027,,1.0,100.0,1.0,-0.2049948597726823
21.569815980048077,81.27027027027027,,1.0,100.0,1.0,-0.2053365306126641
21.85953169807692,81.27027027027027,,1.0,100.0,1.0,-0.2057246510635201
22.14924741610577,81.27027027027027,,1.0,100.0,1.0,-0.2061577957512761
22.438963134134614,81.27027027027027,,1.0,100.0,1.0,-0.2066345434933967
22.728678852163462,81.27027027027027,,1.0,100.0,1.0,-0.2071534786868881
23.018394570192307,81.27027027027027,,1.0,100.0,1.0,-0.2077131927047866
23.308110288221158,81.27027027027027,,1.0,100.0,1.0,-0.2083122852972226
23.59782600625,81.27027027027027,,1.0,100.0,1.0,-0.2089493659933422
23.88754172427884,81.27027027027027,,1.0,100.0,1.0,-0.2096230555002726
24.17725744230769,81.27027027027027,,1.0,100.0,1.0,-0.2103319870954715
24.46697316033654,81.27027027027027,,1.0,100.0,1.0,-0.2110748080086517
24.75668887836538,81.27027027027027,,1.0,100.0,1.0,-0.2118501807895366
25.046404596394233,81.27027027027027,,1.0,100.0,1.0,-0.2126567846578859
25.336120314423074,81.27027027027027,,1.0,100.0,1.0,-0.2134933168320948
25.62583603245192,81.27027027027027,,1.0,100.0,1.0,-0.214358493832957
25.915551750480766,81.27027027027027,,1.0,100.0,1.0,-0.2152510527591261
26.205267468509614,81.27027027027027,,1.0,100.0,1.0,-0.21616975253094
26.494983186538455,81.27027027027027,,1.0,100.0,1.0,-0.2171133750995102
26.78469890456731,81.27027027027027,,1.0,100.0,1.0,-0.2180807266180643
27.074414622596148,81.27027027027027,,1.0,100.0,1.0,-0.2190706385724738
27.364130340624996,81.27027027027027,,1.0,100.0,1.0,-0.2200819688685755
27.65384605865384,81.27027027027027,,1.0,100.0,1.0,-0.2211136028733645
27.94356177668269,81.27027027027027,,1.0,100.0,1.0,-0.2221644544080766
28.233277494711533,81.27027027027027,,1.0,100.0,1.0,-0.2232334666906471
28.52299321274039,81.27027027027027,,1.0,100.0,1.0,-0.2243196132258946
28.812708930769226,81.27027027027027,,1.0,100.0,1.0,-0.2254218986414036
29.102424648798074,81.27027027027027,,1.0,100.0,1.0,-0.2265393594677689
29.392140366826922,81.27027027027027,,1.0,100.0,1.0,-0.227671064861676
29.681856084855767,81.27027027027027,,1.0,100.0,1.0,-0.2288161172707901
29.97157180288462,81.27027027027027,,1.0,100.0,1.0,-0.2299736530395484
30.261287520913456,81.27027027027027,,1.0,100.0,1.0,-0.2311428429551126
30.551003238942304,81.27027027027027,,1.0,100.0,1.0,-0.2323228927329237
30.84071895697115,81.27027027027027,,1.0,100.0,1.0,-0.2335130434417732
31.130434674999997,81.27027027027027,,1.0,100.0,1.0,-0.23471257186796
31.420150393028845,81.27027027027027,,1.0,100.0,1.0,-0.2359207908190664
31.709866111057696,81.27027027027027,,1.0,100.0,1.0,-0.2371370493672293
31.999581829086537,81.27027027027027,,1.0,100.0,1.0,-0.2383607330326669
32.28929754711538,81.27027027027027,,1.0,100.0,1.0,-0.2395912639080053
32.579013265144226,81.27027027027027,,1.0,100.0,1.0,-0.2408281007241726
32.86872898317308,81.27027027027027,,1.0,100.0,1.0,-0.2420707388589383
33.15844470120192,81.27027027027027,,1.0,100.0,1.0,-0.2433187102891087
33.44816041923077,81.27027027027027,,1.0,100.0,1.0,-0.2445715834876608
33.73787613725961,81.27027027027027,,1.0,100.0,1.0,-0.2458289632672737
34.02759185528846,81.27027027027027,,1.0,100.0,1.0,-0.2470904905715825
34.31730757331731,81.27027027027027,,1.0,100.0,1.0,-0.2483558422159841
34.60702329134615,81.27027027027027,,1.0,100.0,1.0,-0.2496247305794867
34.896739009375,81.27027027027027,,1.0,100.0,1.0,-0.2508969032495797
35.18645472740385,81.27027027027027,,1.0,100.0,1.0,-0.2521721426219306
35.476170445432686,81.27027027027027,,1.0,100.0,1.0,-0.2534502654568209
35.76588616346154,81.27027027027027,,1.0,100.0,1.0,-0.2547311223944984
36.05560188149038,81.27027027027027,,1.0,100.0,1.0,-0.2560145974314642
36.34531759951923,81.27027027027027,,1.0,100.0,1.0,-0.257300607359704
36.63503331754807,81.27027027027027,,1.0,100.0,1.0,-0.2585891011714051
36.92474903557693,81.27027027027027,,1.0,100.0,1.0,-0.2598800594309908
37.21446475360577,81.27027027027027,,1.0,100.0,1.0,-0.2611734936171079
37.50418047163461,81.27027027027027,,1.0,100.0,1.0,-0.2624694454365657
37.79389618966346,81.27027027027027,,1.0,100.0,1.0,-0.2637679861127969
38.08361190769231,81.27027027027027,,1.0,100.0,1.0,-0.2650692156510524
38.37332762572115,81.27027027027027,,1.0,100.0,1.0,-0.2663732620826307
38.66304334375,81.27027027027027,,1.0,100.0,1.0,-0.2676802806906688
38.95275906177885,81.27027027027027,,1.0,100.0,1.0,-0.2689904532196564
39.24247477980769,81.27027027027027,,1.0,100.0,1.0,-0.2703039870711168
39.53219049783654,81.27027027027027,,1.0,100.0,1.0,-0.2716211144877681
39.82190621586538,81.27027027027027,,1.0,100.0,1.0,-0.2729420917284216
40.111621933894234,81.27027027027027,,1.0,100.0,1.0,-0.2742671982358968
40.40133765192307,81.27027027027027,,1.0,100.0,1.0,-0.2755967358001836
40.69105336995192,81.27027027027027,,1.0,100.0,1.0,-0.2769310277190492
40.98076908798076,81.27027027027027,,1.0,100.0,1.0,-0.2782704179582443
41.27048480600961,81.27027027027027,,1.0,100.0,1.0,-0.2796152703132564
41.56020052403846,81.27027027027027,,1.0,100.0,1.0,-0.2809659675747822
41.8499162420673,81.27027027027027,,1.0,100.0,1.0,-0.2823229106998741
42.13963196009615,81.27027027027027,,1.0,100.0,1.0,-0.2836865179904226
42.429347678125,81.27027027027027,,1.0,100.0,1.0,-0.2850572242810236
42.71906339615384,81.27027027027027,,1.0,100.0,1.0,-0.2864354801378284
43.00877911418269,81.27027027027027,,1.0,100.0,1.0,-0.2878217510700396
43.29849483221154,81.27027027027027,,1.0,100.0,1.0,-0.2892165167555701
43.58821055024038,81.27027027027027,,1.0,100.0,1.0,-0.2906202702824327
43.87792626826923,81.27027027027027,,1.0,100.0,1.0,-0.2920335174070658
44.16764198629807,81.27027027027027,,1.0,100.0,1.0,-0.2934567758311247
44.457357704326924,81.27027027027027,,1.0,100.0,1.0,-0.2948905744977013
44.74707342235577,81.27027027027027,,1.0,100.0,1.0,-0.2963354529082592
45.03678914038461,81.27027027027027,,1.0,100.0,1.0,-0.2977919604612592
45.32650485841346,81.27027027027027,,1.0,100.0,1.0,-0.2992606558134255
45.61622057644231,81.27027027027027,,1.0,100.0,1.0,-0.3007421062644675
45.905936294471154,81.27027027027027,,1.0,100.0,1.0,-0.3022368871662027
46.1956520125,81.27027027027027,,1.0,100.0,1.0,-0.3037455813566049
46.485367730528836,81.27027027027027,,1.0,100.0,1.0,-0.3052687786195607
46.775083448557695,81.27027027027027,,1.0,100.0,1.0,-0.306807075170864
47.06479916658654,81.27027027027027,,1.0,100.0,1.0,-0.3083610731708726
47.35451488461538,81.27027027027027,,1.0,100.0,1.0,-0.3099313802644222
47.644230602644235,81.27027027027027,,1.0,100.0,1.0,-0.3115186091482423
47.93394632067308,81.27027027027027,,1.0,100.0,1.0,-0.3131233771663184
48.22366203870192,81.27027027027027,,1.0,100.0,1.0,-0.3147463059332671
48.51337775673076,81.27027027027027,,1.0,100.0,1.0,-0.3163880209861982
48.80309347475962,81.27027027027027,,1.0,100.0,1.0,-0.3180491514650306
49.092809192788465,81.27027027027027,,1.0,100.0,1.0,-0.3197303298215186
49.38252491081732,81.27027027027027,,1.0,100.0,1.0,-0.3214321915568944
49.67224062884614,81.27027027027027,,1.0,100.0,1.0,-0.3231553749883455
49.96195634687499,81.27027027027027,,1.0,100.0,1.0,-0.3249005210441668
50.25167206490384,81.27027027027027,,1.0,100.0,1.0,-0.3266682730876959
50.54138778293269,81.27027027027027,,1.0,100.0,1.0,-0.3284592767697251
50.83110350096153,81.27027027027027,,1.0,100.0,1.0,-0.3302741799095327
51.120819218990384,81.27027027027027,,1.0,100.0,1.0,-0.3321136324041319
51.41053493701923,81.27027027027027,,1.0,100.0,1.0,-0.3339782861657905
51.70025065504807,81.27027027027027,,1.0,100.0,1.0,-0.3358687950874169
51.98996637307691,81.27027027027027,,1.0,100.0,1.0,-0.337785815035675
52.27968209110577,81.27027027027027,,1.0,100.0,1.0,-0.3397300038715383
52.569397809134614,81.27027027027027,,1.0,100.0,1.0,-0.3417020214980012
52.859113527163466,81.27027027027027,,1.0,100.0,1.0,-0.3437025299346202
53.148829245192296,81.27027027027027,,1.0,100.0,1.0,-0.3457321934185663
53.438544963221155,81.27027027027027,,1.0,100.0,1.0,-0.3477916785318528
53.72826068124999,81.27027027027027,,1.0,100.0,1.0,-0.3498816543543008
54.01797639927885,81.27027027027027,,1.0,100.0,1.0,-0.3520027926419369
54.30769211730768,81.27027027027027,,1.0,100.0,1.0,-0.3541557680303976
54.59740783533653,81.27027027027027,,1.0,100.0,1.0,-0.3563412582629091
54.88712355336538,81.27027027027027,,1.0,100.0,1.0,-0.3585599444424503
55.176839271394236,81.27027027027027,,1.0,100.0,1.0,-0.3608125113075533
55.46655498942307,81.27027027027027,,1.0,100.0,1.0,-0.3630996475315821
55.75627070745192,81.27027027027027,,1.0,100.0,1.0,-0.3654220460446422
56.04598642548078,81.27027027027027,,1.0,100.0,1.0,-0.3677804043780988
56.33570214350961,81.27027027027027,,1.0,100.0,1.0,-0.3701754250308424
56.62541786153845,81.27027027027027,,1.0,100.0,1.0,-0.3726078158571693
56.9151335795673,81.27027027027027,,1.0,100.0,1.0,-0.3750782904756597
57.20484929759615,81.27027027027027,,1.0,100.0,1.0,-0.3775875686986832
57.49456501562499,81.27027027027027,,1.0,100.0,1.0,-0.3801363769818751
57.784280733653844,81.27027027027027,,1.0,100.0,1.0,-0.3827254488935905
58.07399645168269,81.27027027027027,,1.0,100.0,1.0,-0.3853555256033343
58.36371216971153,81.27027027027027,,1.0,100.0,1.0,-0.3880273563891908
58.65342788774037,81.27027027027027,,1.0,100.0,1.0,-0.3907416991634957
58.94314360576924,81.27027027027027,,1.0,100.0,1.0,-0.3934993210167702
59.23285932379808,81.27027027027027,,1.0,100.0,1.0,-0.3963009987788655
59.52257504182691,81.27027027027027,,1.0,100.0,1.0,-0.3991475195976353
59.812290759855756,81.27027027027027,,1.0,100.0,1.0,-0.402039681534191
60.10200647788461,81.27027027027027,,1.0,100.0,1.0,-0.4049782941748149
60.39172219591345,81.27027027027027,,1.0,100.0,1.0,-0.4079641792587531
60.6814379139423,81.27027027027027,,1.0,100.0,1.0,-0.4109981713219324
60.97115363197115,81.27027027027027,,1.0,100.0,1.0,-0.4140811183560712
61.26086934999999,81.27027027027027,,1.0,100.0,1.0,-0.4172138824829322
61.55058506802884,81.27027027027027,,1.0,100.0,1.0,-0.4203973406433853
61.84030078605769,81.27027027027027,,1.0,100.0,1.0,-0.4236323853011293
62.130016504086534,81.27027027027027,,1.0,100.0,1.0,-0.4269199251606779
62.41973222211538,81.27027027027027,,1.0,100.0,1.0,-0.4302608858994524
62.70944794014423,81.27027027027027,,1.0,100.0,1.0,-0.433656210913821
62.999163658173075,81.27027027027027,,1.0,100.0,1.0,-0.4371068620786246
63.288879376201905,81.27027027027027,,1.0,100.0,1.0,-0.4406138205205028
63.578595094230764,81.27027027027027,,1.0,100.0,1.0,-0.4441780874041411
63.868310812259615,81.27027027027027,,1.0,100.0,1.0,-0.4478006847322417
64.15802653028845,81.27027027027027,,1.0,100.0,1.0,-0.4514826561580397
64.4477422483173,81.27027027027027,,1.0,100.0,1.0,-0.4552250678111396
64.73745796634616,81.27027027027027,,1.0,100.0,1.0,-0.4590290091361539
65.027173684375,81.27027027027027,,1.0,100.0,1.0,-0.4628955937440451
65.31688940240385,81.27027027027027,,1.0,100.0,1.0,-0.4668259602764569
65.60660512043269,81.27027027027027,,1.0,100.0,1.0,-0.47082127328256
65.89632083846153,81.27027027027027,,1.0,100.0,1.0,-0.4748827241088755
66.18603655649038,81.27027027027027,,1.0,100.0,1.0,-0.479011531801729
66.47575227451922,81.27027027027027,,1.0,100.0,1.0,-0.4832089440224607
66.76546799254808,81.27027027027027,,1.0,100.0,1.0,-0.487476237975653
67.05518371057693,81.27027027027027,,1.0,100.0,1.0,-0.4918147213500973
67.34489942860577,81.27027027027027,,1.0,100.0,1.0,-0.4962257332729164
67.63461514663462,81.27027027027027,,1.0,100.0,1.0,-0.5007106452766595
67.92433086466346,81.27027027027027,,1.0,100.0,1.0,-0.505270862279804
68.2140465826923,81.27027027027027,,1.0,100.0,1.0,-0.5099078235805588
68.50376230072115,81.27027027027027,,1.0,100.0,1.0,-0.514623003864287
68.79347801875001,81.27027027027027,,1.0,100.0,1.0,-0.5194179142246461
69.08319373677885,81.27027027027027,,1.0,100.0,1.0,-0.5242941031986698
69.3729094548077,81.27027027027027,,1.0,100.0,1.0,-0.5292531578161562
69.66262517283654,81.27027027027027,,1.0,100.0,1.0,-0.5342967046633146
69.95234089086537,81.27027027027027,,1.0,100.0,1.0,-0.5394264109612351
70.24205660889423,81.27027027027027,,1.0,100.0,1.0,-0.5446439856592895
70.53177232692308,81.27027027027027,,1.0,100.0,1.0,-0.5499511805437779
70.82148804495192,81.27027027027027,,1.0,100.0,1.0,-0.5553497913622066
71.11120376298076,81.27027027027027,,1.0,100.0,1.0,-0.5608416589634595
71.40091948100961,81.27027027027027,,1.0,100.0,1.0,-0.5664286704543022
71.69063519903845,81.27027027027027,,1.0,100.0,1.0,-0.5721127603725399
71.9803509170673,81.27027027027027,,1.0,100.0,1.0,-0.5778959118771496
72.27006663509614,81.27027027027027,,1.0,100.0,1.0,-0.5837801579559723
72.55978235312502,81.27027027027027,,1.0,100.0,1.0,-0.5897675826513723
72.84949807115386,81.27027027027027,,1.0,100.0,1.0,-0.5958603223040415
73.13921378918268,81.27027027027027,,1.0,100.0,1.0,-0.6020605668158213
73.42892950721154,81.27027027027027,,1.0,100.0,1.0,-0.6083705609317904
73.71864522524038,81.27027027027027,,1.0,100.0,1.0,-0.6147926055421402
74.00836094326922,81.27027027027027,,1.0,100.0,1.0,-0.621329059004489
74.29807666129807,81.27027027027027,,1.0,100.0,1.0,-0.6279823384870264
74.58779237932691,81.27027027027027,,1.0,100.0,1.0,-0.6347549213332312
74.87750809735577,81.27027027027027,,1.0,100.0,1.0,-0.6416493464485878
75.16722381538462,81.27027027027027,,1.0,100.0,1.0,-0.6486682157101015
75.45693953341345,81.27027027027027,,1.0,100.0,1.0,-0.655814195399012
75.7466552514423,81.27027027027027,,1.0,100.0,1.0,-0.6630900176575725
76.03637096947115,81.27027027027027,,1.0,100.0,1.0,-0.6704984819704991
76.32608668750001,81.27027027027027,,1.0,100.0,1.0,-0.6780424566717458
76.61580240552884,81.27027027027027,,1.0,100.0,1.0,-0.6857248804774237
76.9055181235577,81.27027027027027,,1.0,100.0,1.0,-0.693548764045431
77.19523384158653,81.27027027027027,,1.0,100.0,1.0,-0.7015171915628956
77.48494955961539,81.27027027027027,,1.0,100.0,1.0,-0.7096333223618214
77.77466527764422,81.27027027027027,,1.0,100.0,1.0,-0.717900392564042
78.06438099567308,81.27027027027027,,1.0,100.0,1.0,-0.7263217167562483
78.35409671370192,81.27027027027027,,1.0,100.0,1.0,-0.7349006896959137
78.64381243173077,81.27027027027027,,1.0,100.0,1.0,-0.7436407880489905
78.93352814975961,81.27027027027027,,1.0,100.0,1.0,-0.7525455721606195
79.22324386778845,81.27027027027027,,1.0,100.0,1.0,-0.7616186878591175
79.51295958581731,81.27027027027027,,1.0,100.0,1.0,-0.7708638682950184
79.80267530384614,81.27027027027027,,1.0,100.0,1.0,-0.780284935815543
80.09239102187499,81.27027027027027,,1.0,100.0,1.0,-0.789885803876038
80.38210673990385,81.27027027027027,,1.0,100.0,1.0,-0.7996704789889372
80.67182245793269,81.27027027027027,,1.0,100.0,1.0,-0.8096430627117628
80.96153817596152,81.27027027027027,,1.0,100.0,1.0,-0.8198077536751134
81.25125389399038,81.27027027027027,,1.0,100.0,1.0,-0.8301688496518682
81.54096961201923,81.27027027027027,,1.0,100.0,1.0,-0.8407307496686233
81.83068533004807,81.27027027027027,,1.0,100.0,1.0,-0.8514979561609105
82.12040104807691,81.27027027027027,,1.0,100.0,1.0,-0.8624750771731444
82.41011676610577,81.27027027027027,,1.0,100.0,1.0,-0.8736668286048782
82.6998324841346,81.27027027027027,,1.0,100.0,1.0,-0.8850780365043975
82.98954820216345,81.27027027027027,,1.0,100.0,1.0,-0.8967136394113483
83.2792639201923,81.27027027027027,,1.0,100.0,1.0,-0.9085786907496584
83.56897963822115,81.27027027027027,,1.0,100.0,1.0,-0.9206783612721952
83.85869535625,81.27027027027027,,1.0,100.0,1.0,-0.9330179415587492
84.14841107427884,81.27027027027027,,1.0,100.0,1.0,-0.945602844568739
84.43812679230768,81.27027027027027,,1.0,100.0,1.0,-0.9584386082505056
84.72784251033653,81.27027027027027,,1.0,100.0,1.0,-0.971530898208566
85.01755822836537,81.27027027027027,,1.0,100.0,1.0,-0.9848855104305844
1.0,83.94594594594595,,1.0,100.0,1.0,-0.3797522893188941
1.289715718028846,83.94594594594595,,1.0,100.0,1.0,-0.3740557490833945
1.5794314360576922,83.94594594594595,,1.0,100.0,1.0,-0.3684719002049531
1.8691471540865385,83.94594594594595,,1.0,100.0,1.0,-0.3630004060632922
2.1588628721153844,83.94594594594595,,1.0,100.0,1.0,-0.357640907199019
2.4485785901442307,83.94594594594595,,1.0,100.0,1.0,-0.3523930225008332
2.738294308173077,83.94594594594595,,1.0,100.0,1.0,-0.3472563502682651
3.028010026201923,83.94594594594595,,1.0,100.0,1.0,-0.3422304691555488
3.3177257442307693,83.94594594594595,,1.0,100.0,1.0,-0.3373149390025847
3.607441462259615,83.94594594594595,,1.0,100.0,1.0,-0.3325093015586293
3.897157180288461,83.94594594594595,,1.0,100.0,1.0,-0.3278130811044011
4.186872898317307,83.94594594594595,,1.0,100.0,1.0,-0.3232257849782288
4.476588616346154,83.94594594594595,,1.0,100.0,1.0,-0.3187469040118872
4.766304334375,83.94594594594595,,1.0,100.0,1.0,-0.3143759128814909
5.056020052403846,83.94594594594595,,1.0,100.0,1.0,-0.3101122703791122
5.345735770432693,83.94594594594595,,1.0,100.0,1.0,-0.3059554196103482
5.6354514884615385,83.94594594594595,,1.0,100.0,1.0,-0.3019047881233514
5.925167206490385,83.94594594594595,,1.0,100.0,1.0,-0.2979597879745393
6.21488292451923,83.94594594594595,,1.0,100.0,1.0,-0.2941198157362978
6.504598642548077,83.94594594594595,,1.0,100.0,1.0,-0.2903842524517685
6.794314360576923,83.94594594594595,,1.0,100.0,1.0,-0.286752463541965
7.084030078605768,83.94594594594595,,1.0,100.0,1.0,-0.2832237986702311
7.373745796634614,83.94594594594595,,1.0,100.0,1.0,-0.2797975915689143
7.663461514663462,83.94594594594595,,1.0,100.0,1.0,-0.2764731598333783
7.9531772326923065,83.94594594594595,,1.0,100.0,1.0,-0.2732498046880414
8.242892950721153,83.94594594594595,,1.0,100.0,1.0,-0.2701268107292105
8.53260866875,83.94594594594595,,1.0,100.0,1.0,-0.2671034456494055
8.822324386778845,83.94594594594595,,1.0,100.0,1.0,-0.2641789599477681
9.112040104807692,83.94594594594595,,1.0,100.0,1.0,-0.2613525866309645
9.401755822836538,83.94594594594595,,1.0,100.0,1.0,-0.2586235409090502
9.691471540865384,83.94594594594595,,1.0,100.0,1.0,-0.2559910198904611
9.98118725889423,83.94594594594595,,1.0,100.0,1.0,-0.2534542022803668
10.270902976923075,83.94594594594595,,1.0,100.0,1.0,-0.2510122480864079
10.560618694951922,83.94594594594595,,1.0,100.0,1.0,-0.2486642983357102
10.850334412980768,83.94594594594595,,1.0,100.0,1.0,-0.2464094748069495
11.140050131009614,83.94594594594595,,1.0,100.0,1.0,-0.2442468797811488
11.42976584903846,83.94594594594595,,1.0,100.0,1.0,-0.2421755958147152
11.719481567067307,83.94594594594595,,1.0,100.0,1.0,-0.2401946855380301
12.009197285096153,83.94594594594595,,1.0,100.0,1.0,-0.2383031914828117
12.298913003125,83.94594594594595,,1.0,100.0,1.0,-0.2365001359413253
12.588628721153844,83.94594594594595,,1.0,100.0,1.0,-0.2347845208602818
12.87834443918269,83.94594594594595,,1.0,100.0,1.0,-0.2331553277721273
13.168060157211537,83.94594594594595,,1.0,100.0,1.0,-0.2316115177663013
13.457775875240383,83.94594594594595,,1.0,100.0,1.0,-0.2301520315027101
13.747491593269228,83.94594594594595,,1.0,100.0,1.0,-0.2287757892697264
14.037207311298074,83.94594594594595,,1.0,100.0,1.0,-0.2274816910884822
14.32692302932692,83.94594594594595,,1.0,100.0,1.0,-0.2262686168654508
14.616638747355767,83.94594594594595,,1.0,100.0,1.0,-0.225135426594657
14.906354465384615,83.94594594594595,,1.0,100.0,1.0,-0.224080960611083
15.196070183413461,83.94594594594595,,1.0,100.0,1.0,-0.223104039896228
15.485785901442307,83.94594594594595,,1.0,100.0,1.0,-0.2222034664370035
15.775501619471152,83.94594594594595,,1.0,100.0,1.0,-0.2213780236383901
16.0652173375,83.94594594594595,,1.0,100.0,1.0,-0.2206264767906927
16.354933055528846,83.94594594594595,,1.0,100.0,1.0,-0.2199475735913882
16.64464877355769,83.94594594594595,,1.0,100.0,1.0,-0.2193400447218702
16.93436449158654,83.94594594594595,,1.0,100.0,1.0,-0.2188026044788592
17.224080209615384,83.94594594594595,,1.0,100.0,1.0,-0.2183339514600213
17.51379592764423,83.94594594594595,,1.0,100.0,1.0,-0.2179327693034082
17.803511645673076,83.94594594594595,,1.0,100.0,1.0,-0.2175977274797736
18.093227363701924,83.94594594594595,,1.0,100.0,1.0,-0.2173274821367719
18.38294308173077,83.94594594594595,,1.0,100.0,1.0,-0.2171206769938967
18.672658799759613,83.94594594594595,,1.0,100.0,1.0,-0.2169759442866616
18.96237451778846,83.94594594594595,,1.0,100.0,1.0,-0.2168919057583542
19.252090235817306,83.94594594594595,,1.0,100.0,1.0,-0.216867173697629
19.541805953846154,83.94594594594595,,1.0,100.0,1.0,-0.2169003520198759
19.831521671875,83.94594594594595,,1.0,100.0,1.0,-0.216990037390086
20.121237389903843,83.94594594594595,,1.0,100.0,1.0,-0.2171348203849794
20.41095310793269,83.94594594594595,,1.0,100.0,1.0,-0.2173332866916871
20.700668825961536,83.94594594594595,,1.0,100.0,1.0,-0.2175840183403397
20.99038454399038,83.94594594594595,,1.0,100.0,1.0,-0.2178855949677999
21.28010026201923,83.94594594594595,,1.0,100.0,1.0,-0.218236595109306
21.569815980048077,83.94594594594595,,1.0,100.0,1.0,-0.2186355975151363
21.85953169807692,83.94594594594595,,1.0,100.0,1.0,-0.2190811824888969
22.14924741610577,83.94594594594595,,1.0,100.0,1.0,-0.2195719332441524
22.438963134134614,83.94594594594595,,1.0,100.0,1.0,-0.2201064372759719
22.728678852163462,83.94594594594595,,1.0,100.0,1.0,-0.2206832877438216
23.018394570192307,83.94594594594595,,1.0,100.0,1.0,-0.221301084862281
23.308110288221158,83.94594594594595,,1.0,100.0,1.0,-0.2219584372959623
23.59782600625,83.94594594594595,,1.0,100.0,1.0,-0.2226539635549882
23.88754172427884,83.94594594594595,,1.0,100.0,1.0,-0.2233862933873006
24.17725744230769,83.94594594594595,,1.0,100.0,1.0,-0.2241540691642276
24.46697316033654,83.94594594594595,,1.0,100.0,1.0,-0.2249559472556104
24.75668887836538,83.94594594594595,,1.0,100.0,1.0,-0.2257905993908682
25.046404596394233,83.94594594594595,,1.0,100.0,1.0,-0.2266567140024533
25.336120314423074,83.94594594594595,,1.0,100.0,1.0,-0.227552997548172
25.62583603245192,83.94594594594595,,1.0,100.0,1.0,-0.2284781758089362
25.915551750480766,83.94594594594595,,1.0,100.0,1.0,-0.229430995158654
26.205267468509614,83.94594594594595,,1.0,100.0,1.0,-0.2304102238029691
26.494983186538455,83.94594594594595,,1.0,100.0,1.0,-0.2314146529837336
26.78469890456731,83.94594594594595,,1.0,100.0,1.0,-0.2324430981463454
27.074414622596148,83.94594594594595,,1.0,100.0,1.0,-0.2334944000669611
27.364130340624996,83.94594594594595,,1.0,100.0,1.0,-0.2345674259370593
27.65384605865384,83.94594594594595,,1.0,100.0,1.0,-0.2356610704026829
27.94356177668269,83.94594594594595,,1.0,100.0,1.0,-0.2367742565562279
28.233277494711533,83.94594594594595,,1.0,100.0,1.0,-0.2379059368784656
28.52299321274039,83.94594594594595,,1.0,100.0,1.0,-0.2390550941288944
28.812708930769226,83.94594594594595,,1.0,100.0,1.0,-0.2402207421826961
29.102424648798074,83.94594594594595,,1.0,100.0,1.0,-0.2414019268127085
29.392140366826922,83.94594594594595,,1.0,100.0,1.0,-0.2425977264150408
29.681856084855767,83.94594594594595,,1.0,100.0,1.0,-0.2438072526772077
29.97157180288462,83.94594594594595,,1.0,100.0,1.0,-0.2450296511878503
30.261287520913456,83.94594594594595,,1.0,100.0,1.0,-0.2462641019873068
30.551003238942304,83.94594594594595,,1.0,100.0,1.0,-0.2475098200584107
30.84071895697115,83.94594594594595,,1.0,100.0,1.0,-0.2487660557573797
31.130434674999997,83.94594594594595,,1.0,100.0,1.0,-0.2500320951844255
31.420150393028845,83.94594594594595,,1.0,100.0,1.0,-0.2513072604943752
31.709866111057696,83.94594594594595,,1.0,100.0,1.0,-0.2525909101473111
31.999581829086537,83.94594594594595,,1.0,100.0,1.0,-0.2538824390998766
32.28929754711538,83.94594594594595,,1.0,100.0,1.0,-0.2551812789377126
32.579013265144226,83.94594594594595,,1.0,100.0,1.0,-0.2564868979498166
32.86872898317308,83.94594594594595,,1.0,100.0,1.0,-0.2577988011457369
33.15844470120192,83.94594594594595,,1.0,100.0,1.0,-0.2591165302167212
33.44816041923077,83.94594594594595,,1.0,100.0,1.0,-0.260439663441954
33.73787613725961,83.94594594594595,,1.0,100.0,1.0,-0.2617678155412227
34.02759185528846,83.94594594594595,,1.0,100.0,1.0,-0.2631006374756245
34.31730757331731,83.94594594594595,,1.0,100.0,1.0,-0.2644378161976228
34.60702329134615,83.94594594594595,,1.0,100.0,1.0,-0.2657790743524062
34.896739009375,83.94594594594595,,1.0,100.0,1.0,-0.2671241699320703
35.18645472740385,83.94594594594595,,1.0,100.0,1.0,-0.2684728958847527
35.476170445432686,83.94594594594595,,1.0,100.0,1.0,-0.2698250796804339
35.76588616346154,83.94594594594595,,1.0,100.0,1.0,-0.2711805828355255
36.05560188149038,83.94594594594595,,1.0,100.0,1.0,-0.2725393003983819
36.34531759951923,83.94594594594595,,1.0,100.0,1.0,-0.2739011603976757
36.63503331754807,83.94594594594595,,1.0,100.0,1.0,-0.2752661232561181
36.92474903557693,83.94594594594595,,1.0,100.0,1.0,-0.2766341811714355
37.21446475360577,83.94594594594595,,1.0,100.0,1.0,-0.278005357467139
37.50418047163461,83.94594594594595,,1.0,100.0,1.0,-0.2793797059151981
37.79389618966346,83.94594594594595,,1.0,100.0,1.0,-0.2807573100330626
38.08361190769231,83.94594594594595,,1.0,100.0,1.0,-0.2821382823572321
38.37332762572115,83.94594594594595,,1.0,100.0,1.0,-0.283522763695901
38.66304334375,83.94594594594595,,1.0,100.0,1.0,-0.2849109223627841
38.95275906177885,83.94594594594595,,1.0,100.0,1.0,-0.2863029533947173
39.24247477980769,83.94594594594595,,1.0,100.0,1.0,-0.2876990777551285
39.53219049783654,83.94594594594595,,1.0,100.0,1.0,-0.2890995415258516
39.82190621586538,83.94594594594595,,1.0,100.0,1.0,-0.2905046150895295
40.111621933894234,83.94594594594595,,1.0,100.0,1.0,-0.2919145923047146
40.40133765192307,83.94594594594595,,1.0,100.0,1.0,-0.293329789676193
40.69105336995192,83.94594594594595,,1.0,100.0,1.0,-0.2947505455223255
40.98076908798076,83.94594594594595,,1.0,100.0,1.0,-0.296177219141814
41.27048480600961,83.94594594594595,,1.0,100.0,1.0,-0.2976101899818258
41.56020052403846,83.94594594594595,,1.0,100.0,1.0,-0.299049856809506
41.8499162420673,83.94594594594595,,1.0,100.0,1.0,-0.3004966368887531
42.13963196009615,83.94594594594595,,1.0,100.0,1.0,-0.3019509651642944
42.429347678125,83.94594594594595,,1.0,100.0,1.0,-0.3034132934545757
42.71906339615384,83.94594594594595,,1.0,100.0,1.0,-0.3048840896554803
43.00877911418269,83.94594594594595,,1.0,100.0,1.0,-0.3063638369562618
43.29849483221154,83.94594594594595,,1.0,100.0,1.0,-0.3078530330693594
43.58821055024038,83.94594594594595,,1.0,100.0,1.0,-0.3093521894755864
43.87792626826923,83.94594594594595,,1.0,100.0,1.0,-0.3108618306859209
44.16764198629807,83.94594594594595,,1.0,100.0,1.0,-0.3123824935214111
44.457357704326924,83.94594594594595,,1.0,100.0,1.0,-0.3139147264121774
44.74707342235577,83.94594594594595,,1.0,100.0,1.0,-0.3154590887168574
45.03678914038461,83.94594594594595,,1.0,100.0,1.0,-0.3170161500633087
45.32650485841346,83.94594594594595,,1.0,100.0,1.0,-0.318586489711708
45.61622057644231,83.94594594594595,,1.0,100.0,1.0,-0.3201706959408824
45.905936294471154,83.94594594594595,,1.0,100.0,1.0,-0.3217693654586253
46.1956520125,83.94594594594595,,1.0,100.0,1.0,-0.3233831028367047
46.485367730528836,83.94594594594595,,1.0,100.0,1.0,-0.3250125199714506
46.775083448557695,83.94594594594595,,1.0,100.0,1.0,-0.3266582355701084
47.06479916658654,83.94594594594595,,1.0,100.0,1.0,-0.3283208746639066
47.35451488461538,83.94594594594595,,1.0,100.0,1.0,-0.3300010681479742
47.644230602644235,83.94594594594595,,1.0,100.0,1.0,-0.3316994523486313
47.93394632067308,83.94594594594595,,1.0,100.0,1.0,-0.3334166686185337
48.22366203870192,83.94594594594595,,1.0,100.0,1.0,-0.335153362959586
48.51337775673076,83.94594594594595,,1.0,100.0,1.0,-0.3369101856742248
48.80309347475962,83.94594594594595,,1.0,100.0,1.0,-0.3386877910451242
49.092809192788465,83.94594594594595,,1.0,100.0,1.0,-0.3404868370433285
49.38252491081732,83.94594594594595,,1.0,100.0,1.0,-0.3423079850650937
49.67224062884614,83.94594594594595,,1.0,100.0,1.0,-0.3441518996974289
49.96195634687499,83.94594594594595,,1.0,100.0,1.0,-0.3460192485121336
50.25167206490384,83.94594594594595,,1.0,100.0,1.0,-0.3479107018887213
50.54138778293269,83.94594594594595,,1.0,100.0,1.0,-0.3498269328657251
50.83110350096153,83.94594594594595,,1.0,100.0,1.0,-0.3517686170205029
51.120819218990384,83.94594594594595,,1.0,100.0,1.0,-0.3537364323773793
51.41053493701923,83.94594594594595,,1.0,100.0,1.0,-0.3557310593439078
51.70025065504807,83.94594594594595,,1.0,100.0,1.0,-0.3577531806750853
51.98996637307691,83.94594594594595,,1.0,100.0,1.0,-0.3598034814652106
52.27968209110577,83.94594594594595,,1.0,100.0,1.0,-0.3618826491673036
52.569397809134614,83.94594594594595,,1.0,100.0,1.0,-0.363991373639521
52.859113527163466,83.94594594594595,,1.0,100.0,1.0,-0.3661303472186318
53.148829245192296,83.94594594594595,,1.0,100.0,1.0,-0.3683002648198125
53.438544963221155,83.94594594594595,,1.0,100.0,1.0,-0.3705018240628143
53.72826068124999,83.94594594594595,,1.0,100.0,1.0,-0.3727357254238401
54.01797639927885,83.94594594594595,,1.0,100.0,1.0,-0.3750026724128236
54.30769211730768,83.94594594594595,,1.0,100.0,1.0,-0.3773033717759554
54.59740783533653,83.94594594594595,,1.0,100.0,1.0,-0.3796385337225976
54.88712355336538,83.94594594594595,,1.0,100.0,1.0,-0.382008872176627
55.176839271394236,83.94594594594595,,1.0,100.0,1.0,-0.3844151050514286
55.46655498942307,83.94594594594595,,1.0,100.0,1.0,-0.3868579545483946
55.75627070745192,83.94594594594595,,1.0,100.0,1.0,-0.3893381474781621
56.04598642548078,83.94594594594595,,1.0,100.0,1.0,-0.3918564156045931
56.33570214350961,83.94594594594595,,1.0,100.0,1.0,-0.3944134960104851
56.62541786153845,83.94594594594595,,1.0,100.0,1.0,-0.3970101314851476
56.9151335795673,83.94594594594595,,1.0,100.0,1.0,-0.3996470709329333
57.20484929759615,83.94594594594595,,1.0,100.0,1.0,-0.4023250698025586
57.49456501562499,83.94594594594595,,1.0,100.0,1.0,-0.4050448905365947
57.784280733653844,83.94594594594595,,1.0,100.0,1.0,-0.4078073030409066
58.07399645168269,83.94594594594595,,1.0,100.0,1.0,-0.4106130851733742
58.36371216971153,83.94594594594595,,1.0,100.0,1.0,-0.4134630232515609
58.65342788774037,83.94594594594595,,1.0,100.0,1.0,-0.4163579125790392
58.94314360576924,83.94594594594595,,1.0,100.0,1.0,-0.4192985579897653
59.23285932379808,83.94594594594595,,1.0,100.0,1.0,-0.4222857744101636
59.52257504182691,83.94594594594595,,1.0,100.0,1.0,-0.4253203874387472
59.812290759855756,83.94594594594595,,1.0,100.0,1.0,-0.428403233942465
60.10200647788461,83.94594594594595,,1.0,100.0,1.0,-0.4315351626699327
60.39172219591345,83.94594594594595,,1.0,100.0,1.0,-0.434717034880784
60.6814379139423,83.94594594594595,,1.0,100.0,1.0,-0.4379497249910157
60.97115363197115,83.94594594594595,,1.0,100.0,1.0,-0.4412341212340068
61.26086934999999,83.94594594594595,,1.0,100.0,1.0,-0.4445711263368084
61.55058506802884,83.94594594594595,,1.0,100.0,1.0,-0.4479616582115521
61.84030078605769,83.94594594594595,,1.0,100.0,1.0,-0.4514066506616306
62.130016504086534,83.94594594594595,,1.0,100.0,1.0,-0.4549070541023732
62.41973222211538,83.94594594594595,,1.0,100.0,1.0,-0.4584638362960991
62.70944794014423,83.94594594594595,,1.0,100.0,1.0,-0.4620779831011897
62.999163658173075,83.94594594594595,,1.0,100.0,1.0,-0.4657504992351404
63.288879376201905,83.94594594594595,,1.0,100.0,1.0,-0.4694824090513194
63.578595094230764,83.94594594594595,,1.0,100.0,1.0,-0.4732747573291985
63.868310812259615,83.94594594594595,,1.0,100.0,1.0,-0.4771286100781423
64.15802653028845,83.94594594594595,,1.0,100.0,1.0,-0.4810450553544833
64.4477422483173,83.94594594594595,,1.0,100.0,1.0,-0.485025204091675
64.73745796634616,83.94594594594595,,1.0,100.0,1.0,-0.4890701909437127
65.027173684375,83.94594594594595,,1.0,100.0,1.0,-0.4931811751416004
65.31688940240385,83.94594594594595,,1.0,100.0,1.0,-0.4973593413627496
65.60660512043269,83.94594594594595,,1.0,100.0,1.0,-0.5016059006134919
65.89632083846153,83.94594594594595,,1.0,100.0,1.0,-0.5059220911244162
66.18603655649038,83.94594594594595,,1.0,100.0,1.0,-0.510309179258991
66.47575227451922,83.94594594594595,,1.0,100.0,1.0,-0.5147684604348899
66.76546799254808,83.94594594594595,,1.0,100.0,1.0,-0.5193012600586181
67.05518371057693,83.94594594594595,,1.0,100.0,1.0,-0.523908934473347
67.34489942860577,83.94594594594595,,1.0,100.0,1.0,-0.5285928719197974
67.63461514663462,83.94594594594595,,1.0,100.0,1.0,-0.5333544935106991
67.92433086466346,83.94594594594595,,1.0,100.0,1.0,-0.5381952542185989
68.2140465826923,83.94594594594595,,1.0,100.0,1.0,-0.5431166438774204
68.50376230072115,83.94594594594595,,1.0,100.0,1.0,-0.5481201881977803
68.79347801875001,83.94594594594595,,1.0,100.0,1.0,-0.5532074497963174
69.08319373677885,83.94594594594595,,1.0,100.0,1.0,-0.5583800292391983
69.3729094548077,83.94594594594595,,1.0,100.0,1.0,-0.5636395661001279
69.66262517283654,83.94594594594595,,1.0,100.0,1.0,-0.5689877400329313
69.95234089086537,83.94594594594595,,1.0,100.0,1.0,-0.5744262718591547
70.24205660889423,83.94594594594595,,1.0,100.0,1.0,-0.5799569246707952
70.53177232692308,83.94594594594595,,1.0,100.0,1.0,-0.5855815049486772
70.82148804495192,83.94594594594595,,1.0,100.0,1.0,-0.5913018636964905
71.11120376298076,83.94594594594595,,1.0,100.0,1.0,-0.597119897591115
71.40091948100961,83.94594594594595,,1.0,100.0,1.0,-0.6030375501494258
71.69063519903845,83.94594594594595,,1.0,100.0,1.0,-0.6090568129120639
71.9803509170673,83.94594594594595,,1.0,100.0,1.0,-0.6151797266442964
72.27006663509614,83.94594594594595,,1.0,100.0,1.0,-0.6214083825548636
72.55978235312502,83.94594594594595,,1.0,100.0,1.0,-0.6277449235327945
72.84949807115386,83.94594594594595,,1.0,100.0,1.0,-0.634191545402795
73.13921378918268,83.94594594594595,,1.0,100.0,1.0,-0.6407504981997697
73.42892950721154,83.94594594594595,,1.0,100.0,1.0,-0.6474240874628789
73.71864522524038,83.94594594594595,,1.0,100.0,1.0,-0.6542146755495979
74.00836094326922,83.94594594594595,,1.0,100.0,1.0,-0.6611246829704924
74.29807666129807,83.94594594594595,,1.0,100.0,1.0,-0.668156589744986
74.58779237932691,83.94594594594595,,1.0,100.0,1.0,-0.675312936778879
74.87750809735577,83.94594594594595,,1.0,100.0,1.0,-0.6825963272643362
75.16722381538462,83.94594594594595,,1.0,100.0,1.0,-0.6900094281025108
75.45693953341345,83.94594594594595,,1.0,100.0,1.0,-0.6975549713499718
75.7466552514423,83.94594594594595,,1.0,100.0,1.0,-0.7052357556891071
76.03637096947115,83.94594594594595,,1.0,100.0,1.0,-0.7130546479236847
76.32608668750001,83.94594594594595,,1.0,100.0,1.0,-0.7210145844997206
76.61580240552884,83.94594594594595,,1.0,100.0,1.0,-0.7291185730528316
76.9055181235577,83.94594594594595,,1.0,100.0,1.0,-0.73736969398254
77.19523384158653,83.94594594594595,,1.0,100.0,1.0,-0.7457711020544868
77.48494955961539,83.94594594594595,,1.0,100.0,1.0,-0.7543260280311477
77.77466527764422,83.94594594594595,,1.0,100.0,1.0,-0.7630377803320809
78.06438099567308,83.94594594594595,,1.0,100.0,1.0,-0.7719097467243973
78.35409671370192,83.94594594594595,,1.0,100.0,1.0,-0.780945396044301
78.64381243173077,83.94594594594595,,1.0,100.0,1.0,-0.790148279950798
78.93352814975961,83.94594594594595,,1.0,100.0,1.0,-0.799522034712257
79.22324386778845,83.94594594594595,,1.0,100.0,1.0,-0.8090703830269014
79.51295958581731,83.94594594594595,,1.0,100.0,1.0,-0.8187971358781199
79.80267530384614,83.94594594594595,,1.0,100.0,1.0,-0.8287061944257913
80.09239102187499,83.94594594594595,,1.0,100.0,1.0,-0.8388015519343095
80.38210673990385,83.94594594594595,,1.0,100.0,1.0,-0.8490872957388237
80.67182245793269,83.94594594594595,,1.0,100.0,1.0,-0.8595676092503088
80.96153817596152,83.94594594594595,,1.0,100.0,1.0,-0.8702467740010437
81.25125389399038,83.94594594594595,,1.0,100.0,1.0,-0.8811291717311787
81.54096961201923,83.94594594594595,,1.0,100.0,1.0,-0.8922192865181987
81.83068533004807,83.94594594594595,,1.0,100.0,1.0,-0.9035217069497616
82.12040104807691,83.94594594594595,,1.0,100.0,1.0,-0.9150411283419626
82.41011676610577,83.94594594594595,,1.0,100.0,1.0,-0.926782355003517
82.6998324841346,83.94594594594595,,1.0,100.0,1.0,-0.9387503025479528
82.98954820216345,83.94594594594595,,1.0,100.0,1.0,-0.950950000254734
83.2792639201923,83.94594594594595,,1.0,100.0,1.0,-0.9633865934806448
83.56897963822115,83.94594594594595,,1.0,100.0,1.0,-0.9760653461233224
83.85869535625,83.94594594594595,,1.0,100.0,1.0,-0.988991643138199
1.0,86.62162162162163,,1.0,100.0,1.0,-0.3890257372115565
1.289715718028846,86.62162162162163,,1.0,100.0,1.0,-0.3834145179283035
1.5794314360576922,86.62162162162163,,1.0,100.0,1.0,-0.3779142812730344
1.8691471540865385,86.62162162162163,,1.0,100.0,1.0,-0.3725247817007468
2.1588628721153844,86.62162162162163,,1.0,100.0,1.0,-0.3672457468542465
2.4485785901442307,86.62162162162163,,1.0,100.0,1.0,-0.3620768788705025
2.738294308173077,86.62162162162163,,1.0,100.0,1.0,-0.357017855561425
3.028010026201923,86.62162162162163,,1.0,100.0,1.0,-0.3520683314746927
3.3177257442307693,86.62162162162163,,1.0,100.0,1.0,-0.3472279388404471
3.607441462259615,86.62162162162163,,1.0,100.0,1.0,-0.3424962884096301
3.897157180288461,86.62162162162163,,1.0,100.0,1.0,-0.3378729701894358
4.186872898317307,86.62162162162163,,1.0,100.0,1.0,-0.3333575540816665
4.476588616346154,86.62162162162163,,1.0,100.0,1.0,-0.3289495904293501
4.766304334375,86.62162162162163,,1.0,100.0,1.0,-0.324648610477257
5.056020052403846,86.62162162162163,,1.0,100.0,1.0,-0.3204541267515922
5.345735770432693,86.62162162162163,,1.0,100.0,1.0,-0.3163656333643936
5.6354514884615385,86.62162162162163,,1.0,100.0,1.0,-0.3123826062478239
5.925167206490385,86.62162162162163,,1.0,100.0,1.0,-0.3085045033236641
6.21488292451923,86.62162162162163,,1.0,100.0,1.0,-0.3047307646132529
6.504598642548077,86.62162162162163,,1.0,100.0,1.0,-0.3010608122929227
6.794314360576923,86.62162162162163,,1.0,100.0,1.0,-0.297494050700109
7.084030078605768,86.62162162162163,,1.0,100.0,1.0,-0.2940298662950316
7.373745796634614,86.62162162162163,,1.0,100.0,1.0,-0.2906676275829871
7.663461514663462,86.62162162162163,,1.0,100.0,1.0,-0.2874066850020727
7.9531772326923065,86.62162162162163,,1.0,100.0,1.0,-0.2842463707810871
8.242892950721153,86.62162162162163,,1.0,100.0,1.0,-0.2811859987724223
8.53260866875,86.62162162162163,,1.0,100.0,1.0,-0.27822486426448
8.822324386778845,86.62162162162163,,1.0,100.0,1.0,-0.2753622437781572
9.112040104807692,86.62162162162163,,1.0,100.0,1.0,-0.2725973948518616
9.401755822836538,86.62162162162163,,1.0,100.0,1.0,-0.2699295558194083
9.691471540865384,86.62162162162163,,1.0,100.0,1.0,-0.2673579455849444
9.98118725889423,86.62162162162163,,1.0,100.0,1.0,-0.2648817633991376
10.270902976923075,86.62162162162163,,1.0,100.0,1.0,-0.2625001886405691
10.560618694951922,86.62162162162163,,1.0,100.0,1.0,-0.2602123806061666
10.850334412980768,86.62162162162163,,1.0,100.0,1.0,-0.258017478314564
11.140050131009614,86.62162162162163,,1.0,100.0,1.0,-0.2559146003258807
11.42976584903846,86.62162162162163,,1.0,100.0,1.0,-0.2539028445814771
11.719481567067307,86.62162162162163,,1.0,100.0,1.0,-0.2519812882669809
12.009197285096153,86.62162162162163,,1.0,100.0,1.0,-0.2501489877018157
12.298913003125,86.62162162162163,,1.0,100.0,1.0,-0.2484049782582214
12.588628721153844,86.62162162162163,,1.0,100.0,1.0,-0.2467482743126544
12.87834443918269,86.62162162162163,,1.0,100.0,1.0,-0.2451778692322413
13.168060157211537,86.62162162162163,,1.0,100.0,1.0,-0.2436927353988669
13.457775875240383,86.62162162162163,,1.0,100.0,1.0,-0.2422918242731377
13.747491593269228,86.62162162162163,,1.0,100.0,1.0,-0.2409740665005667
14.037207311298074,86.62162162162163,,1.0,100.0,1.0,-0.2397383720616732
14.32692302932692,86.62162162162163,,1.0,100.0,1.0,-0.2385836304680978
14.616638747355767,86.62162162162163,,1.0,100.0,1.0,-0.2375087110060315
14.906354465384615,86.62162162162163,,1.0,100.0,1.0,-0.2365124630285595
15.196070183413461,86.62162162162163,,1.0,100.0,1.0,-0.2355937162979097
15.485785901442307,86.62162162162163,,1.0,100.0,1.0,-0.234751281378729
15.775501619471152,86.62162162162163,,1.0,100.0,1.0,-0.2339839500830247
16.0652173375,86.62162162162163,,1.0,100.0,1.0,-0.2332904959674245
16.354933055528846,86.62162162162163,,1.0,100.0,1.0,-0.2326696748829506
16.64464877355769,86.62162162162163,,1.0,100.0,1.0,-0.2321202255775231
16.93436449158654,86.62162162162163,,1.0,100.0,1.0,-0.2316408703511137
17.224080209615384,86.62162162162163,,1.0,100.0,1.0,-0.231230315763112
17.51379592764423,86.62162162162163,,1.0,100.0,1.0,-0.2308872533914512
17.803511645673076,86.62162162162163,,1.0,100.0,1.0,-0.2306103606427854
18.093227363701924,86.62162162162163,,1.0,100.0,1.0,-0.2303983016126315
18.38294308173077,86.62162162162163,,1.0,100.0,1.0,-0.2302497279945271
18.672658799759613,86.62162162162163,,1.0,100.0,1.0,-0.2301632800365442
18.96237451778846,86.62162162162163,,1.0,100.0,1.0,-0.2301375875438558
19.252090235817306,86.62162162162163,,1.0,100.0,1.0,-0.2301712709254919
19.541805953846154,86.62162162162163,,1.0,100.0,1.0,-0.2302629422832762
19.831521671875,86.62162162162163,,1.0,100.0,1.0,-0.2304112065408654
20.121237389903843,86.62162162162163,,1.0,100.0,1.0,-0.2306146626106732
20.41095310793269,86.62162162162163,,1.0,100.0,1.0,-0.2308719045960084
20.700668825961536,86.62162162162163,,1.0,100.0,1.0,-0.2311815230259528
20.99038454399038,86.62162162162163,,1.0,100.0,1.0,-0.2315421061201657
21.28010026201923,86.62162162162163,,1.0,100.0,1.0,-0.2319522410806675
21.569815980048077,86.62162162162163,,1.0,100.0,1.0,-0.2324105154076344
21.85953169807692,86.62162162162163,,1.0,100.0,1.0,-0.232915518235871
22.14924741610577,86.62162162162163,,1.0,100.0,1.0,-0.2334658416890194
22.438963134134614,86.62162162162163,,1.0,100.0,1.0,-0.2340600822478468
22.728678852163462,86.62162162162163,,1.0,100.0,1.0,-0.2346968421293629
23.018394570192307,86.62162162162163,,1.0,100.0,1.0,-0.2353747306732415
23.308110288221158,86.62162162162163,,1.0,100.0,1.0,-0.2360923657320723
23.59782600625,86.62162162162163,,1.0,100.0,1.0,-0.2368483750617752
23.88754172427884,86.62162162162163,,1.0,100.0,1.0,-0.2376413977087086
24.17725744230769,86.62162162162163,,1.0,100.0,1.0,-0.2384700853898781
24.46697316033654,86.62162162162163,,1.0,100.0,1.0,-0.2393331038625955
24.75668887836538,86.62162162162163,,1.0,100.0,1.0,-0.2402291342801722
25.046404596394233,86.62162162162163,,1.0,100.0,1.0,-0.2411568745301059
25.336120314423074,86.62162162162163,,1.0,100.0,1.0,-0.2421150405512764
25.62583603245192,86.62162162162163,,1.0,100.0,1.0,-0.2431023676269189
25.915551750480766,86.62162162162163,,1.0,100.0,1.0,-0.2441176116499641
26.205267468509614,86.62162162162163,,1.0,100.0,1.0,-0.2451595503576791
26.494983186538455,86.62162162162163,,1.0,100.0,1.0,-0.2462269845325025
26.78469890456731,86.62162162162163,,1.0,100.0,1.0,-0.2473187391661707
27.074414622596148,86.62162162162163,,1.0,100.0,1.0,-0.248433664584354
27.364130340624996,86.62162162162163,,1.0,100.0,1.0,-0.2495706375291423
27.65384605865384,86.62162162162163,,1.0,100.0,1.0,-0.2507285621968927
27.94356177668269,86.62162162162163,,1.0,100.0,1.0,-0.2519063712292436
28.233277494711533,86.62162162162163,,1.0,100.0,1.0,-0.2531030266549352
28.52299321274039,86.62162162162163,,1.0,100.0,1.0,-0.2543175207807837
28.812708930769226,86.62162162162163,,1.0,100.0,1.0,-0.2555488770298166
29.102424648798074,86.62162162162163,,1.0,100.0,1.0,-0.2567961507251241
29.392140366826922,86.62162162162163,,1.0,100.0,1.0,-0.2580584298180366
29.681856084855767,86.62162162162163,,1.0,100.0,1.0,-0.2593348355594705
29.97157180288462,86.62162162162163,,1.0,100.0,1.0,-0.2606245231134602
30.261287520913456,86.62162162162163,,1.0,100.0,1.0,-0.2619266821121709
30.551003238942304,86.62162162162163,,1.0,100.0,1.0,-0.263240537151735
30.84071895697115,86.62162162162163,,1.0,100.0,1.0,-0.2645653482286738
31.130434674999997,86.62162162162163,,1.0,100.0,1.0,-0.2659004111166444
31.420150393028845,86.62162162162163,,1.0,100.0,1.0,-0.2672450576835227
31.709866111057696,86.62162162162163,,1.0,100.0,1.0,-0.268598656149064
31.999581829086537,86.62162162162163,,1.0,100.0,1.0,-0.2699606112836163
32.28929754711538,86.62162162162163,,1.0,100.0,1.0,-0.2713303645481988
32.579013265144226,86.62162162162163,,1.0,100.0,1.0,-0.2727073941769238
32.86872898317308,86.62162162162163,,1.0,100.0,1.0,-0.2740912152024936
33.15844470120192,86.62162162162163,,1.0,100.0,1.0,-0.2754813794257923
33.44816041923077,86.62162162162163,,1.0,100.0,1.0,-0.2768774753308938
33.73787613725961,86.62162162162163,,1.0,100.0,1.0,-0.2782791279465504
34.02759185528846,86.62162162162163,,1.0,100.0,1.0,-0.2796859986557723
34.31730757331731,86.62162162162163,,1.0,100.0,1.0,-0.281097784955062
34.60702329134615,86.62162162162163,,1.0,100.0,1.0,-0.2825142201647104
34.896739009375,86.62162162162163,,1.0,100.0,1.0,-0.2839350730922183
35.18645472740385,86.62162162162163,,1.0,100.0,1.0,-0.285360147650448
35.476170445432686,86.62162162162163,,1.0,100.0,1.0,-0.2867892824325944
35.76588616346154,86.62162162162163,,1.0,100.0,1.0,-0.2882223502457753
36.05560188149038,86.62162162162163,,1.0,100.0,1.0,-0.2896592576055365
36.34531759951923,86.62162162162163,,1.0,100.0,1.0,-0.291099944193216
36.63503331754807,86.62162162162163,,1.0,100.0,1.0,-0.2925443822784591
36.92474903557693,86.62162162162163,,1.0,100.0,1.0,-0.2939925761089633
37.21446475360577,86.62162162162163,,1.0,100.0,1.0,-0.2954445612699355
37.50418047163461,86.62162162162163,,1.0,100.0,1.0,-0.296900404015249
37.79389618966346,86.62162162162163,,1.0,100.0,1.0,-0.2983602005729123
38.08361190769231,86.62162162162163,,1.0,100.0,1.0,-0.2998240764269354
38.37332762572115,86.62162162162163,,1.0,100.0,1.0,-0.3012921855780611
38.66304334375,86.62162162162163,,1.0,100.0,1.0,-0.302764709785672
38.95275906177885,86.62162162162163,,1.0,100.0,1.0,-0.3042418577931042
39.24247477980769,86.62162162162163,,1.0,100.0,1.0,-0.305723864538864
39.53219049783654,86.62162162162163,,1.0,100.0,1.0,-0.3072109903558676
39.82190621586538,86.62162162162163,,1.0,100.0,1.0,-0.308703520161121
40.111621933894234,86.62162162162163,,1.0,100.0,1.0,-0.31020176263789
40.40133765192307,86.62162162162163,,1.0,100.0,1.0,-0.3117060494128345
40.69105336995192,86.62162162162163,,1.0,100.0,1.0,-0.3132167342299493
40.98076908798076,86.62162162162163,,1.0,100.0,1.0,-0.3147341921237204
41.27048480600961,86.62162162162163,,1.0,100.0,1.0,-0.3162588185932463
41.56020052403846,86.62162162162163,,1.0,100.0,1.0,-0.3177910287796383
41.8499162420673,86.62162162162163,,1.0,100.0,1.0,-0.3193312566482456
42.13963196009615,86.62162162162163,,1.0,100.0,1.0,-0.3208799541780159
42.429347678125,86.62162162162163,,1.0,100.0,1.0,-0.3224375905592117
42.71906339615384,86.62162162162163,,1.0,100.0,1.0,-0.3240046514018124
43.00877911418269,86.62162162162163,,1.0,100.0,1.0,-0.32558163795565
43.29849483221154,86.62162162162163,,1.0,100.0,1.0,-0.3271690663442107
43.58821055024038,86.62162162162163,,1.0,100.0,1.0,-0.3287674668134628
43.87792626826923,86.62162162162163,,1.0,100.0,1.0,-0.3303773829969321
44.16764198629807,86.62162162162163,,1.0,100.0,1.0,-0.3319993711985761
44.457357704326924,86.62162162162163,,1.0,100.0,1.0,-0.3336339996944961
44.74707342235577,86.62162162162163,,1.0,100.0,1.0,-0.335281848054667
45.03678914038461,86.62162162162163,,1.0,100.0,1.0,-0.3369435064857794
45.32650485841346,86.62162162162163,,1.0,100.0,1.0,-0.33861957519604
45.61622057644231,86.62162162162163,,1.0,100.0,1.0,-0.3403106637829991
45.905936294471154,86.62162162162163,,1.0,100.0,1.0,-0.3420173906450831
46.1956520125,86.62162162162163,,1.0,100.0,1.0,-0.3437403824175911
46.485367730528836,86.62162162162163,,1.0,100.0,1.0,-0.3454802734339549
46.775083448557695,86.62162162162163,,1.0,100.0,1.0,-0.3472377052126656
47.06479916658654,86.62162162162163,,1.0,100.0,1.0,-0.3490133259705581
47.35451488461538,86.62162162162163,,1.0,100.0,1.0,-0.3508077901628811
47.644230602644235,86.62162162162163,,1.0,100.0,1.0,-0.3526217580505398
47.93394632067308,86.62162162162163,,1.0,100.0,1.0,-0.3544558952948907
48.22366203870192,86.62162162162163,,1.0,100.0,1.0,-0.3563108725803973
48.51337775673076,86.62162162162163,,1.0,100.0,1.0,-0.3581873652654231
48.80309347475962,86.62162162162163,,1.0,100.0,1.0,-0.3600860530611147
49.092809192788465,86.62162162162163,,1.0,100.0,1.0,-0.3620076197390388
49.38252491081732,86.62162162162163,,1.0,100.0,1.0,-0.3639527528670837
49.67224062884614,86.62162162162163,,1.0,100.0,1.0,-0.3659221435740687
49.96195634687499,86.62162162162163,,1.0,100.0,1.0,-0.3679164863429135
50.25167206490384,86.62162162162163,,1.0,100.0,1.0,-0.3699364788324528
50.54138778293269,86.62162162162163,,1.0,100.0,1.0,-0.3719828217277116
50.83110350096153,86.62162162162163,,1.0,100.0,1.0,-0.3740562186186278
51.120819218990384,86.62162162162163,,1.0,100.0,1.0,-0.3761573759069495
51.41053493701923,86.62162162162163,,1.0,100.0,1.0,-0.3782870027414806
51.70025065504807,86.62162162162163,,1.0,100.0,1.0,-0.3804458109810003
51.98996637307691,86.62162162162163,,1.0,100.0,1.0,-0.3826345151850547
52.27968209110577,86.62162162162163,,1.0,100.0,1.0,-0.3848538326320639
52.569397809134614,86.62162162162163,,1.0,100.0,1.0,-0.3871044833647339
52.859113527163466,86.62162162162163,,1.0,100.0,1.0,-0.3893871902622182
53.148829245192296,86.62162162162163,,1.0,100.0,1.0,-0.3917026791389469
53.438544963221155,86.62162162162163,,1.0,100.0,1.0,-0.3940516788694839
53.72826068124999,86.62162162162163,,1.0,100.0,1.0,-0.3964349215395411
54.01797639927885,86.62162162162163,,1.0,100.0,1.0,-0.3988531426221442
54.30769211730768,86.62162162162163,,1.0,100.0,1.0,-0.4013070811790917
54.59740783533653,86.62162162162163,,1.0,100.0,1.0,-0.4037974800870607
54.88712355336538,86.62162162162163,,1.0,100.0,1.0,-0.4063250862880343
55.176839271394236,86.62162162162163,,1.0,100.0,1.0,-0.4088906510634873
55.46655498942307,86.62162162162163,,1.0,100.0,1.0,-0.4114949303320935
55.75627070745192,86.62162162162163,,1.0,100.0,1.0,-0.4141386849704336
56.04598642548078,86.62162162162163,,1.0,100.0,1.0,-0.4168226811562658
56.33570214350961,86.62162162162163,,1.0,100.0,1.0,-0.41954769073385
56.62541786153845,86.62162162162163,,1.0,100.0,1.0,-0.4223144916010733
56.9151335795673,86.62162162162163,,1.0,100.0,1.0,-0.4251238681177757
57.20484929759615,86.62162162162163,,1.0,100.0,1.0,-0.427976611534804
57.49456501562499,86.62162162162163,,1.0,100.0,1.0,-0.4308735204435618
57.784280733653844,86.62162162162163,,1.0,100.0,1.0,-0.4338154012454592
58.07399645168269,86.62162162162163,,1.0,100.0,1.0,-0.436803068640833
58.36371216971153,86.62162162162163,,1.0,100.0,1.0,-0.4398373461369934
58.65342788774037,86.62162162162163,,1.0,100.0,1.0,-0.4429190665750036
58.94314360576924,86.62162162162163,,1.0,100.0,1.0,-0.44604907267477
59.23285932379808,86.62162162162163,,1.0,100.0,1.0,-0.449228217597811
59.52257504182691,86.62162162162163,,1.0,100.0,1.0,-0.45245736552792
59.812290759855756,86.62162162162163,,1.0,100.0,1.0,-0.4557373922685795
60.10200647788461,86.62162162162163,,1.0,100.0,1.0,-0.4590691858575894
60.39172219591345,86.62162162162163,,1.0,100.0,1.0,-0.4624536471978113
60.6814379139423,86.62162162162163,,1.0,100.0,1.0,-0.4658916907042121
60.97115363197115,86.62162162162163,,1.0,100.0,1.0,-0.4693842449667288
61.26086934999999,86.62162162162163,,1.0,100.0,1.0,-0.4729322534286665
61.55058506802884,86.62162162162163,,1.0,100.0,1.0,-0.4765366750802942
61.84030078605769,86.62162162162163,,1.0,100.0,1.0,-0.4801984851674821
62.130016504086534,86.62162162162163,,1.0,100.0,1.0,-0.4839186759151384
62.41973222211538,86.62162162162163,,1.0,100.0,1.0,-0.487698257264976
62.70944794014423,86.62162162162163,,1.0,100.0,1.0,-0.4915382576278871
62.999163658173075,86.62162162162163,,1.0,100.0,1.0,-0.4954397246500744
63.288879376201905,86.62162162162163,,1.0,100.0,1.0,-0.4994037259935197
63.578595094230764,86.62162162162163,,1.0,100.0,1.0,-0.5034313501298835
63.868310812259615,86.62162162162163,,1.0,100.0,1.0,-0.5075237071483245
64.15802653028845,86.62162162162163,,1.0,100.0,1.0,-0.5116819295766833
64.4477422483173,86.62162162162163,,1.0,100.0,1.0,-0.5159071732162434
64.73745796634616,86.62162162162163,,1.0,100.0,1.0,-0.5202006179896734
65.027173684375,86.62162162162163,,1.0,100.0,1.0,-0.5245634688024579
65.31688940240385,86.62162162162163,,1.0,100.0,1.0,-0.5289969564174595
65.60660512043269,86.62162162162163,,1.0,100.0,1.0,-0.5335023383427613
65.89632083846153,86.62162162162163,,1.0,100.0,1.0,-0.5380808997326786
66.18603655649038,86.62162162162163,,1.0,100.0,1.0,-0.5427339543021109
66.47575227451922,86.62162162162163,,1.0,100.0,1.0,-0.5474628452541005
66.76546799254808,86.62162162162163,,1.0,100.0,1.0,-0.5522689462207652
67.05518371057693,86.62162162162163,,1.0,100.0,1.0,-0.5571536622175598
67.34489942860577,86.62162162162163,,1.0,100.0,1.0,-0.562118430611128
67.63461514663462,86.62162162162163,,1.0,100.0,1.0,-0.5671647221007196
67.92433086466346,86.62162162162163,,1.0,100.0,1.0,-0.5722940417133227
68.2140465826923,86.62162162162163,,1.0,100.0,1.0,-0.5775079298126912
68.50376230072115,86.62162162162163,,1.0,100.0,1.0,-0.5828079631224727
68.79347801875001,86.62162162162163,,1.0,100.0,1.0,-0.5881957557634847
69.08319373677885,86.62162162162163,,1.0,100.0,1.0,-0.5936729603055398
69.3729094548077,86.62162162162163,,1.0,100.0,1.0,-0.5992412688338115
69.66262517283654,86.62162162162163,,1.0,100.0,1.0,-0.6049024140301724
69.95234089086537,86.62162162162163,,1.0,100.0,1.0,-0.6106581702698003
70.24205660889423,86.62162162162163,,1.0,100.0,1.0,-0.6165103547329442
70.53177232692308,86.62162162162163,,1.0,100.0,1.0,-0.6224608285328773
70.82148804495192,86.62162162162163,,1.0,100.0,1.0,-0.6285114978593885
71.11120376298076,86.62162162162163,,1.0,100.0,1.0,-0.6346643151391583
71.40091948100961,86.62162162162163,,1.0,100.0,1.0,-0.6409212802125516
71.69063519903845,86.62162162162163,,1.0,100.0,1.0,-0.6472844415277592
71.9803509170673,86.62162162162163,,1.0,100.0,1.0,-0.6537558973522216
72.27006663509614,86.62162162162163,,1.0,100.0,1.0,-0.6603377970023014
72.55978235312502,86.62162162162163,,1.0,100.0,1.0,-0.6670323420910275
72.84949807115386,86.62162162162163,,1.0,100.0,1.0,-0.6738417877948312
73.13921378918268,86.62162162162163,,1.0,100.0,1.0,-0.6807684441394791
73.42892950721154,86.62162162162163,,1.0,100.0,1.0,-0.6878146773058217
73.71864522524038,86.62162162162163,,1.0,100.0,1.0,-0.6949829109558066
74.00836094326922,86.62162162162163,,1.0,100.0,1.0,-0.7022756275793861
74.29807666129807,86.62162162162163,,1.0,100.0,1.0,-0.7096953698625414
74.58779237932691,86.62162162162163,,1.0,100.0,1.0,-0.7172447420776303
74.87750809735577,86.62162162162163,,1.0,100.0,1.0,-0.7249264114958565
75.16722381538462,86.62162162162163,,1.0,100.0,1.0,-0.7327431098231608
75.45693953341345,86.62162162162163,,1.0,100.0,1.0,-0.740697634659722
75.7466552514423,86.62162162162163,,1.0,100.0,1.0,-0.7487928509839692
76.03637096947115,86.62162162162163,,1.0,100.0,1.0,-0.7570316926615502
76.32608668750001,86.62162162162163,,1.0,100.0,1.0,-0.7654171639803845
76.61580240552884,86.62162162162163,,1.0,100.0,1.0,-0.773952341211808
76.9055181235577,86.62162162162163,,1.0,100.0,1.0,-0.7826403741993392
77.19523384158653,86.62162162162163,,1.0,100.0,1.0,-0.7914844879753654
77.48494955961539,86.62162162162163,,1.0,100.0,1.0,-0.8004879844065123
77.77466527764422,86.62162162162163,,1.0,100.0,1.0,-0.809654243868854
78.06438099567308,86.62162162162163,,1.0,100.0,1.0,-0.8189867269533837
78.35409671370192,86.62162162162163,,1.0,100.0,1.0,-0.8284889762030658
78.64381243173077,86.62162162162163,,1.0,100.0,1.0,-0.8381646178818284
78.93352814975961,86.62162162162163,,1.0,100.0,1.0,-0.8480173637769113
79.22324386778845,86.62162162162163,,1.0,100.0,1.0,-0.8580510130353038
79.51295958581731,86.62162162162163,,1.0,100.0,1.0,-0.868269454035071
79.80267530384614,86.62162162162163,,1.0,100.0,1.0,-0.8786766662928923
80.09239102187499,86.62162162162163,,1.0,100.0,1.0,-0.8892767224087219
80.38210673990385,86.62162162162163,,1.0,100.0,1.0,-0.9000737900484376
80.67182245793269,86.62162162162163,,1.0,100.0,1.0,-0.911072133965882
80.96153817596152,86.62162162162163,,1.0,100.0,1.0,-0.9222761180652046
81.25125389399038,86.62162162162163,,1.0,100.0,1.0,-0.9336902075047004
81.54096961201923,86.62162162162163,,1.0,100.0,1.0,-0.9453189708434466
81.83068533004807,86.62162162162163,,1.0,100.0,1.0,-0.9571670822317824
82.12040104807691,86.62162162162163,,1.0,100.0,1.0,-0.9692393236469996
82.41011676610577,86.62162162162163,,1.0,100.0,1.0,-0.9815405871754748
1.0,89.29729729729729,,1.0,100.0,1.0,-0.3986074131960787
1.289715718028846,89.29729729729729,,1.0,100.0,1.0,-0.3930846478156989
1.5794314360576922,89.29729729729729,,1.0,100.0,1.0,-0.387671101310859
1.8691471540865385,89.29729729729729,,1.0,100.0,1.0,-0.3823666204716247
2.1588628721153844,89.29729729729729,,1.0,100.0,1.0,-0.3771710213027846
2.4485785901442307,89.29729729729729,,1.0,100.0,1.0,-0.3720840904505395
2.738294308173077,89.29729729729729,,1.0,100.0,1.0,-0.36710558650219
3.028010026201923,89.29729729729729,,1.0,100.0,1.0,-0.3622352411647332
3.3177257442307693,89.29729729729729,,1.0,100.0,1.0,-0.3574727603279306
3.607441462259615,89.29729729729729,,1.0,100.0,1.0,-0.352817825017707
3.897157180288461,89.29729729729729,,1.0,100.0,1.0,-0.3482700922453352
4.186872898317307,89.29729729729729,,1.0,100.0,1.0,-0.3438291957580875
4.476588616346154,89.29729729729729,,1.0,100.0,1.0,-0.3394947466968031
4.766304334375,89.29729729729729,,1.0,100.0,1.0,-0.3352663341657873
5.056020052403846,89.29729729729729,,1.0,100.0,1.0,-0.3311435257205294
5.345735770432693,89.29729729729729,,1.0,100.0,1.0,-0.3271258677784916
5.6354514884615385,89.29729729729729,,1.0,100.0,1.0,-0.3232128859582395
5.925167206490385,89.29729729729729,,1.0,100.0,1.0,-0.3194040853522509
6.21488292451923,89.29729729729729,,1.0,100.0,1.0,-0.3156989507384071
6.504598642548077,89.29729729729729,,1.0,100.0,1.0,-0.312096946735356
6.794314360576923,89.29729729729729,,1.0,100.0,1.0,-0.3085975179067913
7.084030078605768,89.29729729729729,,1.0,100.0,1.0,-0.3052000888195619
7.373745796634614,89.29729729729729,,1.0,100.0,1.0,-0.3019040640605162
7.663461514663462,89.29729729729729,,1.0,100.0,1.0,-0.2987088282170159
7.9531772326923065,89.29729729729729,,1.0,100.0,1.0,-0.2956137458256362
8.242892950721153,89.29729729729729,,1.0,100.0,1.0,-0.2926181612939831
8.53260866875,89.29729729729729,,1.0,100.0,1.0,-0.2897213988000502
8.822324386778845,89.29729729729729,,1.0,100.0,1.0,-0.2869227621736109
9.112040104807692,89.29729729729729,,1.0,100.0,1.0,-0.2842215347641672
9.401755822836538,89.29729729729729,,1.0,100.0,1.0,-0.281616979299595
9.691471540865384,89.29729729729729,,1.0,100.0,1.0,-0.2791083377398498
9.98118725889423,89.29729729729729,,1.0,100.0,1.0,-0.2766948311296882
10.270902976923075,89.29729729729729,,1.0,100.0,1.0,-0.2743756594544657
10.560618694951922,89.29729729729729,,1.0,100.0,1.0,-0.2721500015028314
10.850334412980768,89.29729729729729,,1.0,100.0,1.0,-0.2700170147400852
11.140050131009614,89.29729729729729,,1.0,100.0,1.0,-0.2679758351957606
11.42976584903846,89.29729729729729,,1.0,100.0,1.0,-0.266025577368932
11.719481567067307,89.29729729729729,,1.0,100.0,1.0,-0.2641653341545384
12.009197285096153,89.29729729729729,,1.0,100.0,1.0,-0.2623941767939712
12.298913003125,89.29729729729729,,1.0,100.0,1.0,-0.260711154852784
12.588628721153844,89.29729729729729,,1.0,100.0,1.0,-0.2591152962286396
12.87834443918269,89.29729729729729,,1.0,100.0,1.0,-0.2576056071919193
13.168060157211537,89.29729729729729,,1.0,100.0,1.0,-0.2561810724617223
13.457775875240383,89.29729729729729,,1.0,100.0,1.0,-0.2548406553195271
13.747491593269228,89.29729729729729,,1.0,100.0,1.0,-0.2535832977626182
14.037207311298074,89.29729729729729,,1.0,100.0,1.0,-0.2524079206994532
14.32692302932692,89.29729729729729,,1.0,100.0,1.0,-0.2513134241885015
14.616638747355767,89.29729729729729,,1.0,100.0,1.0,-0.2502986877224436
14.906354465384615,89.29729729729729,,1.0,100.0,1.0,-0.2493625705588214
15.196070183413461,89.29729729729729,,1.0,100.0,1.0,-0.2485039120986203
15.485785901442307,89.29729729729729,,1.0,100.0,1.0,-0.2477215323136162
15.775501619471152,89.29729729729729,,1.0,100.0,1.0,-0.2470142322232753
16.0652173375,89.29729729729729,,1.0,100.0,1.0,-0.2463807944218647
16.354933055528846,89.29729729729729,,1.0,100.0,1.0,-0.2458199836560737
16.64464877355769,89.29729729729729,,1.0,100.0,1.0,-0.2453305474533132
16.93436449158654,89.29729729729729,,1.0,100.0,1.0,-0.2449112168006426
17.224080209615384,89.29729729729729,,1.0,100.0,1.0,-0.2445607068740687
17.51379592764423,89.29729729729729,,1.0,100.0,1.0,-0.2442777178176745
17.803511645673076,89.29729729729729,,1.0,100.0,1.0,-0.2440609355719283
18.093227363701924,89.29729729729729,,1.0,100.0,1.0,-0.2439090327503154
18.38294308173077,89.29729729729729,,1.0,100.0,1.0,-0.2438206695630899
18.672658799759613,89.29729729729729,,1.0,100.0,1.0,-0.243794494786881
18.96237451778846,89.29729729729729,,1.0,100.0,1.0,-0.2438291467787049
19.252090235817306,89.29729729729729,,1.0,100.0,1.0,-0.2439232545325482
19.541805953846154,89.29729729729729,,1.0,100.0,1.0,-0.2440754387768639
19.831521671875,89.29729729729729,,1.0,100.0,1.0,-0.2442843131106305
20.121237389903843,89.29729729729729,,1.0,100.0,1.0,-0.2445484851760019
20.41095310793269,89.29729729729729,,1.0,100.0,1.0,-0.2448665578650157
20.700668825961536,89.29729729729729,,1.0,100.0,1.0,-0.2452371305577879
20.99038454399038,89.29729729729729,,1.0,100.0,1.0,-0.2456588003896234
21.28010026201923,89.29729729729729,,1.0,100.0,1.0,-0.2461301635440663
21.569815980048077,89.29729729729729,,1.0,100.0,1.0,-0.2466498165690199
21.85953169807692,89.29729729729729,,1.0,100.0,1.0,-0.2472163577128194
22.14924741610577,89.29729729729729,,1.0,100.0,1.0,-0.2478283882771623
22.438963134134614,89.29729729729729,,1.0,100.0,1.0,-0.2484845139835569
22.728678852163462,89.29729729729729,,1.0,100.0,1.0,-0.2491833463499199
23.018394570192307,89.29729729729729,,1.0,100.0,1.0,-0.2499235040741214
23.308110288221158,89.29729729729729,,1.0,100.0,1.0,-0.2507036144208207
23.59782600625,89.29729729729729,,1.0,100.0,1.0,-0.251522314608219
23.88754172427884,89.29729729729729,,1.0,100.0,1.0,-0.2523782531912435
24.17725744230769,89.29729729729729,,1.0,100.0,1.0,-0.2532700914376464
24.46697316033654,89.29729729729729,,1.0,100.0,1.0,-0.2541965046935531
24.75668887836538,89.29729729729729,,1.0,100.0,1.0,-0.2551561837349249
25.046404596394233,89.29729729729729,,1.0,100.0,1.0,-0.2561478361016687
25.336120314423074,89.29729729729729,,1.0,100.0,1.0,-0.2571701874108901
25.62583603245192,89.29729729729729,,1.0,100.0,1.0,-0.2582219826460337
25.915551750480766,89.29729729729729,,1.0,100.0,1.0,-0.2593019874188391
26.205267468509614,89.29729729729729,,1.0,100.0,1.0,-0.2604089892007271
26.494983186538455,89.29729729729729,,1.0,100.0,1.0,-0.2615417985208643
26.78469890456731,89.29729729729729,,1.0,100.0,1.0,-0.2626992501279483
27.074414622596148,89.29729729729729,,1.0,100.0,1.0,-0.2638802041128939
27.364130340624996,89.29729729729729,,1.0,100.0,1.0,-0.2650835469899849
27.65384605865384,89.29729729729729,,1.0,100.0,1.0,-0.2663081927338002
27.94356177668269,89.29729729729729,,1.0,100.0,1.0,-0.2675530837699421
28.233277494711533,89.29729729729729,,1.0,100.0,1.0,-0.2688171919171369
28.52299321274039,89.29729729729729,,1.0,100.0,1.0,-0.2700995192790437
28.812708930769226,89.29729729729729,,1.0,100.0,1.0,-0.2713990990838905
29.102424648798074,89.29729729729729,,1.0,100.0,1.0,-0.272714996470299
29.392140366826922,89.29729729729729,,1.0,100.0,1.0,-0.2740463092181783
29.681856084855767,89.29729729729729,,1.0,100.0,1.0,-0.2753921684232575
29.97157180288462,89.29729729729729,,1.0,100.0,1.0,-0.2767517391144438
30.261287520913456,89.29729729729729,,1.0,100.0,1.0,-0.2781242208131416
30.551003238942304,89.29729729729729,,1.0,100.0,1.0,-0.2795088480339662
30.84071895697115,89.29729729729729,,1.0,100.0,1.0,-0.2809048907265904
31.130434674999997,89.29729729729729,,1.0,100.0,1.0,-0.2823116546582054
31.420150393028845,89.29729729729729,,1.0,100.0,1.0,-0.2837284817369906
31.709866111057696,89.29729729729729,,1.0,100.0,1.0,-0.2851547502764475
31.999581829086537,89.29729729729729,,1.0,100.0,1.0,-0.2865898752010456
32.28929754711538,89.29729729729729,,1.0,100.0,1.0,-0.2880333081938295
32.579013265144226,89.29729729729729,,1.0,100.0,1.0,-0.2894845377863819
32.86872898317308,89.29729729729729,,1.0,100.0,1.0,-0.2909430893923196
33.15844470120192,89.29729729729729,,1.0,100.0,1.0,-0.2924085252850065
33.44816041923077,89.29729729729729,,1.0,100.0,1.0,-0.2938804445209212
33.73787613725961,89.29729729729729,,1.0,100.0,1.0,-0.2953584828095894
34.02759185528846,89.29729729729729,,1.0,100.0,1.0,-0.2968423123318541
34.31730757331731,89.29729729729729,,1.0,100.0,1.0,-0.2983316415077144
34.60702329134615,89.29729729729729,,1.0,100.0,1.0,-0.2998262147154901
34.896739009375,89.29729729729729,,1.0,100.0,1.0,-0.3013258119640141
35.18645472740385,89.29729729729729,,1.0,100.0,1.0,-0.3028302485195751
35.476170445432686,89.29729729729729,,1.0,100.0,1.0,-0.3043393744897522
35.76588616346154,89.29729729729729,,1.0,100.0,1.0,-0.3058530743657867
36.05560188149038,89.29729729729729,,1.0,100.0,1.0,-0.307371266525862
36.34531759951923,89.29729729729729,,1.0,100.0,1.0,-0.3088939027011411
36.63503331754807,89.29729729729729,,1.0,100.0,1.0,-0.3104209674068919
36.92474903557693,89.29729729729729,,1.0,100.0,1.0,-0.311952477340819
37.21446475360577,89.29729729729729,,1.0,100.0,1.0,-0.3134884807509029
37.50418047163461,89.29729729729729,,1.0,100.0,1.0,-0.3150290567749297
37.79389618966346,89.29729729729729,,1.0,100.0,1.0,-0.316574314754153
38.08361190769231,89.29729729729729,,1.0,100.0,1.0,-0.3181243935232355
38.37332762572115,89.29729729729729,,1.0,100.0,1.0,-0.3196794606789296
38.66304334375,89.29729729729729,,1.0,100.0,1.0,-0.3212397118296919
38.95275906177885,89.29729729729729,,1.0,100.0,1.0,-0.3228053698287251
39.24247477980769,89.29729729729729,,1.0,100.0,1.0,-0.3243766839925079
39.53219049783654,89.29729729729729,,1.0,100.0,1.0,-0.325953929307386
39.82190621586538,89.29729729729729,,1.0,100.0,1.0,-0.3275374056261483
40.111621933894234,89.29729729729729,,1.0,100.0,1.0,-0.3291274368571963
40.40133765192307,89.29729729729729,,1.0,100.0,1.0,-0.3307243701481089
40.69105336995192,89.29729729729729,,1.0,100.0,1.0,-0.3323285750660308
40.98076908798076,89.29729729729729,,1.0,100.0,1.0,-0.3339404427769079
41.27048480600961,89.29729729729729,,1.0,100.0,1.0,-0.3355603852254696
41.56020052403846,89.29729729729729,,1.0,100.0,1.0,-0.3371888343181065
41.8499162420673,89.29729729729729,,1.0,100.0,1.0,-0.3388262411105369
42.13963196009615,89.29729729729729,,1.0,100.0,1.0,-0.3404730750019533
42.429347678125,89.29729729729729,,1.0,100.0,1.0,-0.342129822937631
42.71906339615384,89.29729729729729,,1.0,100.0,1.0,-0.3437969886215392
43.00877911418269,89.29729729729729,,1.0,100.0,1.0,-0.3454750917406863
43.29849483221154,89.29729729729729,,1.0,100.0,1.0,-0.3471646672026348
43.58821055024038,89.29729729729729,,1.0,100.0,1.0,-0.3488662643877653
43.87792626826923,89.29729729729729,,1.0,100.0,1.0,-0.3505804464175009
44.16764198629807,89.29729729729729,,1.0,100.0,1.0,-0.3523077894400866
44.457357704326924,89.29729729729729,,1.0,100.0,1.0,-0.3540488819347885
44.74707342235577,89.29729729729729,,1.0,100.0,1.0,-0.3558043240358566
45.03678914038461,89.29729729729729,,1.0,100.0,1.0,-0.3575747268773543
45.32650485841346,89.29729729729729,,1.0,100.0,1.0,-0.3593607119596665
45.61622057644231,89.29729729729729,,1.0,100.0,1.0,-0.3611629105387096
45.905936294471154,89.29729729729729,,1.0,100.0,1.0,-0.3629819630386317
46.1956520125,89.29729729729729,,1.0,100.0,1.0,-0.3648185184888366
46.485367730528836,89.29729729729729,,1.0,100.0,1.0,-0.3666732339857947
46.775083448557695,89.29729729729729,,1.0,100.0,1.0,-0.3685467741805911
47.06479916658654,89.29729729729729,,1.0,100.0,1.0,-0.3704398107924456
47.35451488461538,89.29729729729729,,1.0,100.0,1.0,-0.3723530221489094
47.644230602644235,89.29729729729729,,1.0,100.0,1.0,-0.3742870927530407
47.93394632067308,89.29729729729729,,1.0,100.0,1.0,-0.3762427128780726
48.22366203870192,89.29729729729729,,1.0,100.0,1.0,-0.3782205781896115
48.51337775673076,89.29729729729729,,1.0,100.0,1.0,-0.3802213893959382
48.80309347475962,89.29729729729729,,1.0,100.0,1.0,-0.3822458519264767
49.092809192788465,89.29729729729729,,1.0,100.0,1.0,-0.3842946756385448
49.38252491081732,89.29729729729729,,1.0,100.0,1.0,-0.3863685745525628
49.67224062884614,89.29729729729729,,1.0,100.0,1.0,-0.3884682666158089
49.96195634687499,89.29729729729729,,1.0,100.0,1.0,-0.390594473494618
50.25167206490384,89.29729729729729,,1.0,100.0,1.0,-0.3927479203952777
50.54138778293269,89.29729729729729,,1.0,100.0,1.0,-0.3949293359131642
50.83110350096153,89.29729729729729,,1.0,100.0,1.0,-0.3971394519104682
51.120819218990384,89.29729729729729,,1.0,100.0,1.0,-0.3993790034220327
51.41053493701923,89.29729729729729,,1.0,100.0,1.0,-0.4016487285893013
51.70025065504807,89.29729729729729,,1.0,100.0,1.0,-0.4039493686223071
51.98996637307691,89.29729729729729,,1.0,100.0,1.0,-0.4062816677890836
52.27968209110577,89.29729729729729,,1.0,100.0,1.0,-0.4086463734328599
52.569397809134614,89.29729729729729,,1.0,100.0,1.0,-0.4110442360161386
52.859113527163466,89.29729729729729,,1.0,100.0,1.0,-0.4134760091918003
53.148829245192296,89.29729729729729,,1.0,100.0,1.0,-0.4159424499007896
53.438544963221155,89.29729729729729,,1.0,100.0,1.0,-0.4184443184959924
53.72826068124999,89.29729729729729,,1.0,100.0,1.0,-0.4209823788919822
54.01797639927885,89.29729729729729,,1.0,100.0,1.0,-0.4235573987403767
54.30769211730768,89.29729729729729,,1.0,100.0,1.0,-0.4261701496301749
54.59740783533653,89.29729729729729,,1.0,100.0,1.0,-0.4288214073130928
54.88712355336538,89.29729729729729,,1.0,100.0,1.0,-0.4315119519529453
55.176839271394236,89.29729729729729,,1.0,100.0,1.0,-0.4342425683991595
55.46655498942307,89.29729729729729,,1.0,100.0,1.0,-0.4370140464837516
55.75627070745192,89.29729729729729,,1.0,100.0,1.0,-0.4398271813413337
56.04598642548078,89.29729729729729,,1.0,100.0,1.0,-0.4426827737517853
56.33570214350961,89.29729729729729,,1.0,100.0,1.0,-0.4455816305052641
56.62541786153845,89.29729729729729,,1.0,100.0,1.0,-0.4485245647887356
56.9151335795673,89.29729729729729,,1.0,100.0,1.0,-0.4515123965941863
57.20484929759615,89.29729729729729,,1.0,100.0,1.0,-0.4545459531474531
57.49456501562499,89.29729729729729,,1.0,100.0,1.0,-0.4576260693577344
57.784280733653844,89.29729729729729,,1.0,100.0,1.0,-0.4607535882870742
58.07399645168269,89.29729729729729,,1.0,100.0,1.0,-0.4639293616395796
58.36371216971153,89.29729729729729,,1.0,100.0,1.0,-0.467154250269748
58.65342788774037,89.29729729729729,,1.0,100.0,1.0,-0.4704291247097318
58.94314360576924,89.29729729729729,,1.0,100.0,1.0,-0.4737548657150724
59.23285932379808,89.29729729729729,,1.0,100.0,1.0,-0.4771323648283142
59.52257504182691,89.29729729729729,,1.0,100.0,1.0,-0.4805625249604943
59.812290759855756,89.29729729729729,,1.0,100.0,1.0,-0.4840462609898336
60.10200647788461,89.29729729729729,,1.0,100.0,1.0,-0.4875845003775033
60.39172219591345,89.29729729729729,,1.0,100.0,1.0,-0.4911781837999365
60.6814379139423,89.29729729729729,,1.0,100.0,1.0,-0.4948282657974743
60.97115363197115,89.29729729729729,,1.0,100.0,1.0,-0.4985357154391041
61.26086934999999,89.29729729729729,,1.0,100.0,1.0,-0.5023015170028293
61.55058506802884,89.29729729729729,,1.0,100.0,1.0,-0.5061266706715266
61.84030078605769,89.29729729729729,,1.0,100.0,1.0,-0.5100121932440476
62.130016504086534,89.29729729729729,,1.0,100.0,1.0,-0.5139591188611329
62.41973222211538,89.29729729729729,,1.0,100.0,1.0,-0.517968499746207
62.70944794014423,89.29729729729729,,1.0,100.0,1.0,-0.5220414069606248
62.999163658173075,89.29729729729729,,1.0,100.0,1.0,-0.5261789311731805
63.288879376201905,89.29729729729729,,1.0,100.0,1.0,-0.5303821834440142
63.578595094230764,89.29729729729729,,1.0,100.0,1.0,-0.534652296022163
63.868310812259615,89.29729729729729,,1.0,100.0,1.0,-0.5389904231572948
64.15802653028845,89.29729729729729,,1.0,100.0,1.0,-0.5433977419251153
64.4477422483173,89.29729729729729,,1.0,100.0,1.0,-0.547875453066357
64.73745796634616,89.29729729729729,,1.0,100.0,1.0,-0.5524247818394477
65.027173684375,89.29729729729729,,1.0,100.0,1.0,-0.5570469788866392
65.31688940240385,89.29729729729729,,1.0,100.0,1.0,-0.561743321113664
65.60660512043269,89.29729729729729,,1.0,100.0,1.0,-0.5665151125828388
65.89632083846153,89.29729729729729,,1.0,100.0,1.0,-0.5713636854195948
66.18603655649038,89.29729729729729,,1.0,100.0,1.0,-0.5762904007325843
66.47575227451922,89.29729729729729,,1.0,100.0,1.0,-0.581296649547147
66.76546799254808,89.29729729729729,,1.0,100.0,1.0,-0.5863838537524372
67.05518371057693,89.29729729729729,,1.0,100.0,1.0,-0.5915534670622011
67.34489942860577,89.29729729729729,,1.0,100.0,1.0,-0.596806975989267
67.63461514663462,89.29729729729729,,1.0,100.0,1.0,-0.6021459008337594
67.92433086466346,89.29729729729729,,1.0,100.0,1.0,-0.6075717966854978
68.2140465826923,89.29729729729729,,1.0,100.0,1.0,-0.6130862544403543
68.50376230072115,89.29729729729729,,1.0,100.0,1.0,-0.6186909018308648
68.79347801875001,89.29729729729729,,1.0,100.0,1.0,-0.6243874044715484
69.08319373677885,89.29729729729729,,1.0,100.0,1.0,-0.6301774669184625
69.3729094548077,89.29729729729729,,1.0,100.0,1.0,-0.6360628337442329
69.66262517283654,89.29729729729729,,1.0,100.0,1.0,-0.6420452906276805
69.95234089086537,89.29729729729729,,1.0,100.0,1.0,-0.6481266654591632
70.24205660889423,89.29729729729729,,1.0,100.0,1.0,-0.6543088294614685
70.53177232692308,89.29729729729729,,1.0,100.0,1.0,-0.6605936983267675
70.82148804495192,89.29729729729729,,1.0,100.0,1.0,-0.6669832333697799
71.11120376298076,89.29729729729729,,1.0,100.0,1.0,-0.6734794426975755
71.40091948100961,89.29729729729729,,1.0,100.0,1.0,-0.6800843823963797
71.69063519903845,89.29729729729729,,1.0,100.0,1.0,-0.6868001577357752
71.9803509170673,89.29729729729729,,1.0,100.0,1.0,-0.6936289243905476
72.27006663509614,89.29729729729729,,1.0,100.0,1.0,-0.7005728896807463
72.55978235312502,89.29729729729729,,1.0,100.0,1.0,-0.7076343138303566
72.84949807115386,89.29729729729729,,1.0,100.0,1.0,-0.7148155112449041
73.13921378918268,89.29729729729729,,1.0,100.0,1.0,-0.7221188518087374
73.42892950721154,89.29729729729729,,1.0,100.0,1.0,-0.7295467622021259
73.71864522524038,89.29729729729729,,1.0,100.0,1.0,-0.7371017272389109
74.00836094326922,89.29729729729729,,1.0,100.0,1.0,-0.7447862912253626
74.29807666129807,89.29729729729729,,1.0,100.0,1.0,-0.752603059340227
74.58779237932691,89.29729729729729,,1.0,100.0,1.0,-0.760554699037335
74.87750809735577,89.29729729729729,,1.0,100.0,1.0,-0.7686439414707155
75.16722381538462,89.29729729729729,,1.0,100.0,1.0,-0.7768735829431042
75.45693953341345,89.29729729729729,,1.0,100.0,1.0,-0.7852464863783983
75.7466552514423,89.29729729729729,,1.0,100.0,1.0,-0.7937655828188327
76.03637096947115,89.29729729729729,,1.0,100.0,1.0,-0.802433872947315
76.32608668750001,89.29729729729729,,1.0,100.0,1.0,-0.8112544286359763
76.61580240552884,89.29729729729729,,1.0,100.0,1.0,-0.8202303945211489
76.9055181235577,89.29729729729729,,1.0,100.0,1.0,-0.8293649896061018
77.19523384158653,89.29729729729729,,1.0,100.0,1.0,-0.8386615088918636
77.48494955961539,89.29729729729729,,1.0,100.0,1.0,-0.8481233250369186
77.77466527764422,89.29729729729729,,1.0,100.0,1.0,-0.8577538900471067
78.06438099567308,89.29729729729729,,1.0,100.0,1.0,-0.8675567369958211
78.35409671370192,89.29729729729729,,1.0,100.0,1.0,-0.87753548177588
78.64381243173077,89.29729729729729,,1.0,100.0,1.0,-0.8876938248838949
78.93352814975961,89.29729729729729,,1.0,100.0,1.0,-0.8980355532378229
79.22324386778845,89.29729729729729,,1.0,100.0,1.0,-0.9085645420290124
79.51295958581731,89.29729729729729,,1.0,100.0,1.0,-0.9192847566091038
79.80267530384614,89.29729729729729,,1.0,100.0,1.0,-0.9302002544136576
80.09239102187499,89.29729729729729,,1.0,100.0,1.0,-0.94131518692275
80.38210673990385,89.29729729729729,,1.0,100.0,1.0,-0.9526338016599272
80.67182245793269,89.29729729729729,,1.0,100.0,1.0,-0.96416044423064
80.96153817596152,89.29729729729729,,1.0,100.0,1.0,-0.9758995604012688
81.25125389399038,89.29729729729729,,1.0,100.0,1.0,-0.9878556982195076
1.0,91.97297297297297,,1.0,100.0,1.0,-0.4084804023100566
1.289715718028846,91.97297297297297,,1.0,100.0,1.0,-0.4030491651037702
1.5794314360576922,91.97297297297297,,1.0,100.0,1.0,-0.3977253326880029
1.8691471540865385,91.97297297297297,,1.0,100.0,1.0,-0.3925088454981715
2.1588628721153844,91.97297297297297,,1.0,100.0,1.0,-0.3873996092045336
2.4485785901442307,91.97297297297297,,1.0,100.0,1.0,-0.3823974962602242
2.738294308173077,91.97297297297297,,1.0,100.0,1.0,-0.377502347321022
3.028010026201923,91.97297297297297,,1.0,100.0,1.0,-0.3727139725424241
3.3177257442307693,91.97297297297297,,1.0,100.0,1.0,-0.3680321527599108
3.607441462259615,91.97297297297297,,1.0,100.0,1.0,-0.3634566405579109
3.897157180288461,91.97297297297297,,1.0,100.0,1.0,-0.3589871612331727
4.186872898317307,91.97297297297297,,1.0,100.0,1.0,-0.3546234136580562
4.476588616346154,91.97297297297297,,1.0,100.0,1.0,-0.3503650710491287
4.766304334375,91.97297297297297,,1.0,100.0,1.0,-0.3462117816466399
5.056020052403846,91.97297297297297,,1.0,100.0,1.0,-0.3421631693100849
5.345735770432693,91.97297297297297,,1.0,100.0,1.0,-0.338218834035296
5.6354514884615385,91.97297297297297,,1.0,100.0,1.0,-0.3343783523981909
5.925167206490385,91.97297297297297,,1.0,100.0,1.0,-0.3306412779304132
6.21488292451923,91.97297297297297,,1.0,100.0,1.0,-0.3270071414320468
6.504598642548077,91.97297297297297,,1.0,100.0,1.0,-0.3234754512263462
6.794314360576923,91.97297297297297,,1.0,100.0,1.0,-0.3200456933615881
7.084030078605768,91.97297297297297,,1.0,100.0,1.0,-0.3167173317649257
7.373745796634614,91.97297297297297,,1.0,100.0,1.0,-0.3134898083531061
7.663461514663462,91.97297297297297,,1.0,100.0,1.0,-0.3103625431048967
7.9531772326923065,91.97297297297297,,1.0,100.0,1.0,-0.3073349340998501
8.242892950721153,91.97297297297297,,1.0,100.0,1.0,-0.3044063575281108
8.53260866875,91.97297297297297,,1.0,100.0,1.0,-0.3015761676757931
8.822324386778845,91.97297297297297,,1.0,100.0,1.0,-0.2988436968903986
9.112040104807692,91.97297297297297,,1.0,100.0,1.0,-0.2962082555306404
9.401755822836538,91.97297297297297,,1.0,100.0,1.0,-0.2936691319049516
9.691471540865384,91.97297297297297,,1.0,100.0,1.0,-0.2912255922028723
9.98118725889423,91.97297297297297,,1.0,100.0,1.0,-0.2888768804233555
10.270902976923075,91.97297297297297,,1.0,100.0,1.0,-0.2866222183039879
10.560618694951922,91.97297297297297,,1.0,100.0,1.0,-0.2844608052548888
10.850334412980768,91.97297297297297,,1.0,100.0,1.0,-0.2823918183011342
11.140050131009614,91.97297297297297,,1.0,100.0,1.0,-0.280414412037111
11.42976584903846,91.97297297297297,,1.0,100.0,1.0,-0.2785277185965075
11.719481567067307,91.97297297297297,,1.0,100.0,1.0,-0.2767308476409413
12.009197285096153,91.97297297297297,,1.0,100.0,1.0,-0.275022886370708
12.298913003125,91.97297297297297,,1.0,100.0,1.0,-0.2734028995604224
12.588628721153844,91.97297297297297,,1.0,100.0,1.0,-0.271869929622565
12.87834443918269,91.97297297297297,,1.0,100.0,1.0,-0.270422996701591
13.168060157211537,91.97297297297297,,1.0,100.0,1.0,-0.2690610988010485
13.457775875240383,91.97297297297297,,1.0,100.0,1.0,-0.2677832119462389
13.747491593269228,91.97297297297297,,1.0,100.0,1.0,-0.2665882903844287
14.037207311298074,91.97297297297297,,1.0,100.0,1.0,-0.2654752668247227
14.32692302932692,91.97297297297297,,1.0,100.0,1.0,-0.2644430527193102
14.616638747355767,91.97297297297297,,1.0,100.0,1.0,-0.2634905385878348
14.906354465384615,91.97297297297297,,1.0,100.0,1.0,-0.2626165943861767
15.196070183413461,91.97297297297297,,1.0,100.0,1.0,-0.2618200699209677
15.485785901442307,91.97297297297297,,1.0,100.0,1.0,-0.2610997953107603
15.775501619471152,91.97297297297297,,1.0,100.0,1.0,-0.2604545814948367
16.0652173375,91.97297297297297,,1.0,100.0,1.0,-0.2598832207900543
16.354933055528846,91.97297297297297,,1.0,100.0,1.0,-0.2593844874962978
16.64464877355769,91.97297297297297,,1.0,100.0,1.0,-0.2589571385506712
16.93436449158654,91.97297297297297,,1.0,100.0,1.0,-0.2585999142303843
17.224080209615384,91.97297297297297,,1.0,100.0,1.0,-0.2583115389041871
17.51379592764423,91.97297297297297,,1.0,100.0,1.0,-0.2580907218318116
17.803511645673076,91.97297297297297,,1.0,100.0,1.0,-0.2579361580108515
18.093227363701924,91.97297297297297,,1.0,100.0,1.0,-0.2578465290702589
18.38294308173077,91.97297297297297,,1.0,100.0,1.0,-0.2578205042093112
18.672658799759613,91.97297297297297,,1.0,100.0,1.0,-0.2578567411808841
18.96237451778846,91.97297297297297,,1.0,100.0,1.0,-0.2579538873175253
19.252090235817306,91.97297297297297,,1.0,100.0,1.0,-0.2581105805987717
19.541805953846154,91.97297297297297,,1.0,100.0,1.0,-0.2583254507578468
19.831521671875,91.97297297297297,,1.0,100.0,1.0,-0.2585971204256719
20.121237389903843,91.97297297297297,,1.0,100.0,1.0,-0.258924206310227
20.41095310793269,91.97297297297297,,1.0,100.0,1.0,-0.2593053204087066
20.700668825961536,91.97297297297297,,1.0,100.0,1.0,-0.2597390712501604
20.99038454399038,91.97297297297297,,1.0,100.0,1.0,-0.2602240651659337
21.28010026201923,91.97297297297297,,1.0,100.0,1.0,-0.2607589075850621
21.569815980048077,91.97297297297297,,1.0,100.0,1.0,-0.2613422043519944
21.85953169807692,91.97297297297297,,1.0,100.0,1.0,-0.2619725630633241
22.14924741610577,91.97297297297297,,1.0,100.0,1.0,-0.2626485944206713
22.438963134134614,91.97297297297297,,1.0,100.0,1.0,-0.2633689135965241
22.728678852163462,91.97297297297297,,1.0,100.0,1.0,-0.2641321416095903
23.018394570192307,91.97297297297297,,1.0,100.0,1.0,-0.2649369067066331
23.308110288221158,91.97297297297297,,1.0,100.0,1.0,-0.2657818457471315
23.59782600625,91.97297297297297,,1.0,100.0,1.0,-0.2666656055876496
23.88754172427884,91.97297297297297,,1.0,100.0,1.0,-0.2675868444622643
24.17725744230769,91.97297297297297,,1.0,100.0,1.0,-0.2685442333557473
24.46697316033654,91.97297297297297,,1.0,100.0,1.0,-0.2695364573661856
24.75668887836538,91.97297297297297,,1.0,100.0,1.0,-0.2705622170533294
25.046404596394233,91.97297297297297,,1.0,100.0,1.0,-0.2716202297697468
25.336120314423074,91.97297297297297,,1.0,100.0,1.0,-0.2727092309710786
25.62583603245192,91.97297297297297,,1.0,100.0,1.0,-0.2738279755025783
25.915551750480766,91.97297297297297,,1.0,100.0,1.0,-0.2749752388583009
26.205267468509614,91.97297297297297,,1.0,100.0,1.0,-0.2761498184103729
26.494983186538455,91.97297297297297,,1.0,100.0,1.0,-0.277350534605044
26.78469890456731,91.97297297297297,,1.0,100.0,1.0,-0.2785762321228394
27.074414622596148,91.97297297297297,,1.0,100.0,1.0,-0.279825781000052
27.364130340624996,91.97297297297297,,1.0,100.0,1.0,-0.2810980777091192
27.65384605865384,91.97297297297297,,1.0,100.0,1.0,-0.2823920461952172
27.94356177668269,91.97297297297297,,1.0,100.0,1.0,-0.2837066388671915
28.233277494711533,91.97297297297297,,1.0,100.0,1.0,-0.2850408375403015
28.52299321274039,91.97297297297297,,1.0,100.0,1.0,-0.2863936543292409
28.812708930769226,91.97297297297297,,1.0,100.0,1.0,-0.2877641324894653
29.102424648798074,91.97297297297297,,1.0,100.0,1.0,-0.2891513472053112
29.392140366826922,91.97297297297297,,1.0,100.0,1.0,-0.2905544063236266
29.681856084855767,91.97297297297297,,1.0,100.0,1.0,-0.2919724510316293
29.97157180288462,91.97297297297297,,1.0,100.0,1.0,-0.2934046564780176
30.261287520913456,91.97297297297297,,1.0,100.0,1.0,-0.2948502323366643
30.551003238942304,91.97297297297297,,1.0,100.0,1.0,-0.2963084233120571
30.84071895697115,91.97297297297297,,1.0,100.0,1.0,-0.2977785095863753
31.130434674999997,91.97297297297297,,1.0,100.0,1.0,-0.2992598072076411
31.420150393028845,91.97297297297297,,1.0,100.0,1.0,-0.3007516684192278
31.709866111057696,91.97297297297297,,1.0,100.0,1.0,-0.3022534819306331
31.999581829086537,91.97297297297297,,1.0,100.0,1.0,-0.3037646731299067
32.28929754711538,91.97297297297297,,1.0,100.0,1.0,-0.3052847042383237
32.579013265144226,91.97297297297297,,1.0,100.0,1.0,-0.3068130744077511
32.86872898317308,91.97297297297297,,1.0,100.0,1.0,-0.3083493197617534
33.15844470120192,91.97297297297297,,1.0,100.0,1.0,-0.3098930133810924
33.44816041923077,91.97297297297297,,1.0,100.0,1.0,-0.3114437652351532
33.73787613725961,91.97297297297297,,1.0,100.0,1.0,-0.3130012220600408
34.02759185528846,91.97297297297297,,1.0,100.0,1.0,-0.3145650671851064
34.31730757331731,91.97297297297297,,1.0,100.0,1.0,-0.3161350203092293
34.60702329134615,91.97297297297297,,1.0,100.0,1.0,-0.3177108372284062
34.896739009375,91.97297297297297,,1.0,100.0,1.0,-0.3192923095164199
35.18645472740385,91.97297297297297,,1.0,100.0,1.0,-0.3208792641604185
35.476170445432686,91.97297297297297,,1.0,100.0,1.0,-0.3224715631531825
35.76588616346154,91.97297297297297,,1.0,100.0,1.0,-0.3240691030440873
36.05560188149038,91.97297297297297,,1.0,100.0,1.0,-0.3256718144508065
36.34531759951923,91.97297297297297,,1.0,100.0,1.0,-0.3272796615338257
36.63503331754807,91.97297297297297,,1.0,100.0,1.0,-0.328892641435941
36.92474903557693,91.97297297297297,,1.0,100.0,1.0,-0.330510783688844
37.21446475360577,91.97297297297297,,1.0,100.0,1.0,-0.3321341495891897
37.50418047163461,91.97297297297297,,1.0,100.0,1.0,-0.333762831546194
37.79389618966346,91.97297297297297,,1.0,100.0,1.0,-0.3353969524032639
38.08361190769231,91.97297297297297,,1.0,100.0,1.0,-0.3370366647357339
38.37332762572115,91.97297297297297,,1.0,100.0,1.0,-0.3386821501273122
38.66304334375,91.97297297297297,,1.0,100.0,1.0,-0.34033361842719
38.95275906177885,91.97297297297297,,1.0,100.0,1.0,-0.3419913069904147
39.24247477980769,91.97297297297297,,1.0,100.0,1.0,-0.343655479903634
39.53219049783654,91.97297297297297,,1.0,100.0,1.0,-0.3453264271986785
39.82190621586538,91.97297297297297,,1.0,100.0,1.0,-0.3470044640559099
40.111621933894234,91.97297297297297,,1.0,100.0,1.0,-0.3486899299999445
40.40133765192307,91.97297297297297,,1.0,100.0,1.0,-0.3503831880895887
40.69105336995192,91.97297297297297,,1.0,100.0,1.0,-0.3520846241043326
40.98076908798076,91.97297297297297,,1.0,100.0,1.0,-0.3537946457293934
41.27048480600961,91.97297297297297,,1.0,100.0,1.0,-0.3555136817413019
41.56020052403846,91.97297297297297,,1.0,100.0,1.0,-0.3572421811961267
41.8499162420673,91.97297297297297,,1.0,100.0,1.0,-0.3589806126221573
42.13963196009615,91.97297297297297,,1.0,100.0,1.0,-0.3607294632188287
42.429347678125,91.97297297297297,,1.0,100.0,1.0,-0.3624892380637776
42.71906339615384,91.97297297297297,,1.0,100.0,1.0,-0.3642604593296585
43.00877911418269,91.97297297297297,,1.0,100.0,1.0,-0.3660436655123478
43.29849483221154,91.97297297297297,,1.0,100.0,1.0,-0.3678394106720186
43.58821055024038,91.97297297297297,,1.0,100.0,1.0,-0.3696482636887381
43.87792626826923,91.97297297297297,,1.0,100.0,1.0,-0.3714708075336922
44.16764198629807,91.97297297297297,,1.0,100.0,1.0,-0.3733076385575816
44.457357704326924,91.97297297297297,,1.0,100.0,1.0,-0.3751593657972838
44.74707342235577,91.97297297297297,,1.0,100.0,1.0,-0.3770266103020273
45.03678914038461,91.97297297297297,,1.0,100.0,1.0,-0.3789100044799468
45.32650485841346,91.97297297297297,,1.0,100.0,1.0,-0.3808101914662904
45.61622057644231,91.97297297297297,,1.0,100.0,1.0,-0.3827278245139894
45.905936294471154,91.97297297297297,,1.0,100.0,1.0,-0.3846635664074411
46.1956520125,91.97297297297297,,1.0,100.0,1.0,-0.3866180889003805
46.485367730528836,91.97297297297297,,1.0,100.0,1.0,-0.3885920721785048
46.775083448557695,91.97297297297297,,1.0,100.0,1.0,-0.3905862043473418
47.06479916658654,91.97297297297297,,1.0,100.0,1.0,-0.3926011809461479
47.35451488461538,91.97297297297297,,1.0,100.0,1.0,-0.3946377044882176
47.644230602644235,91.97297297297297,,1.0,100.0,1.0,-0.3966964840279762
47.93394632067308,91.97297297297297,,1.0,100.0,1.0,-0.398778234755426
48.22366203870192,91.97297297297297,,1.0,100.0,1.0,-0.4008836776180623
48.51337775673076,91.97297297297297,,1.0,100.0,1.0,-0.403013538970734
48.80309347475962,91.97297297297297,,1.0,100.0,1.0,-0.4051685502534742
49.092809192788465,91.97297297297297,,1.0,100.0,1.0,-0.407349447697593
49.38252491081732,91.97297297297297,,1.0,100.0,1.0,-0.4095569720602212
49.67224062884614,91.97297297297297,,1.0,100.0,1.0,-0.4117918683870945
49.96195634687499,91.97297297297297,,1.0,100.0,1.0,-0.4140548858039716
50.25167206490384,91.97297297297297,,1.0,100.0,1.0,-0.4163467773364392
50.54138778293269,91.97297297297297,,1.0,100.0,1.0,-0.4186682997581961
50.83110350096153,91.97297297297297,,1.0,100.0,1.0,-0.421020213467599
51.120819218990384,91.97297297297297,,1.0,100.0,1.0,-0.4234032823924368
51.41053493701923,91.97297297297297,,1.0,100.0,1.0,-0.4258182739228657
51.70025065504807,91.97297297297297,,1.0,100.0,1.0,-0.4282659588720883
51.98996637307691,91.97297297297297,,1.0,100.0,1.0,-0.4307471114648583
52.27968209110577,91.97297297297297,,1.0,100.0,1.0,-0.4332625093533621
52.569397809134614,91.97297297297297,,1.0,100.0,1.0,-0.4358129336602069
52.859113527163466,91.97297297297297,,1.0,100.0,1.0,-0.4383991690484626
53.148829245192296,91.97297297297297,,1.0,100.0,1.0,-0.4410220038181928
53.438544963221155,91.97297297297297,,1.0,100.0,1.0,-0.4436822300292494
53.72826068124999,91.97297297297297,,1.0,100.0,1.0,-0.4463806436500028
54.01797639927885,91.97297297297297,,1.0,100.0,1.0,-0.449118044731665
54.30769211730768,91.97297297297297,,1.0,100.0,1.0,-0.4518952376076862
54.59740783533653,91.97297297297297,,1.0,100.0,1.0,-0.4547130311181091
54.88712355336538,91.97297297297297,,1.0,100.0,1.0,-0.4575722388582371
55.176839271394236,91.97297297297297,,1.0,100.0,1.0,-0.4604736794511905
55.46655498942307,91.97297297297297,,1.0,100.0,1.0,-0.4634181768442651
55.75627070745192,91.97297297297297,,1.0,100.0,1.0,-0.4664065606282204
56.04598642548078,91.97297297297297,,1.0,100.0,1.0,-0.4694396663794946
56.33570214350961,91.97297297297297,,1.0,100.0,1.0,-0.4725183360246164
56.62541786153845,91.97297297297297,,1.0,100.0,1.0,-0.4756434182264857
56.9151335795673,91.97297297297297,,1.0,100.0,1.0,-0.4788157687921895
57.20484929759615,91.97297297297297,,1.0,100.0,1.0,-0.482036251101762
57.49456501562499,91.97297297297297,,1.0,100.0,1.0,-0.4853057365576024
57.784280733653844,91.97297297297297,,1.0,100.0,1.0,-0.4886251050540874
58.07399645168269,91.97297297297297,,1.0,100.0,1.0,-0.4919952454669145
58.36371216971153,91.97297297297297,,1.0,100.0,1.0,-0.4954170561618644
58.65342788774037,91.97297297297297,,1.0,100.0,1.0,-0.4988914455224345
58.94314360576924,91.97297297297297,,1.0,100.0,1.0,-0.5024193324963315
59.23285932379808,91.97297297297297,,1.0,100.0,1.0,-0.5060016471597357
59.52257504182691,91.97297297297297,,1.0,100.0,1.0,-0.5096393312998522
59.812290759855756,91.97297297297297,,1.0,100.0,1.0,-0.5133333390146685
60.10200647788461,91.97297297297297,,1.0,100.0,1.0,-0.5170846373298796
60.39172219591345,91.97297297297297,,1.0,100.0,1.0,-0.5208942068328609
60.6814379139423,91.97297297297297,,1.0,100.0,1.0,-0.5247630423227668
60.97115363197115,91.97297297297297,,1.0,100.0,1.0,-0.5286921534771262
61.26086934999999,91.97297297297297,,1.0,100.0,1.0,-0.5326825655342811
61.55058506802884,91.97297297297297,,1.0,100.0,1.0,-0.5367353199913307
61.84030078605769,91.97297297297297,,1.0,100.0,1.0,-0.540851475317644
62.130016504086534,91.97297297297297,,1.0,100.0,1.0,-0.545032107683441
62.41973222211538,91.97297297297297,,1.0,100.0,1.0,-0.5492783117032858
62.70944794014423,91.97297297297297,,1.0,100.0,1.0,-0.5535912011943281
62.999163658173075,91.97297297297297,,1.0,100.0,1.0,-0.5579719099491007
63.288879376201905,91.97297297297297,,1.0,100.0,1.0,-0.562421592522673
63.578595094230764,91.97297297297297,,1.0,100.0,1.0,-0.566941425034027
63.868310812259615,91.97297297297297,,1.0,100.0,1.0,-0.5715326059815133
64.15802653028845,91.97297297297297,,1.0,100.0,1.0,-0.5761963570723219
64.4477422483173,91.97297297297297,,1.0,100.0,1.0,-0.580933924065807
64.73745796634616,91.97297297297297,,1.0,100.0,1.0,-0.5857465776305734
65.027173684375,91.97297297297297,,1.0,100.0,1.0,-0.5906356142154152
65.31688940240385,91.97297297297297,,1.0,100.0,1.0,-0.5956023569338998
65.60660512043269,91.97297297297297,,1.0,100.0,1.0,-0.6006481564625379
65.89632083846153,91.97297297297297,,1.0,100.0,1.0,-0.6057743919528392
66.18603655649038,91.97297297297297,,1.0,100.0,1.0,-0.6109824719570068
66.47575227451922,91.97297297297297,,1.0,100.0,1.0,-0.6162738353672242
66.76546799254808,91.97297297297297,,1.0,100.0,1.0,-0.62164995236887
67.05518371057693,91.97297297297297,,1.0,100.0,1.0,-0.6271123254075794
67.34489942860577,91.97297297297297,,1.0,100.0,1.0,-0.6326624901702798
67.63461514663462,91.97297297297297,,1.0,100.0,1.0,-0.6383020165801926
67.92433086466346,91.97297297297297,,1.0,100.0,1.0,-0.6440325098061621
68.2140465826923,91.97297297297297,,1.0,100.0,1.0,-0.6498556112861904
68.50376230072115,91.97297297297297,,1.0,100.0,1.0,-0.655772999765598
68.79347801875001,91.97297297297297,,1.0,100.0,1.0,-0.6617863923498858
69.08319373677885,91.97297297297297,,1.0,100.0,1.0,-0.6678975455723182
69.3729094548077,91.97297297297297,,1.0,100.0,1.0,-0.6741082564768497
69.66262517283654,91.97297297297297,,1.0,100.0,1.0,-0.6804203637162936
69.95234089086537,91.97297297297297,,1.0,100.0,1.0,-0.6868357486661055
70.24205660889423,91.97297297297297,,1.0,100.0,1.0,-0.6933563365541516
70.53177232692308,91.97297297297297,,1.0,100.0,1.0,-0.6999840976065612
70.82148804495192,91.97297297297297,,1.0,100.0,1.0,-0.7067210482101604
71.11120376298076,91.97297297297297,,1.0,100.0,1.0,-0.7135692520917684
71.40091948100961,91.97297297297297,,1.0,100.0,1.0,-0.7205308215146544
71.69063519903845,91.97297297297297,,1.0,100.0,1.0,-0.7276079184925546
71.9803509170673,91.97297297297297,,1.0,100.0,1.0,-0.7348027560216837
72.27006663509614,91.97297297297297,,1.0,100.0,1.0,-0.7421175993311755
72.55978235312502,91.97297297297297,,1.0,100.0,1.0,-0.7495547671521477
72.84949807115386,91.97297297297297,,1.0,100.0,1.0,-0.7571166330062254
73.13921378918268,91.97297297297297,,1.0,100.0,1.0,-0.7648056265137109
73.42892950721154,91.97297297297297,,1.0,100.0,1.0,-0.7726242347218052
73.71864522524038,91.97297297297297,,1.0,100.0,1.0,-0.7805750034538316
74.00836094326922,91.97297297297297,,1.0,100.0,1.0,-0.7886605386795168
74.29807666129807,91.97297297297297,,1.0,100.0,1.0,-0.7968835079070052
74.58779237932691,91.97297297297297,,1.0,100.0,1.0,-0.8052466415974096
74.87750809735577,91.97297297297297,,1.0,100.0,1.0,-0.813752734602183
75.16722381538462,91.97297297297297,,1.0,100.0,1.0,-0.8224046476241118
75.45693953341345,91.97297297297297,,1.0,100.0,1.0,-0.8312053087024002
75.7466552514423,91.97297297297297,,1.0,100.0,1.0,-0.8401577147225923
76.03637096947115,91.97297297297297,,1.0,100.0,1.0,-0.8492649329522748
76.32608668750001,91.97297297297297,,1.0,100.0,1.0,-0.8585301026024819
76.61580240552884,91.97297297297297,,1.0,100.0,1.0,-0.8679564364165064
76.9055181235577,91.97297297297297,,1.0,100.0,1.0,-0.8775472222860332
77.19523384158653,91.97297297297297,,1.0,100.0,1.0,-0.8873058248959593
77.48494955961539,91.97297297297297,,1.0,100.0,1.0,-0.8972356873981825
77.77466527764422,91.97297297297297,,1.0,100.0,1.0,-0.9073403331155736
78.06438099567308,91.97297297297297,,1.0,100.0,1.0,-0.9176233672767976
78.35409671370192,91.97297297297297,,1.0,100.0,1.0,-0.9280884787827124
78.64381243173077,91.97297297297297,,1.0,100.0,1.0,-0.9387394420056212
78.93352814975961,91.97297297297297,,1.0,100.0,1.0,-0.9495801186217836
79.22324386778845,91.97297297297297,,1.0,100.0,1.0,-0.9606144594786048
79.51295958581731,91.97297297297297,,1.0,100.0,1.0,-0.9718465064970804
79.80267530384614,91.97297297297297,,1.0,100.0,1.0,-0.9832803946107412
1.0,94.64864864864865,,1.0,100.0,1.0,-0.4186274727407076
1.289715718028846,94.64864864864865,,1.0,100.0,1.0,-0.4132908049847129
1.5794314360576922,94.64864864864865,,1.0,100.0,1.0,-0.4080596816679719
1.8691471540865385,94.64864864864865,,1.0,100.0,1.0,-0.4029341382238187
2.1588628721153844,94.64864864864865,,1.0,100.0,1.0,-0.3979141713275896
2.4485785901442307,94.64864864864865,,1.0,100.0,1.0,-0.3929997405673332
2.738294308173077,94.64864864864865,,1.0,100.0,1.0,-0.3881907699846037
3.028010026201923,94.64864864864865,,1.0,100.0,1.0,-0.3834871494910815
3.3177257442307693,94.64864864864865,,1.0,100.0,1.0,-0.3788887361666797
3.607441462259615,94.64864864864865,,1.0,100.0,1.0,-0.3743953554448709
3.897157180288461,94.64864864864865,,1.0,100.0,1.0,-0.3700068021907108
4.186872898317307,94.64864864864865,,1.0,100.0,1.0,-0.3657228416771486
4.476588616346154,94.64864864864865,,1.0,100.0,1.0,-0.3615432104650843
4.766304334375,94.64864864864865,,1.0,100.0,1.0,-0.3574676171924509
5.056020052403846,94.64864864864865,,1.0,100.0,1.0,-0.3534957432778564
5.345735770432693,94.64864864864865,,1.0,100.0,1.0,-0.3496272435438554
5.6354514884615385,94.64864864864865,,1.0,100.0,1.0,-0.3458617467652498
5.925167206490385,94.64864864864865,,1.0,100.0,1.0,-0.3421988561474171
6.21488292451923,94.64864864864865,,1.0,100.0,1.0,-0.3386381497398871
6.504598642548077,94.64864864864865,,1.0,100.0,1.0,-0.3351791807901602
6.794314360576923,94.64864864864865,,1.0,100.0,1.0,-0.331821478042657
7.084030078605768,94.64864864864865,,1.0,100.0,1.0,-0.3285645459879228
7.373745796634614,94.64864864864865,,1.0,100.0,1.0,-0.3254078650665646
7.663461514663462,94.64864864864865,,1.0,100.0,1.0,-0.3223508918331173
7.9531772326923065,94.64864864864865,,1.0,100.0,1.0,-0.319393059084138
8.242892950721153,94.64864864864865,,1.0,100.0,1.0,-0.3165337759553903
8.53260866875,94.64864864864865,,1.0,100.0,1.0,-0.3137724279925305
8.822324386778845,94.64864864864865,,1.0,100.0,1.0,-0.311108377199757
9.112040104807692,94.64864864864865,,1.0,100.0,1.0,-0.3085409620708197
9.401755822836538,94.64864864864865,,1.0,100.0,1.0,-0.3060694976065661
9.691471540865384,94.64864864864865,,1.0,100.0,1.0,-0.3036932753232571
9.98118725889423,94.64864864864865,,1.0,100.0,1.0,-0.3014115632556387
10.270902976923075,94.64864864864865,,1.0,100.0,1.0,-0.2992236059587807
10.560618694951922,94.64864864864865,,1.0,100.0,1.0,-0.2971286245124197
10.850334412980768,94.64864864864865,,1.0,100.0,1.0,-0.295125816531619
11.140050131009614,94.64864864864865,,1.0,100.0,1.0,-0.2932143561872085
11.42976584903846,94.64864864864865,,1.0,100.0,1.0,-0.2913933942395935
11.719481567067307,94.64864864864865,,1.0,100.0,1.0,-0.2896620580890578
12.009197285096153,94.64864864864865,,1.0,100.0,1.0,-0.2880194518459142
12.298913003125,94.64864864864865,,1.0,100.0,1.0,-0.2864646564234376
12.588628721153844,94.64864864864865,,1.0,100.0,1.0,-0.2849967296563767
12.87834443918269,94.64864864864865,,1.0,100.0,1.0,-0.2836147064479197
13.168060157211537,94.64864864864865,,1.0,100.0,1.0,-0.2823175989474634
13.457775875240383,94.64864864864865,,1.0,100.0,1.0,-0.2811043967617048
13.747491593269228,94.64864864864865,,1.0,100.0,1.0,-0.2799740672011762
14.037207311298074,94.64864864864865,,1.0,100.0,1.0,-0.2789255555642491
14.32692302932692,94.64864864864865,,1.0,100.0,1.0,-0.2779577854604536
14.616638747355767,94.64864864864865,,1.0,100.0,1.0,-0.2770696591746749
14.906354465384615,94.64864864864865,,1.0,100.0,1.0,-0.2762600580738553
15.196070183413461,94.64864864864865,,1.0,100.0,1.0,-0.2755278430572431
15.485785901442307,94.64864864864865,,1.0,100.0,1.0,-0.2748718550513798
15.775501619471152,94.64864864864865,,1.0,100.0,1.0,-0.2742909155506115
16.0652173375,94.64864864864865,,1.0,100.0,1.0,-0.2737838272038074
16.354933055528846,94.64864864864865,,1.0,100.0,1.0,-0.273349374447687
16.64464877355769,94.64864864864865,,1.0,100.0,1.0,-0.2729863241870491
16.93436449158654,94.64864864864865,,1.0,100.0,1.0,-0.2726934265218796
17.224080209615384,94.64864864864865,,1.0,100.0,1.0,-0.2724694155211239
17.51379592764423,94.64864864864865,,1.0,100.0,1.0,-0.2723130100428856
17.803511645673076,94.64864864864865,,1.0,100.0,1.0,-0.2722229146002586
18.093227363701924,94.64864864864865,,1.0,100.0,1.0,-0.2721978202721407
18.38294308173077,94.64864864864865,,1.0,100.0,1.0,-0.2722364056580321
18.672658799759613,94.64864864864865,,1.0,100.0,1.0,-0.2723373378755033
18.96237451778846,94.64864864864865,,1.0,100.0,1.0,-0.2724992735991167
19.252090235817306,94.64864864864865,,1.0,100.0,1.0,-0.2727208601390721
19.541805953846154,94.64864864864865,,1.0,100.0,1.0,-0.2730007365579666
19.831521671875,94.64864864864865,,1.0,100.0,1.0,-0.2733375348236078
20.121237389903843,94.64864864864865,,1.0,100.0,1.0,-0.2737298809959343
20.41095310793269,94.64864864864865,,1.0,100.0,1.0,-0.2741763964455704
20.700668825961536,94.64864864864865,,1.0,100.0,1.0,-0.2746756991018872
20.99038454399038,94.64864864864865,,1.0,100.0,1.0,-0.2752264047277423
21.28010026201923,94.64864864864865,,1.0,100.0,1.0,-0.275827128218383
21.569815980048077,94.64864864864865,,1.0,100.0,1.0,-0.2764764849217196
21.85953169807692,94.64864864864865,,1.0,100.0,1.0,-0.2771730919768403
22.14924741610577,94.64864864864865,,1.0,100.0,1.0,-0.2779155696680784
22.438963134134614,94.64864864864865,,1.0,100.0,1.0,-0.2787025427912303
22.728678852163462,94.64864864864865,,1.0,100.0,1.0,-0.2795326420288847
23.018394570192307,94.64864864864865,,1.0,100.0,1.0,-0.2804045053316751
23.308110288221158,94.64864864864865,,1.0,100.0,1.0,-0.2813167793019234
23.59782600625,94.64864864864865,,1.0,100.0,1.0,-0.282268120576737
23.88754172427884,94.64864864864865,,1.0,100.0,1.0,-0.283257197206809
24.17725744230769,94.64864864864865,,1.0,100.0,1.0,-0.2842826900278562
24.46697316033654,94.64864864864865,,1.0,100.0,1.0,-0.2853432940212352
24.75668887836538,94.64864864864865,,1.0,100.0,1.0,-0.2864377196603722
25.046404596394233,94.64864864864865,,1.0,100.0,1.0,-0.2875646942398802
25.336120314423074,94.64864864864865,,1.0,100.0,1.0,-0.288722963183934
25.62583603245192,94.64864864864865,,1.0,100.0,1.0,-0.2899112913308523
25.915551750480766,94.64864864864865,,1.0,100.0,1.0,-0.2911284641908052
26.205267468509614,94.64864864864865,,1.0,100.0,1.0,-0.2923732891734424
26.494983186538455,94.64864864864865,,1.0,100.0,1.0,-0.2936445967829036
26.78469890456731,94.64864864864865,,1.0,100.0,1.0,-0.294941241776965
27.074414622596148,94.64864864864865,,1.0,100.0,1.0,-0.2962621042880703
27.364130340624996,94.64864864864865,,1.0,100.0,1.0,-0.2976060909034747
27.65384605865384,94.64864864864865,,1.0,100.0,1.0,-0.2989721357020731
27.94356177668269,94.64864864864865,,1.0,100.0,1.0,-0.3003592012459463
28.233277494711533,94.64864864864865,,1.0,100.0,1.0,-0.3017662795242237
28.52299321274039,94.64864864864865,,1.0,100.0,1.0,-0.3031923928476103
28.812708930769226,94.64864864864865,,1.0,100.0,1.0,-0.3046365946917082
29.102424648798074,94.64864864864865,,1.0,100.0,1.0,-0.3060979704876111
29.392140366826922,94.64864864864865,,1.0,100.0,1.0,-0.3075756383584929
29.681856084855767,94.64864864864865,,1.0,100.0,1.0,-0.3090687498007883
29.97157180288462,94.64864864864865,,1.0,100.0,1.0,-0.3105764903092378
30.261287520913456,94.64864864864865,,1.0,100.0,1.0,-0.3120980799448564
30.551003238942304,94.64864864864865,,1.0,100.0,1.0,-0.3136327738450617
30.84071895697115,94.64864864864865,,1.0,100.0,1.0,-0.3151798626759389
31.130434674999997,94.64864864864865,,1.0,100.0,1.0,-0.3167386730258924
31.420150393028845,94.64864864864865,,1.0,100.0,1.0,-0.3183085677410535
31.709866111057696,94.64864864864865,,1.0,100.0,1.0,-0.3198889462022998
31.999581829086537,94.64864864864865,,1.0,100.0,1.0,-0.3214792445442518
32.28929754711538,94.64864864864865,,1.0,100.0,1.0,-0.3230789358167579
32.579013265144226,94.64864864864865,,1.0,100.0,1.0,-0.3246875300893866
32.86872898317308,94.64864864864865,,1.0,100.0,1.0,-0.3263045744998664
33.15844470120192,94.64864864864865,,1.0,100.0,1.0,-0.3279296532471397
33.44816041923077,94.64864864864865,,1.0,100.0,1.0,-0.3295623875305027
33.73787613725961,94.64864864864865,,1.0,100.0,1.0,-0.3312024354355201
34.02759185528846,94.64864864864865,,1.0,100.0,1.0,-0.3328494917686687
34.31730757331731,94.64864864864865,,1.0,100.0,1.0,-0.334503287841551
34.60702329134615,94.64864864864865,,1.0,100.0,1.0,-0.3361635912067611
34.896739009375,94.64864864864865,,1.0,100.0,1.0,-0.3378302053467439
35.18645472740385,94.64864864864865,,1.0,100.0,1.0,-0.3395029693175682
35.476170445432686,94.64864864864865,,1.0,100.0,1.0,-0.3411817573494453
35.76588616346154,94.64864864864865,,1.0,100.0,1.0,-0.3428664784060118
36.05560188149038,94.64864864864865,,1.0,100.0,1.0,-0.3445570757041118
36.34531759951923,94.64864864864865,,1.0,100.0,1.0,-0.3462535261965805
36.63503331754807,94.64864864864865,,1.0,100.0,1.0,-0.3479558400197332
36.92474903557693,94.64864864864865,,1.0,100.0,1.0,-0.3496640599080788
37.21446475360577,94.64864864864865,,1.0,100.0,1.0,-0.3513782605782111
37.50418047163461,94.64864864864865,,1.0,100.0,1.0,-0.3530985480842843
37.79389618966346,94.64864864864865,,1.0,100.0,1.0,-0.3548250591473119
38.08361190769231,94.64864864864865,,1.0,100.0,1.0,-0.3565579604605159
38.37332762572115,94.64864864864865,,1.0,100.0,1.0,-0.3582974479731414
38.66304334375,94.64864864864865,,1.0,100.0,1.0,-0.3600437461548428
38.95275906177885,94.64864864864865,,1.0,100.0,1.0,-0.3617971072431688
39.24247477980769,94.64864864864865,,1.0,100.0,1.0,-0.3635578104762463
39.53219049783654,94.64864864864865,,1.0,100.0,1.0,-0.3653261613129859
39.82190621586538,94.64864864864865,,1.0,100.0,1.0,-0.3671024906431096
40.111621933894234,94.64864864864865,,1.0,100.0,1.0,-0.3688871539890038
40.40133765192307,94.64864864864865,,1.0,100.0,1.0,-0.3706805307018751
40.69105336995192,94.64864864864865,,1.0,100.0,1.0,-0.3724830231539567
40.98076908798076,94.64864864864865,,1.0,100.0,1.0,-0.3742950559292275
41.27048480600961,94.64864864864865,,1.0,100.0,1.0,-0.3761170750143567
41.56020052403846,94.64864864864865,,1.0,100.0,1.0,-0.3779495469919275
41.8499162420673,94.64864864864865,,1.0,100.0,1.0,-0.3797929582379479
42.13963196009615,94.64864864864865,,1.0,100.0,1.0,-0.3816478141253766
42.429347678125,94.64864864864865,,1.0,100.0,1.0,-0.3835146382353086
42.71906339615384,94.64864864864865,,1.0,100.0,1.0,-0.385393971577883
43.00877911418269,94.64864864864865,,1.0,100.0,1.0,-0.3872863718240619
43.29849483221154,94.64864864864865,,1.0,100.0,1.0,-0.3891924125501931
43.58821055024038,94.64864864864865,,1.0,100.0,1.0,-0.3911126824966819
43.87792626826923,94.64864864864865,,1.0,100.0,1.0,-0.3930477848420167
44.16764198629807,94.64864864864865,,1.0,100.0,1.0,-0.3949983364937938
44.457357704326924,94.64864864864865,,1.0,100.0,1.0,-0.3969649673976461
44.74707342235577,94.64864864864865,,1.0,100.0,1.0,-0.3989483198653847
45.03678914038461,94.64864864864865,,1.0,100.0,1.0,-0.4009490479233935
45.32650485841346,94.64864864864865,,1.0,100.0,1.0,-0.4029678166823633
45.61622057644231,94.64864864864865,,1.0,100.0,1.0,-0.4050053017290151
45.905936294471154,94.64864864864865,,1.0,100.0,1.0,-0.4070621885411154
46.1956520125,94.64864864864865,,1.0,100.0,1.0,-0.409139171926077
46.485367730528836,94.64864864864865,,1.0,100.0,1.0,-0.4112369554842207
46.775083448557695,94.64864864864865,,1.0,100.0,1.0,-0.413356251097156
47.06479916658654,94.64864864864865,,1.0,100.0,1.0,-0.4154977784418719
47.35451488461538,94.64864864864865,,1.0,100.0,1.0,-0.4176622645311952
47.644230602644235,94.64864864864865,,1.0,100.0,1.0,-0.4198504432807765
47.93394632067308,94.64864864864865,,1.0,100.0,1.0,-0.4220630551033456
48.22366203870192,94.64864864864865,,1.0,100.0,1.0,-0.4243008465303874
48.51337775673076,94.64864864864865,,1.0,100.0,1.0,-0.4265645698613717
48.80309347475962,94.64864864864865,,1.0,100.0,1.0,-0.4288549828411815
49.092809192788465,94.64864864864865,,1.0,100.0,1.0,-0.4311728483655102
49.38252491081732,94.64864864864865,,1.0,100.0,1.0,-0.4335189342145543
49.67224062884614,94.64864864864865,,1.0,100.0,1.0,-0.4358940128151317
49.96195634687499,94.64864864864865,,1.0,100.0,1.0,-0.4382988610311135
50.25167206490384,94.64864864864865,,1.0,100.0,1.0,-0.440734259982339
50.54138778293269,94.64864864864865,,1.0,100.0,1.0,-0.4432009948917997
50.83110350096153,94.64864864864865,,1.0,100.0,1.0,-0.4456998549612713
51.120819218990384,94.64864864864865,,1.0,100.0,1.0,-0.4482316332749264
51.41053493701923,94.64864864864865,,1.0,100.0,1.0,-0.4507971267311987
51.70025065504807,94.64864864864865,,1.0,100.0,1.0,-0.4533971360024087
51.98996637307691,94.64864864864865,,1.0,100.0,1.0,-0.4560324655220388
52.27968209110577,94.64864864864865,,1.0,100.0,1.0,-0.4587039234995146
52.569397809134614,94.64864864864865,,1.0,100.0,1.0,-0.4614123219621669
52.859113527163466,94.64864864864865,,1.0,100.0,1.0,-0.4641584768240228
53.148829245192296,94.64864864864865,,1.0,100.0,1.0,-0.4669432079813004
53.438544963221155,94.64864864864865,,1.0,100.0,1.0,-0.4697673394341475
53.72826068124999,94.64864864864865,,1.0,100.0,1.0,-0.4726316994343474
54.01797639927885,94.64864864864865,,1.0,100.0,1.0,-0.4755371206585242
54.30769211730768,94.64864864864865,,1.0,100.0,1.0,-0.478484440406725
54.59740783533653,94.64864864864865,,1.0,100.0,1.0,-0.4814745008257689
54.88712355336538,94.64864864864865,,1.0,100.0,1.0,-0.484508149157086
55.176839271394236,94.64864864864865,,1.0,100.0,1.0,-0.4875862380085189
55.46655498942307,94.64864864864865,,1.0,100.0,1.0,-0.4907096256498612
55.75627070745192,94.64864864864865,,1.0,100.0,1.0,-0.4938791763316671
56.04598642548078,94.64864864864865,,1.0,100.0,1.0,-0.4970957606267582
56.33570214350961,94.64864864864865,,1.0,100.0,1.0,-0.5003602557941815
56.62541786153845,94.64864864864865,,1.0,100.0,1.0,-0.5036735461652144
56.9151335795673,94.64864864864865,,1.0,100.0,1.0,-0.5070365235508142
57.20484929759615,94.64864864864865,,1.0,100.0,1.0,-0.5104500876702646
57.49456501562499,94.64864864864865,,1.0,100.0,1.0,-0.5139151466005066
57.784280733653844,94.64864864864865,,1.0,100.0,1.0,-0.5174326172458901
58.07399645168269,94.64864864864865,,1.0,100.0,1.0,-0.5210034258276313
58.36371216971153,94.64864864864865,,1.0,100.0,1.0,-0.5246285083929343
58.65342788774037,94.64864864864865,,1.0,100.0,1.0,-0.5283088113432294
58.94314360576924,94.64864864864865,,1.0,100.0,1.0,-0.5320452919810529
59.23285932379808,94.64864864864865,,1.0,100.0,1.0,-0.53583891907532
59.52257504182691,94.64864864864865,,1.0,100.0,1.0,-0.5396906734446135
59.812290759855756,94.64864864864865,,1.0,100.0,1.0,-0.5436015485581024
60.10200647788461,94.64864864864865,,1.0,100.0,1.0,-0.5475725511538438
60.39172219591345,94.64864864864865,,1.0,100.0,1.0,-0.5516047018739144
60.6814379139423,94.64864864864865,,1.0,100.0,1.0,-0.55569903591637
60.97115363197115,94.64864864864865,,1.0,100.0,1.0,-0.5598566037035185
61.26086934999999,94.64864864864865,,1.0,100.0,1.0,-0.5640784715662428
61.55058506802884,94.64864864864865,,1.0,100.0,1.0,-0.5683657224442367
61.84030078605769,94.64864864864865,,1.0,100.0,1.0,-0.5727194566018775
62.130016504086534,94.64864864864865,,1.0,100.0,1.0,-0.5771407923591462
62.41973222211538,94.64864864864865,,1.0,100.0,1.0,-0.5816308668381069
62.70944794014423,94.64864864864865,,1.0,100.0,1.0,-0.5861908367239016
62.999163658173075,94.64864864864865,,1.0,100.0,1.0,-0.5908218790408192
63.288879376201905,94.64864864864865,,1.0,100.0,1.0,-0.5955251919427738
63.578595094230764,94.64864864864865,,1.0,100.0,1.0,-0.6003019955181562
63.868310812259615,94.64864864864865,,1.0,100.0,1.0,-0.6051535326091707
64.15802653028845,94.64864864864865,,1.0,100.0,1.0,-0.6100810696452134
64.4477422483173,94.64864864864865,,1.0,100.0,1.0,-0.6150858974904547
64.73745796634616,94.64864864864865,,1.0,100.0,1.0,-0.6201693323053099
65.027173684375,94.64864864864865,,1.0,100.0,1.0,-0.6253327164219977
65.31688940240385,94.64864864864865,,1.0,100.0,1.0,-0.6305774192339827
65.60660512043269,94.64864864864865,,1.0,100.0,1.0,-0.6359048380992698
65.89632083846153,94.64864864864865,,1.0,100.0,1.0,-0.6413163992576502
66.18603655649038,94.64864864864865,,1.0,100.0,1.0,-0.6468135587619328
66.47575227451922,94.64864864864865,,1.0,100.0,1.0,-0.6523978034230175
66.76546799254808,94.64864864864865,,1.0,100.0,1.0,-0.6580706517690175
67.05518371057693,94.64864864864865,,1.0,100.0,1.0,-0.6638336550184986
67.34489942860577,94.64864864864865,,1.0,100.0,1.0,-0.6696883980679071
67.63461514663462,94.64864864864865,,1.0,100.0,1.0,-0.6756365004931922
67.92433086466346,94.64864864864865,,1.0,100.0,1.0,-0.681679617565924
68.2140465826923,94.64864864864865,,1.0,100.0,1.0,-0.6878194412839844
68.50376230072115,94.64864864864865,,1.0,100.0,1.0,-0.6940577014169903
68.79347801875001,94.64864864864865,,1.0,100.0,1.0,-0.7003961665664917
69.08319373677885,94.64864864864865,,1.0,100.0,1.0,-0.7068366452415402
69.3729094548077,94.64864864864865,,1.0,100.0,1.0,-0.7133809869493278
69.66262517283654,94.64864864864865,,1.0,100.0,1.0,-0.7200310833016267
69.95234089086537,94.64864864864865,,1.0,100.0,1.0,-0.7267888691370039
70.24205660889423,94.64864864864865,,1.0,100.0,1.0,-0.733656323658949
70.53177232692308,94.64864864864865,,1.0,100.0,1.0,-0.7406354715908929
70.82148804495192,94.64864864864865,,1.0,100.0,1.0,-0.7477283843473319
71.11120376298076,94.64864864864865,,1.0,100.0,1.0,-0.7549371812226309
71.40091948100961,94.64864864864865,,1.0,100.0,1.0,-0.7622640305967524
71.69063519903845,94.64864864864865,,1.0,100.0,1.0,-0.7697111511590992
71.9803509170673,94.64864864864865,,1.0,100.0,1.0,-0.7772808131503172
72.27006663509614,94.64864864864865,,1.0,100.0,1.0,-0.7849753396228415
72.55978235312502,94.64864864864865,,1.0,100.0,1.0,-0.7927971077203861
72.84949807115386,94.64864864864865,,1.0,100.0,1.0,-0.8007485499768515
73.13921378918268,94.64864864864865,,1.0,100.0,1.0,-0.8088321556353069
73.42892950721154,94.64864864864865,,1.0,100.0,1.0,-0.8170504719871624
73.71864522524038,94.64864864864865,,1.0,100.0,1.0,-0.8254061057325227
74.00836094326922,94.64864864864865,,1.0,100.0,1.0,-0.8339017243618554
74.29807666129807,94.64864864864865,,1.0,100.0,1.0,-0.8425400575594992
74.58779237932691,94.64864864864865,,1.0,100.0,1.0,-0.851323898630103
74.87750809735577,94.64864864864865,,1.0,100.0,1.0,-0.8602561059479146
75.16722381538462,94.64864864864865,,1.0,100.0,1.0,-0.8693396044299171
75.45693953341345,94.64864864864865,,1.0,100.0,1.0,-0.8785773870333573
75.7466552514423,94.64864864864865,,1.0,100.0,1.0,-0.8879725162782456
76.03637096947115,94.64864864864865,,1.0,100.0,1.0,-0.8975281257957418
76.32608668750001,94.64864864864865,,1.0,100.0,1.0,-0.9072474219027348
76.61580240552884,94.64864864864865,,1.0,100.0,1.0,-0.9171336852036492
76.9055181235577,94.64864864864865,,1.0,100.0,1.0,-0.9271902722200132
77.19523384158653,94.64864864864865,,1.0,100.0,1.0,-0.937420617048852
77.48494955961539,94.64864864864865,,1.0,100.0,1.0,-0.947828233050162
77.77466527764422,94.64864864864865,,1.0,100.0,1.0,-0.9584167145649888
78.06438099567308,94.64864864864865,,1.0,100.0,1.0,-0.969189738664182
78.35409671370192,94.64864864864865,,1.0,100.0,1.0,-0.98015106692928
1.0,97.32432432432432,,1.0,100.0,1.0,-0.4290311080654848
1.289715718028846,97.32432432432432,,1.0,100.0,1.0,-0.4237920396198543
1.5794314360576922,97.32432432432432,,1.0,100.0,1.0,-0.4186566125260099
1.8691471540865385,97.32432432432432,,1.0,100.0,1.0,-0.4136249586029591
2.1588628721153844,97.32432432432432,,1.0,100.0,1.0,-0.4086971669006936
2.4485785901442307,97.32432432432432,,1.0,100.0,1.0,-0.4038732854948251
2.738294308173077,97.32432432432432,,1.0,100.0,1.0,-0.3991533231495084
3.028010026201923,97.32432432432432,,1.0,100.0,1.0,-0.3945372508546304
3.3177257442307693,97.32432432432432,,1.0,100.0,1.0,-0.3900250032426273
3.607441462259615,97.32432432432432,,1.0,100.0,1.0,-0.3856164798908843
3.897157180288461,97.32432432432432,,1.0,100.0,1.0,-0.38131154651508
4.186872898317307,97.32432432432432,,1.0,100.0,1.0,-0.377110036059043
4.476588616346154,97.32432432432432,,1.0,100.0,1.0,-0.3730117496865847
4.766304334375,97.32432432432432,,1.0,100.0,1.0,-0.3690164576806394
5.056020052403846,97.32432432432432,,1.0,100.0,1.0,-0.3651239002550911
5.345735770432693,97.32432432432432,,1.0,100.0,1.0,-0.3613337882843834
5.6354514884615385,97.32432432432432,,1.0,100.0,1.0,-0.3576458039564025
5.925167206490385,97.32432432432432,,1.0,100.0,1.0,-0.354059601353435
6.21488292451923,97.32432432432432,,1.0,100.0,1.0,-0.3505748069665226
6.504598642548077,97.32432432432432,,1.0,100.0,1.0,-0.3471910201481153
6.794314360576923,97.32432432432432,,1.0,100.0,1.0,-0.3439078135079397
7.084030078605768,97.32432432432432,,1.0,100.0,1.0,-0.3407247332571231
7.373745796634614,97.32432432432432,,1.0,100.0,1.0,-0.3376412995051385
7.663461514663462,97.32432432432432,,1.0,100.0,1.0,-0.3346570065145338
7.9531772326923065,97.32432432432432,,1.0,100.0,1.0,-0.3317713229180106
8.242892950721153,97.32432432432432,,1.0,100.0,1.0,-0.3289836919024431
8.53260866875,97.32432432432432,,1.0,100.0,1.0,-0.3262935313643225
8.822324386778845,97.32432432432432,,1.0,100.0,1.0,-0.3237002340411458
9.112040104807692,97.32432432432432,,1.0,100.0,1.0,-0.3212031676229792
9.401755822836538,97.32432432432432,,1.0,100.0,1.0,-0.3188016748484716
9.691471540865384,97.32432432432432,,1.0,100.0,1.0,-0.3164950735894607
9.98118725889423,97.32432432432432,,1.0,100.0,1.0,-0.3142826569282693
10.270902976923075,97.32432432432432,,1.0,100.0,1.0,-0.3121636932314806
10.560618694951922,97.32432432432432,,1.0,100.0,1.0,-0.3101374262241406
10.850334412980768,97.32432432432432,,1.0,100.0,1.0,-0.3082030750680664
11.140050131009614,97.32432432432432,,1.0,100.0,1.0,-0.3063598344477414
11.42976584903846,97.32432432432432,,1.0,100.0,1.0,-0.3046068746673852
11.719481567067307,97.32432432432432,,1.0,100.0,1.0,-0.3029433417623899
12.009197285096153,97.32432432432432,,1.0,100.0,1.0,-0.3013683576283501
12.298913003125,97.32432432432432,,1.0,100.0,1.0,-0.2998810201707004
12.588628721153844,97.32432432432432,,1.0,100.0,1.0,-0.2984804034778237
12.87834443918269,97.32432432432432,,1.0,100.0,1.0,-0.2971655580203549
13.168060157211537,97.32432432432432,,1.0,100.0,1.0,-0.2959355108792555
13.457775875240383,97.32432432432432,,1.0,100.0,1.0,-0.2947892660049067
13.747491593269228,97.32432432432432,,1.0,100.0,1.0,-0.2937258045097318
14.037207311298074,97.32432432432432,,1.0,100.0,1.0,-0.2927440849959824
14.32692302932692,97.32432432432432,,1.0,100.0,1.0,-0.2918430439208951
14.616638747355767,97.32432432432432,,1.0,100.0,1.0,-0.2910215960006467
14.906354465384615,97.32432432432432,,1.0,100.0,1.0,-0.2902786346547295
15.196070183413461,97.32432432432432,,1.0,100.0,1.0,-0.2896130324919556
15.485785901442307,97.32432432432432,,1.0,100.0,1.0,-0.289023641839127
15.775501619471152,97.32432432432432,,1.0,100.0,1.0,-0.2885092953134358
16.0652173375,97.32432432432432,,1.0,100.0,1.0,-0.2880688064390478
16.354933055528846,97.32432432432432,,1.0,100.0,1.0,-0.2877009703085039
16.64464877355769,97.32432432432432,,1.0,100.0,1.0,-0.2874045642891894
16.93436449158654,97.32432432432432,,1.0,100.0,1.0,-0.2871783487749142
17.224080209615384,97.32432432432432,,1.0,100.0,1.0,-0.2870210679824198
17.51379592764423,97.32432432432432,,1.0,100.0,1.0,-0.2869314507926359
17.803511645673076,97.32432432432432,,1.0,100.0,1.0,-0.2869082116359595
18.093227363701924,97.32432432432432,,1.0,100.0,1.0,-0.2869500514208999
18.38294308173077,97.32432432432432,,1.0,100.0,1.0,-0.2870556585052294
18.672658799759613,97.32432432432432,,1.0,100.0,1.0,-0.2872237097083074
18.96237451778846,97.32432432432432,,1.0,100.0,1.0,-0.2874528713634295
19.252090235817306,97.32432432432432,,1.0,100.0,1.0,-0.2877418004086166
19.541805953846154,97.32432432432432,,1.0,100.0,1.0,-0.2880891455141531
19.831521671875,97.32432432432432,,1.0,100.0,1.0,-0.2884935482449938
20.121237389903843,97.32432432432432,,1.0,100.0,1.0,-0.2889536442560941
20.41095310793269,97.32432432432432,,1.0,100.0,1.0,-0.2894680645183254
20.700668825961536,97.32432432432432,,1.0,100.0,1.0,-0.2900354365727545
20.99038454399038,97.32432432432432,,1.0,100.0,1.0,-0.2906543858107691
21.28010026201923,97.32432432432432,,1.0,100.0,1.0,-0.2913235367774044
21.569815980048077,97.32432432432432,,1.0,100.0,1.0,-0.2920415144951577
21.85953169807692,97.32432432432432,,1.0,100.0,1.0,-0.2928069458054284
22.14924741610577,97.32432432432432,,1.0,100.0,1.0,-0.2936184607246394
22.438963134134614,97.32432432432432,,1.0,100.0,1.0,-0.2944746938120985
22.728678852163462,97.32432432432432,,1.0,100.0,1.0,-0.2953742855461982
23.018394570192307,97.32432432432432,,1.0,100.0,1.0,-0.2963158837061967
23.308110288221158,97.32432432432432,,1.0,100.0,1.0,-0.2972981447560233
23.59782600625,97.32432432432432,,1.0,100.0,1.0,-0.2983197352269758
23.88754172427884,97.32432432432432,,1.0,100.0,1.0,-0.2993793330960491
24.17725744230769,97.32432432432432,,1.0,100.0,1.0,-0.3004756291566079
24.46697316033654,97.32432432432432,,1.0,100.0,1.0,-0.3016073283780647
24.75668887836538,97.32432432432432,,1.0,100.0,1.0,-0.3027731512513064
25.046404596394233,97.32432432432432,,1.0,100.0,1.0,-0.3039718351167368
25.336120314423074,97.32432432432432,,1.0,100.0,1.0,-0.3052021354716324
25.62583603245192,97.32432432432432,,1.0,100.0,1.0,-0.3064628272537931
25.915551750480766,97.32432432432432,,1.0,100.0,1.0,-0.3077527060983325
26.205267468509614,97.32432432432432,,1.0,100.0,1.0,-0.3090705895647372
26.494983186538455,97.32432432432432,,1.0,100.0,1.0,-0.3104153183313103
26.78469890456731,97.32432432432432,,1.0,100.0,1.0,-0.3117857573542054
27.074414622596148,97.32432432432432,,1.0,100.0,1.0,-0.3131807969884678
27.364130340624996,97.32432432432432,,1.0,100.0,1.0,-0.3145993540685492
27.65384605865384,97.32432432432432,,1.0,100.0,1.0,-0.3160403729459249
27.94356177668269,97.32432432432432,,1.0,100.0,1.0,-0.3175028264817116
28.233277494711533,97.32432432432432,,1.0,100.0,1.0,-0.3189857169919645
28.52299321274039,97.32432432432432,,1.0,100.0,1.0,-0.3204880771441403
28.812708930769226,97.32432432432432,,1.0,100.0,1.0,-0.3220089708026675
29.102424648798074,97.32432432432432,,1.0,100.0,1.0,-0.323547493822241
29.392140366826922,97.32432432432432,,1.0,100.0,1.0,-0.3251027747874891
29.681856084855767,97.32432432432432,,1.0,100.0,1.0,-0.3266739756977048
29.97157180288462,97.32432432432432,,1.0,100.0,1.0,-0.3282602925958314
30.261287520913456,97.32432432432432,,1.0,100.0,1.0,-0.3298609561407012
30.551003238942304,97.32432432432432,,1.0,100.0,1.0,-0.3314752321219233
30.84071895697115,97.32432432432432,,1.0,100.0,1.0,-0.3331024219171894
31.130434674999997,97.32432432432432,,1.0,100.0,1.0,-0.3347418628913934
31.420150393028845,97.32432432432432,,1.0,100.0,1.0,-0.33639292873778
31.709866111057696,97.32432432432432,,1.0,100.0,1.0,-0.3380550297610531
31.999581829086537,97.32432432432432,,1.0,100.0,1.0,-0.3397276131027334
32.28929754711538,97.32432432432432,,1.0,100.0,1.0,-0.3414101629092962
32.579013265144226,97.32432432432432,,1.0,100.0,1.0,-0.343102200443541
32.86872898317308,97.32432432432432,,1.0,100.0,1.0,-0.3448032841400723
33.15844470120192,97.32432432432432,,1.0,100.0,1.0,-0.3465130096057385
33.44816041923077,97.32432432432432,,1.0,100.0,1.0,-0.3482310095661025
33.73787613725961,97.32432432432432,,1.0,100.0,1.0,-0.3499569537590642
34.02759185528846,97.32432432432432,,1.0,100.0,1.0,-0.3516905487770907
34.31730757331731,97.32432432432432,,1.0,100.0,1.0,-0.3534315378593791
34.60702329134615,97.32432432432432,,1.0,100.0,1.0,-0.35517970063545
34.896739009375,97.32432432432432,,1.0,100.0,1.0,-0.3569348528219953
35.18645472740385,97.32432432432432,,1.0,100.0,1.0,-0.3586968458746236
35.476170445432686,97.32432432432432,,1.0,100.0,1.0,-0.3604655665962987
35.76588616346154,97.32432432432432,,1.0,100.0,1.0,-0.3622409367045359
36.05560188149038,97.32432432432432,,1.0,100.0,1.0,-0.3640229123592015
36.34531759951923,97.32432432432432,,1.0,100.0,1.0,-0.3658114836530747
36.63503331754807,97.32432432432432,,1.0,100.0,1.0,-0.3676066740672045
36.92474903557693,97.32432432432432,,1.0,100.0,1.0,-0.3694085398932885
37.21446475360577,97.32432432432432,,1.0,100.0,1.0,-0.3712171696253123
37.50418047163461,97.32432432432432,,1.0,100.0,1.0,-0.3730326833224654
37.79389618966346,97.32432432432432,,1.0,100.0,1.0,-0.3748552319459344
38.08361190769231,97.32432432432432,,1.0,100.0,1.0,-0.3766849966714999
38.37332762572115,97.32432432432432,,1.0,100.0,1.0,-0.3785221881804588
38.66304334375,97.32432432432432,,1.0,100.0,1.0,-0.380367045931099
38.95275906177885,97.32432432432432,,1.0,100.0,1.0,-0.3822198374129301
39.24247477980769,97.32432432432432,,1.0,100.0,1.0,-0.3840808573859872
39.53219049783654,97.32432432432432,,1.0,100.0,1.0,-0.3859504271075853
39.82190621586538,97.32432432432432,,1.0,100.0,1.0,-0.3878288935484575
40.111621933894234,97.32432432432432,,1.0,100.0,1.0,-0.3897166286007602
40.40133765192307,97.32432432432432,,1.0,100.0,1.0,-0.3916140282799366
40.69105336995192,97.32432432432432,,1.0,100.0,1.0,-0.3935215119226009
40.98076908798076,97.32432432432432,,1.0,100.0,1.0,-0.3954395213825127
41.27048480600961,97.32432432432432,,1.0,100.0,1.0,-0.3973685202266144
41.56020052403846,97.32432432432432,,1.0,100.0,1.0,-0.3993089929331629
41.8499162420673,97.32432432432432,,1.0,100.0,1.0,-0.4012614440937229
42.13963196009615,97.32432432432432,,1.0,100.0,1.0,-0.4032263976210214
42.429347678125,97.32432432432432,,1.0,100.0,1.0,-0.405204395964196
42.71906339615384,97.32432432432432,,1.0,100.0,1.0,-0.4071959993334342
43.00877911418269,97.32432432432432,,1.0,100.0,1.0,-0.4092017849352655
43.29849483221154,97.32432432432432,,1.0,100.0,1.0,-0.4112223462203163
43.58821055024038,97.32432432432432,,1.0,100.0,1.0,-0.4132582921449363
43.87792626826923,97.32432432432432,,1.0,100.0,1.0,-0.415310246447926
44.16764198629807,97.32432432432432,,1.0,100.0,1.0,-0.4173788469439813
44.457357704326924,97.32432432432432,,1.0,100.0,1.0,-0.4194647448347106
44.74707342235577,97.32432432432432,,1.0,100.0,1.0,-0.4215686040387232
45.03678914038461,97.32432432432432,,1.0,100.0,1.0,-0.4236911005417937
45.32650485841346,97.32432432432432,,1.0,100.0,1.0,-0.425832921767779
45.61622057644231,97.32432432432432,,1.0,100.0,1.0,-0.4279947659718383
45.905936294471154,97.32432432432432,,1.0,100.0,1.0,-0.4301773416561939
46.1956520125,97.32432432432432,,1.0,100.0,1.0,-0.4323813670096275
46.485367730528836,97.32432432432432,,1.0,100.0,1.0,-0.4346075693713309
46.775083448557695,97.32432432432432,,1.0,100.0,1.0,-0.4368566847196444
47.06479916658654,97.32432432432432,,1.0,100.0,1.0,-0.4391294571864333
47.35451488461538,97.32432432432432,,1.0,100.0,1.0,-0.4414266385975109
47.644230602644235,97.32432432432432,,1.0,100.0,1.0,-0.4437489880397014
47.93394632067308,97.32432432432432,,1.0,100.0,1.0,-0.4460972714547847
48.22366203870192,97.32432432432432,,1.0,100.0,1.0,-0.4484722612607953
48.51337775673076,97.32432432432432,,1.0,100.0,1.0,-0.4508747360009036
48.80309347475962,97.32432432432432,,1.0,100.0,1.0,-0.453305480020156
49.092809192788465,97.32432432432432,,1.0,100.0,1.0,-0.4557652831703117
49.38252491081732,97.32432432432432,,1.0,100.0,1.0,-0.4582549405427443
49.67224062884614,97.32432432432432,,1.0,100.0,1.0,-0.4607752522297575
49.96195634687499,97.32432432432432,,1.0,100.0,1.0,-0.4633270231140987
50.25167206490384,97.32432432432432,,1.0,100.0,1.0,-0.4659110626869466
50.54138778293269,97.32432432432432,,1.0,100.0,1.0,-0.4685281848941119
50.83110350096153,97.32432432432432,,1.0,100.0,1.0,-0.4711792080106642
51.120819218990384,97.32432432432432,,1.0,100.0,1.0,-0.4738649545433808
51.41053493701923,97.32432432432432,,1.0,100.0,1.0,-0.4765862511616014
51.70025065504807,97.32432432432432,,1.0,100.0,1.0,-0.4793439286557049
51.98996637307691,97.32432432432432,,1.0,100.0,1.0,-0.4821388219232989
52.27968209110577,97.32432432432432,,1.0,100.0,1.0,-0.4849717699828256
52.569397809134614,97.32432432432432,,1.0,100.0,1.0,-0.4878436160144279
52.859113527163466,97.32432432432432,,1.0,100.0,1.0,-0.4907552074276424
53.148829245192296,97.32432432432432,,1.0,100.0,1.0,-0.4937073959557748
53.438544963221155,97.32432432432432,,1.0,100.0,1.0,-0.4967010377765789
53.72826068124999,97.32432432432432,,1.0,100.0,1.0,-0.4997369936588774
54.01797639927885,97.32432432432432,,1.0,100.0,1.0,-0.502816129134901
54.30769211730768,97.32432432432432,,1.0,100.0,1.0,-0.5059393146977355
54.59740783533653,97.32432432432432,,1.0,100.0,1.0,-0.5091074260238726
54.88712355336538,97.32432432432432,,1.0,100.0,1.0,-0.5123213442201303
55.176839271394236,97.32432432432432,,1.0,100.0,1.0,-0.5155819560947182
55.46655498942307,97.32432432432432,,1.0,100.0,1.0,-0.5188901544521087
55.75627070745192,97.32432432432432,,1.0,100.0,1.0,-0.5222468384109782
56.04598642548078,97.32432432432432,,1.0,100.0,1.0,-0.5256529137454181
56.33570214350961,97.32432432432432,,1.0,100.0,1.0,-0.5291092932483016
56.62541786153845,97.32432432432432,,1.0,100.0,1.0,-0.5326168971168851
56.9151335795673,97.32432432432432,,1.0,100.0,1.0,-0.5361766533600296
57.20484929759615,97.32432432432432,,1.0,100.0,1.0,-0.539789498226673
57.49456501562499,97.32432432432432,,1.0,100.0,1.0,-0.543456376655105
57.784280733653844,97.32432432432432,,1.0,100.0,1.0,-0.5471782427427788
58.07399645168269,97.32432432432432,,1.0,100.0,1.0,-0.5509560602360077
58.36371216971153,97.32432432432432,,1.0,100.0,1.0,-0.5547908030393587
58.65342788774037,97.32432432432432,,1.0,100.0,1.0,-0.5586834557443653
58.94314360576924,97.32432432432432,,1.0,100.0,1.0,-0.5626350141770694
59.23285932379808,97.32432432432432,,1.0,100.0,1.0,-0.5666464859639619
59.52257504182691,97.32432432432432,,1.0,100.0,1.0,-0.5707188911162756
59.812290759855756,97.32432432432432,,1.0,100.0,1.0,-0.5748532626319343
60.10200647788461,97.32432432432432,,1.0,100.0,1.0,-0.5790506471150546
60.39172219591345,97.32432432432432,,1.0,100.0,1.0,-0.5833121054125465
60.6814379139423,97.32432432432432,,1.0,100.0,1.0,-0.5876387132675931
60.97115363197115,97.32432432432432,,1.0,100.0,1.0,-0.5920315619897013
61.26086934999999,97.32432432432432,,1.0,100.0,1.0,-0.5964917591409866
61.55058506802884,97.32432432432432,,1.0,100.0,1.0,-0.6010204292384977
61.84030078605769,97.32432432432432,,1.0,100.0,1.0,-0.6056187144722862
62.130016504086534,97.32432432432432,,1.0,100.0,1.0,-0.610287775439075
62.41973222211538,97.32432432432432,,1.0,100.0,1.0,-0.6150287918912056
62.70944794014423,97.32432432432432,,1.0,100.0,1.0,-0.6198429635006077
62.999163658173075,97.32432432432432,,1.0,100.0,1.0,-0.6247315106379636
63.288879376201905,97.32432432432432,,1.0,100.0,1.0,-0.6296956751664478
63.578595094230764,97.32432432432432,,1.0,100.0,1.0,-0.6347367212500827
63.868310812259615,97.32432432432432,,1.0,100.0,1.0,-0.6398559361767748
64.15802653028845,97.32432432432432,,1.0,100.0,1.0,-0.6450546311956619
64.4477422483173,97.32432432432432,,1.0,100.0,1.0,-0.65033414236866
64.73745796634616,97.32432432432432,,1.0,100.0,1.0,-0.6556958314364412
65.027173684375,97.32432432432432,,1.0,100.0,1.0,-0.6611410866983853
65.31688940240385,97.32432432432432,,1.0,100.0,1.0,-0.6666713239068738
65.60660512043269,97.32432432432432,,1.0,100.0,1.0,-0.6722879871754993
65.89632083846153,97.32432432432432,,1.0,100.0,1.0,-0.6779925499015692
66.18603655649038,97.32432432432432,,1.0,100.0,1.0,-0.6837865157026183
66.47575227451922,97.32432432432432,,1.0,100.0,1.0,-0.6896714193671549
66.76546799254808,97.32432432432432,,1.0,100.0,1.0,-0.6956488278196398
67.05518371057693,97.32432432432432,,1.0,100.0,1.0,-0.7017203410997377
67.34489942860577,97.32432432432432,,1.0,100.0,1.0,-0.7078875933560387
67.63461514663462,97.32432432432432,,1.0,100.0,1.0,-0.7141522538540717
67.92433086466346,97.32432432432432,,1.0,100.0,1.0,-0.7205160279992755
68.2140465826923,97.32432432432432,,1.0,100.0,1.0,-0.7269806583744315
68.50376230072115,97.32432432432432,,1.0,100.0,1.0,-0.7335479257923047
68.79347801875001,97.32432432432432,,1.0,100.0,1.0,-0.7402196503632076
69.08319373677885,97.32432432432432,,1.0,100.0,1.0,-0.7469976925780367
69.3729094548077,97.32432432432432,,1.0,100.0,1.0,-0.7538839544068151
69.66262517283654,97.32432432432432,,1.0,100.0,1.0,-0.7608803804130112
69.95234089086537,97.32432432432432,,1.0,100.0,1.0,-0.7679889588839103
70.24205660889423,97.32432432432432,,1.0,100.0,1.0,-0.7752117229774306
70.53177232692308,97.32432432432432,,1.0,100.0,1.0,-0.7825507518853791
70.82148804495192,97.32432432432432,,1.0,100.0,1.0,-0.7900081720137742
71.11120376298076,97.32432432432432,,1.0,100.0,1.0,-0.7975861581804014
71.40091948100961,97.32432432432432,,1.0,100.0,1.0,-0.8052869348300575
71.69063519903845,97.32432432432432,,1.0,100.0,1.0,-0.8131127772677365
71.9803509170673,97.32432432432432,,1.0,100.0,1.0,-0.8210660129100932
72.27006663509614,97.32432432432432,,1.0,100.0,1.0,-0.8291490225559403
72.55978235312502,97.32432432432432,,1.0,100.0,1.0,-0.837364241675814
72.84949807115386,97.32432432432432,,1.0,100.0,1.0,-0.845714161721236
73.13921378918268,97.32432432432432,,1.0,100.0,1.0,-0.8542013314540806
73.42892950721154,97.32432432432432,,1.0,100.0,1.0,-0.8628283582965799
73.71864522524038,97.32432432432432,,1.0,100.0,1.0,-0.8715979097026076
74.00836094326922,97.32432432432432,,1.0,100.0,1.0,-0.8805127145502778
74.29807666129807,97.32432432432432,,1.0,100.0,1.0,-0.8895755645571101
74.58779237932691,97.32432432432432,,1.0,100.0,1.0,-0.8987893157176706
74.87750809735577,97.32432432432432,,1.0,100.0,1.0,-0.9081568897647444
75.16722381538462,97.32432432432432,,1.0,100.0,1.0,-0.9176812756544184
75.45693953341345,97.32432432432432,,1.0,100.0,1.0,-0.927365531075598
75.7466552514423,97.32432432432432,,1.0,100.0,1.0,-0.9372127839850533
76.03637096947115,97.32432432432432,,1.0,100.0,1.0,-0.947226234168009
76.32608668750001,97.32432432432432,,1.0,100.0,1.0,-0.9574091548257072
76.61580240552884,97.32432432432432,,1.0,100.0,1.0,-0.9677648941899554
76.9055181235577,97.32432432432432,,1.0,100.0,1.0,-0.9782968771658545
77.19523384158653,97.32432432432432,,1.0,100.0,1.0,-0.9890086070034342
1.0,100.0,,1.0,100.0,1.0,-0.439673537247052
1.289715718028846,100.0,,1.0,100.0,1.0,-0.4345351046997597
1.5794314360576922,100.0,,1.0,100.0,1.0,-0.4294983707487533
1.8691471540865385,100.0,,1.0,100.0,1.0,-0.424563565015785
2.1588628721153844,100.0,,1.0,100.0,1.0,-0.4197308703197542
2.4485785901442307,100.0,,1.0,100.0,1.0,-0.4150004245964985
2.738294308173077,100.0,,1.0,100.0,1.0,-0.4103723226851803
3.028010026201923,100.0,,1.0,100.0,1.0,-0.4058466179868859
3.3177257442307693,100.0,,1.0,100.0,1.0,-0.4014233240012703
3.607441462259615,100.0,,1.0,100.0,1.0,-0.3971024157467417
3.897157180288461,100.0,,1.0,100.0,1.0,-0.3928838310698739
4.186872898317307,100.0,,1.0,100.0,1.0,-0.3887674718494472
4.476588616346154,100.0,,1.0,100.0,1.0,-0.3847532051005352
4.766304334375,100.0,,1.0,100.0,1.0,-0.3808408639841212
5.056020052403846,100.0,,1.0,100.0,1.0,-0.3770302487273743
5.345735770432693,100.0,,1.0,100.0,1.0,-0.3733211274599843
5.6354514884615385,100.0,,1.0,100.0,1.0,-0.3697132369716065
5.925167206490385,100.0,,1.0,100.0,1.0,-0.3662062833956786
6.21488292451923,100.0,,1.0,100.0,1.0,-0.3627999428244617
6.504598642548077,100.0,,1.0,100.0,1.0,-0.3594938618605209
6.794314360576923,100.0,,1.0,100.0,1.0,-0.3562876581094275
7.084030078605768,100.0,,1.0,100.0,1.0,-0.3531809206185757
7.373745796634614,100.0,,1.0,100.0,1.0,-0.3501732102668953
7.663461514663462,100.0,,1.0,100.0,1.0,-0.3472640601103234
7.9531772326923065,100.0,,1.0,100.0,1.0,-0.3444529756874022
8.242892950721153,100.0,,1.0,100.0,1.0,-0.3417394352898413
8.53260866875,100.0,,1.0,100.0,1.0,-0.3391228902024402
8.822324386778845,100.0,,1.0,100.0,1.0,-0.3366027649166837
9.112040104807692,100.0,,1.0,100.0,1.0,-0.3341784573225286
9.401755822836538,100.0,,1.0,100.0,1.0,-0.3318493388824395
9.691471540865384,100.0,,1.0,100.0,1.0,-0.3296147547918679
9.98118725889423,100.0,,1.0,100.0,1.0,-0.3274740241302377
10.270902976923075,100.0,,1.0,100.0,1.0,-0.3254264400063018
10.560618694951922,100.0,,1.0,100.0,1.0,-0.3234712697016996
10.850334412980768,100.0,,1.0,100.0,1.0,-0.3216077548164703
11.140050131009614,100.0,,1.0,100.0,1.0,-0.3198351114199889
11.42976584903846,100.0,,1.0,100.0,1.0,-0.3181525302108773
11.719481567067307,100.0,,1.0,100.0,1.0,-0.3165591766891287
12.009197285096153,100.0,,1.0,100.0,1.0,-0.3150541913436551
12.298913003125,100.0,,1.0,100.0,1.0,-0.3136366898582689
12.588628721153844,100.0,,1.0,100.0,1.0,-0.3123057633390671
12.87834443918269,100.0,,1.0,100.0,1.0,-0.3110604785657442
13.168060157211537,100.0,,1.0,100.0,1.0,-0.309899878269679
13.457775875240383,100.0,,1.0,100.0,1.0,-0.3088229814408796
13.747491593269228,100.0,,1.0,100.0,1.0,-0.3078287836663428
14.037207311298074,100.0,,1.0,100.0,1.0,-0.3069162575016219
14.32692302932692,100.0,,1.0,100.0,1.0,-0.306084352877605
14.616638747355767,100.0,,1.0,100.0,1.0,-0.3053319975441701
14.906354465384615,100.0,,1.0,100.0,1.0,-0.30465809755224
15.196070183413461,100.0,,1.0,100.0,1.0,-0.3040615377754839
15.485785901442307,100.0,,1.0,100.0,1.0,-0.3035411824728515
15.775501619471152,100.0,,1.0,100.0,1.0,-0.3030958758928688
16.0652173375,100.0,,1.0,100.0,1.0,-0.3027244429202959
16.354933055528846,100.0,,1.0,100.0,1.0,-0.3024256897658349
16.64464877355769,100.0,,1.0,100.0,1.0,-0.3021984046990909
16.93436449158654,100.0,,1.0,100.0,1.0,-0.3020413588248958
17.224080209615384,100.0,,1.0,100.0,1.0,-0.3019533069030101
17.51379592764423,100.0,,1.0,100.0,1.0,-0.3019329882108039
17.803511645673076,100.0,,1.0,100.0,1.0,-0.3019791274484102
18.093227363701924,100.0,,1.0,100.0,1.0,-0.302090435685839
18.38294308173077,100.0,,1.0,100.0,1.0,-0.302265611350921
18.672658799759613,100.0,,1.0,100.0,1.0,-0.302503341257151
18.96237451778846,100.0,,1.0,100.0,1.0,-0.302802301670164
19.252090235817306,100.0,,1.0,100.0,1.0,-0.3031611594112887
19.541805953846154,100.0,,1.0,100.0,1.0,-0.3035785729966556
19.831521671875,100.0,,1.0,100.0,1.0,-0.3040531938099918
20.121237389903843,100.0,,1.0,100.0,1.0,-0.3045836673071431
20.41095310793269,100.0,,1.0,100.0,1.0,-0.3051686342502039
20.700668825961536,100.0,,1.0,100.0,1.0,-0.3058067319689179
20.99038454399038,100.0,,1.0,100.0,1.0,-0.3064965956471125
21.28010026201923,100.0,,1.0,100.0,1.0,-0.3072368596312755
21.569815980048077,100.0,,1.0,100.0,1.0,-0.3080261587590573
21.85953169807692,100.0,,1.0,100.0,1.0,-0.3088631297043947
22.14924741610577,100.0,,1.0,100.0,1.0,-0.3097464123368605
22.438963134134614,100.0,,1.0,100.0,1.0,-0.3106746510919518
22.728678852163462,100.0,,1.0,100.0,1.0,-0.3116464963493683
23.018394570192307,100.0,,1.0,100.0,1.0,-0.3126606058162163
23.308110288221158,100.0,,1.0,100.0,1.0,-0.3137156459118624
23.59782600625,100.0,,1.0,100.0,1.0,-0.3148102931514506
23.88754172427884,100.0,,1.0,100.0,1.0,-0.3159432355245624
24.17725744230769,100.0,,1.0,100.0,1.0,-0.3171131738661011
24.46697316033654,100.0,,1.0,100.0,1.0,-0.3183188232159861
24.75668887836538,100.0,,1.0,100.0,1.0,-0.3195589141644931
25.046404596394233,100.0,,1.0,100.0,1.0,-0.3208321941801015
25.336120314423074,100.0,,1.0,100.0,1.0,-0.3221374289166495
25.62583603245192,100.0,,1.0,100.0,1.0,-0.3234734034968868
25.915551750480766,100.0,,1.0,100.0,1.0,-0.324838923769164
26.205267468509614,100.0,,1.0,100.0,1.0,-0.326232817534536
26.494983186538455,100.0,,1.0,100.0,1.0,-0.327653935741484
26.78469890456731,100.0,,1.0,100.0,1.0,-0.3291011536453282
27.074414622596148,100.0,,1.0,100.0,1.0,-0.3305733719299392
27.364130340624996,100.0,,1.0,100.0,1.0,-0.3320695177892152
27.65384605865384,100.0,,1.0,100.0,1.0,-0.333588545965893
27.94356177668269,100.0,,1.0,100.0,1.0,-0.3351294397456822
28.233277494711533,100.0,,1.0,100.0,1.0,-0.3366912119044746
28.52299321274039,100.0,,1.0,100.0,1.0,-0.3382729056069599
28.812708930769226,100.0,,1.0,100.0,1.0,-0.3398735952547738
29.102424648798074,100.0,,1.0,100.0,1.0,-0.3414923872827603
29.392140366826922,100.0,,1.0,100.0,1.0,-0.3431284209018522
29.681856084855767,100.0,,1.0,100.0,1.0,-0.3447808687875398
29.97157180288462,100.0,,1.0,100.0,1.0,-0.3464489377128154
30.261287520913456,100.0,,1.0,100.0,1.0,-0.348131869124768
30.551003238942304,100.0,,1.0,100.0,1.0,-0.3498289396642379
30.84071895697115,100.0,,1.0,100.0,1.0,-0.3515394616281541
31.130434674999997,100.0,,1.0,100.0,1.0,-0.3532627833739608
31.420150393028845,100.0,,1.0,100.0,1.0,-0.3549982896665308
31.709866111057696,100.0,,1.0,100.0,1.0,-0.3567454019671199
31.999581829086537,100.0,,1.0,100.0,1.0,-0.3585035786650149
32.28929754711538,100.0,,1.0,100.0,1.0,-0.3602723152520665
32.579013265144226,100.0,,1.0,100.0,1.0,-0.3620511444407865
32.86872898317308,100.0,,1.0,100.0,1.0,-0.3638396362266775
33.15844470120192,100.0,,1.0,100.0,1.0,-0.3656373978956803
33.44816041923077,100.0,,1.0,100.0,1.0,-0.3674440739779184
33.73787613725961,100.0,,1.0,100.0,1.0,-0.3692593461486489
34.02759185528846,100.0,,1.0,100.0,1.0,-0.3710829330778625
34.31730757331731,100.0,,1.0,100.0,1.0,-0.3729145902300236
34.60702329134615,100.0,,1.0,100.0,1.0,-0.3747541096152867
34.896739009375,100.0,,1.0,100.0,1.0,-0.3766013194939321
35.18645472740385,100.0,,1.0,100.0,1.0,-0.3784560840357894
35.476170445432686,100.0,,1.0,100.0,1.0,-0.380318302936382
35.76588616346154,100.0,,1.0,100.0,1.0,-0.382187910991717
36.05560188149038,100.0,,1.0,100.0,1.0,-0.3840648776337914
36.34531759951923,100.0,,1.0,100.0,1.0,-0.3859492064286546
36.63503331754807,100.0,,1.0,100.0,1.0,-0.3878409345393895
36.92474903557693,100.0,,1.0,100.0,1.0,-0.3897401321558654
37.21446475360577,100.0,,1.0,100.0,1.0,-0.3916469018937419
37.50418047163461,100.0,,1.0,100.0,1.0,-0.3935613781646689
37.79389618966346,100.0,,1.0,100.0,1.0,-0.3954837265201862
38.08361190769231,100.0,,1.0,100.0,1.0,-0.3974141429713158
38.37332762572115,100.0,,1.0,100.0,1.0,-0.3993528532864263
38.66304334375,100.0,,1.0,100.0,1.0,-0.4013001122692793
38.95275906177885,100.0,,1.0,100.0,1.0,-0.4032562030199035
39.24247477980769,100.0,,1.0,100.0,1.0,-0.4052214361802184
39.53219049783654,100.0,,1.0,100.0,1.0,-0.4071961491669436
39.82190621586538,100.0,,1.0,100.0,1.0,-0.4091807053937391
40.111621933894234,100.0,,1.0,100.0,1.0,-0.4111754934849594
40.40133765192307,100.0,,1.0,100.0,1.0,-0.4131809264830465
40.69105336995192,100.0,,1.0,100.0,1.0,-0.4151974410517403
40.98076908798076,100.0,,1.0,100.0,1.0,-0.4172254966771429
41.27048480600961,100.0,,1.0,100.0,1.0,-0.4192655748685461
41.56020052403846,100.0,,1.0,100.0,1.0,-0.4213181783612251
41.8499162420673,100.0,,1.0,100.0,1.0,-0.4233838303226862
42.13963196009615,100.0,,1.0,100.0,1.0,-0.4254630735647127
42.429347678125,100.0,,1.0,100.0,1.0,-0.4275564697623121
42.71906339615384,100.0,,1.0,100.0,1.0,-0.4296645986819885
43.00877911418269,100.0,,1.0,100.0,1.0,-0.4317880574203149
43.29849483221154,100.0,,1.0,100.0,1.0,-0.4339274596547348
43.58821055024038,100.0,,1.0,100.0,1.0,-0.4360834349079477
43.87792626826923,100.0,,1.0,100.0,1.0,-0.4382566278271734
44.16764198629807,100.0,,1.0,100.0,1.0,-0.4404476974798671
44.457357704326924,100.0,,1.0,100.0,1.0,-0.4426573166667691
44.74707342235577,100.0,,1.0,100.0,1.0,-0.4448861712537764
45.03678914038461,100.0,,1.0,100.0,1.0,-0.4471349595236444
45.32650485841346,100.0,,1.0,100.0,1.0,-0.4494043915483103
45.61622057644231,100.0,,1.0,100.0,1.0,-0.4516951885830916
45.905936294471154,100.0,,1.0,100.0,1.0,-0.4540080824834756
46.1956520125,100.0,,1.0,100.0,1.0,-0.4563438151453375
46.485367730528836,100.0,,1.0,100.0,1.0,-0.4587031379692123
46.775083448557695,100.0,,1.0,100.0,1.0,-0.4610868113494917
47.06479916658654,100.0,,1.0,100.0,1.0,-0.4634956041889275
47.35451488461538,100.0,,1.0,100.0,1.0,-0.4659302934391578
47.644230602644235,100.0,,1.0,100.0,1.0,-0.4683916636675663
47.93394632067308,100.0,,1.0,100.0,1.0,-0.4708805066510557
48.22366203870192,100.0,,1.0,100.0,1.0,-0.4733976209969611
48.51337775673076,100.0,,1.0,100.0,1.0,-0.4759438117914525
48.80309347475962,100.0,,1.0,100.0,1.0,-0.4785198902757448
49.092809192788465,100.0,,1.0,100.0,1.0,-0.4811266735501526
49.38252491081732,100.0,,1.0,100.0,1.0,-0.4837649843063826
49.67224062884614,100.0,,1.0,100.0,1.0,-0.4864356505878788
49.96195634687499,100.0,,1.0,100.0,1.0,-0.4891395055785272
50.25167206490384,100.0,,1.0,100.0,1.0,-0.4918773874197114
50.54138778293269,100.0,,1.0,100.0,1.0,-0.4946501390554476
50.83110350096153,100.0,,1.0,100.0,1.0,-0.4974586081059738
51.120819218990384,100.0,,1.0,100.0,1.0,-0.5003036467692212
51.41053493701923,100.0,,1.0,100.0,1.0,-0.5031861117504723
51.70025065504807,100.0,,1.0,100.0,1.0,-0.506106864219751
51.98996637307691,100.0,,1.0,100.0,1.0,-0.5090667697969088
52.27968209110577,100.0,,1.0,100.0,1.0,-0.5120666985640744
52.569397809134614,100.0,,1.0,100.0,1.0,-0.5151075251054223
52.859113527163466,100.0,,1.0,100.0,1.0,-0.5181901285737107
53.148829245192296,100.0,,1.0,100.0,1.0,-0.5213153927836328
53.438544963221155,100.0,,1.0,100.0,1.0,-0.5244842063313309
53.72826068124999,100.0,,1.0,100.0,1.0,-0.5276974627400268
54.01797639927885,100.0,,1.0,100.0,1.0,-0.5309560606313051
54.30769211730768,100.0,,1.0,100.0,1.0,-0.5342609039217323
54.59740783533653,100.0,,1.0,100.0,1.0,-0.5376129020443082
54.88712355336538,100.0,,1.0,100.0,1.0,-0.5410129701946794
55.176839271394236,100.0,,1.0,100.0,1.0,-0.544462029601317
55.46655498942307,100.0,,1.0,100.0,1.0,-0.5479610078196989
55.75627070745192,100.0,,1.0,100.0,1.0,-0.5515108390496362
56.04598642548078,100.0,,1.0,100.0,1.0,-0.5551124644758726
56.33570214350961,100.0,,1.0,100.0,1.0,-0.5587668326309995
56.62541786153845,100.0,,1.0,100.0,1.0,-0.5624748997806476
56.9151335795673,100.0,,1.0,100.0,1.0,-0.5662376303304866
57.20484929759615,100.0,,1.0,100.0,1.0,-0.5700559972544769
57.49456501562499,100.0,,1.0,100.0,1.0,-0.5739309825440836
57.784280733653844,100.0,,1.0,100.0,1.0,-0.5778635776781934
58.07399645168269,100.0,,1.0,100.0,1.0,-0.5818547841129538
58.36371216971153,100.0,,1.0,100.0,1.0,-0.5859056137914844
58.65342788774037,100.0,,1.0,100.0,1.0,-0.590017089673109
58.94314360576924,100.0,,1.0,100.0,1.0,-0.5941902462814008
59.23285932379808,100.0,,1.0,100.0,1.0,-0.5984261302708871
59.52257504182691,100.0,,1.0,100.0,1.0,-0.6027258010123135
59.812290759855756,100.0,,1.0,100.0,1.0,-0.6070903311955281
60.10200647788461,100.0,,1.0,100.0,1.0,-0.6115208074502708
60.39172219591345,100.0,,1.0,100.0,1.0,-0.6160183309841288
60.6814379139423,100.0,,1.0,100.0,1.0,-0.6205840182375612
60.97115363197115,100.0,,1.0,100.0,1.0,-0.6252190015556616
61.26086934999999,100.0,,1.0,100.0,1.0,-0.629924429876366
61.55058506802884,100.0,,1.0,100.0,1.0,-0.6347014694347896
61.84030078605769,100.0,,1.0,100.0,1.0,-0.6395513044837032
62.130016504086534,100.0,,1.0,100.0,1.0,-0.6444751380294492
62.41973222211538,100.0,,1.0,100.0,1.0,-0.6494741925837062
62.70944794014423,100.0,,1.0,100.0,1.0,-0.6545497109301982
62.999163658173075,100.0,,1.0,100.0,1.0,-0.6597029569068991
63.288879376201905,100.0,,1.0,100.0,1.0,-0.6649352162030205
63.578595094230764,100.0,,1.0,100.0,1.0,-0.670247797170784
63.868310812259615,100.0,,1.0,100.0,1.0,-0.675642031652126
64.15802653028845,100.0,,1.0,100.0,1.0,-0.6811192758197661
64.4477422483173,100.0,,1.0,100.0,1.0,-0.6866809110329033
64.73745796634616,100.0,,1.0,100.0,1.0,-0.6923283447073765
65.027173684375,100.0,,1.0,100.0,1.0,-0.698063011200091
65.31688940240385,100.0,,1.0,100.0,1.0,-0.703886372707962
65.60660512043269,100.0,,1.0,100.0,1.0,-0.7097999201810011
65.89632083846153,100.0,,1.0,100.0,1.0,-0.7158051742498384
66.18603655649038,100.0,,1.0,100.0,1.0,-0.7219036861676683
66.47575227451922,100.0,,1.0,100.0,1.0,-0.7280970387662916
66.76546799254808,100.0,,1.0,100.0,1.0,-0.7343868474270153
67.05518371057693,100.0,,1.0,100.0,1.0,-0.740774761065643
67.34489942860577,100.0,,1.0,100.0,1.0,-0.7472624631324273
67.63461514663462,100.0,,1.0,100.0,1.0,-0.7538516726264506
67.92433086466346,100.0,,1.0,100.0,1.0,-0.7605441451250801
68.2140465826923,100.0,,1.0,100.0,1.0,-0.7673416738281936
68.50376230072115,100.0,,1.0,100.0,1.0,-0.7742460906178725
68.79347801875001,100.0,,1.0,100.0,1.0,-0.781259267133011
69.08319373677885,100.0,,1.0,100.0,1.0,-0.788383115859911
69.3729094548077,100.0,,1.0,100.0,1.0,-0.7956195912383178
69.66262517283654,100.0,,1.0,100.0,1.0,-0.8029706907836069
69.95234089086537,100.0,,1.0,100.0,1.0,-0.810438456225262
70.24205660889423,100.0,,1.0,100.0,1.0,-0.818024974661721
70.53177232692308,100.0,,1.0,100.0,1.0,-0.8257323797323632
70.82148804495192,100.0,,1.0,100.0,1.0,-0.8335628528062322
71.11120376298076,100.0,,1.0,100.0,1.0,-0.8415186241886172
71.40091948100961,100.0,,1.0,100.0,1.0,-0.8496019743453472
71.69063519903845,100.0,,1.0,100.0,1.0,-0.8578152351451164
71.9803509170673,100.0,,1.0,100.0,1.0,-0.8661607911206408
72.27006663509614,100.0,,1.0,100.0,1.0,-0.8746410807487055
72.55978235312502,100.0,,1.0,100.0,1.0,-0.8832585977496017
72.84949807115386,100.0,,1.0,100.0,1.0,-0.892015892406541
73.13921378918268,100.0,,1.0,100.0,1.0,-0.9009155729053234
73.42892950721154,100.0,,1.0,100.0,1.0,-0.9099603066948424
73.71864522524038,100.0,,1.0,100.0,1.0,-0.9191528218688696
74.00836094326922,100.0,,1.0,100.0,1.0,-0.928495908569954
74.29807666129807,100.0,,1.0,100.0,1.0,-0.9379924204151991
74.58779237932691,100.0,,1.0,100.0,1.0,-0.9476452759455156
74.87750809735577,100.0,,1.0,100.0,1.0,-0.957457460098256
75.16722381538462,100.0,,1.0,100.0,1.0,-0.967432025703724
75.45693953341345,100.0,,1.0,100.0,1.0,-0.9775720950069264
75.7466552514423,100.0,,1.0,100.0,1.0,-0.9878808612143466
1.0,1.0,,100.0,1.0,100.0,-0.2778791419087772
1.1983967935871744,1.0,,100.0,1.0,100.0,-0.2768835400039319
1.3967935871743486,1.0,,100.0,1.0,100.0,-0.2759199532973363
1.595190380761523,1.0,,100.0,1.0,100.0,-0.2749878250024798
1.7935871743486973,1.0,,100.0,1.0,100.0,-0.2740867210462909
1.9919839679358717,1.0,,100.0,1.0,100.0,-0.2732163266506441
2.190380761523046,1.0,,100.0,1.0,100.0,-0.2723764429314026
2.38877755511022,1.0,,100.0,1.0,100.0,-0.2715669835117184
2.5871743486973946,1.0,,100.0,1.0,100.0,-0.2707879711463132
2.785571142284569,1.0,,100.0,1.0,100.0,-0.2700395343536339
2.9839679358717435,1.0,,100.0,1.0,100.0,-0.2693219040529742
3.182364729458918,1.0,,100.0,1.0,100.0,-0.2686354102036322
3.380761523046093,1.0,,100.0,1.0,100.0,-0.2679804784434328
3.579158316633267,1.0,,100.0,1.0,100.0,-0.2673576267240052
3.7775551102204403,1.0,,100.0,1.0,100.0,-0.2667674619403578
3.9759519038076157,1.0,,100.0,1.0,100.0,-0.2662106765523813
4.174348697394789,1.0,,100.0,1.0,100.0,-0.2656880451961139
4.372745490981964,1.0,,100.0,1.0,100.0,-0.2652004212826447
4.571142284569138,1.0,,100.0,1.0,100.0,-0.2647487335827136
73.21643286573146,1.0,,100.0,1.0,100.0,-0.0163785931964707
73.41482965931863,1.0,,100.0,1.0,100.0,-0.016375966416624
73.6132264529058,1.0,,100.0,1.0,100.0,-0.0163753418074431
73.81162324649299,1.0,,100.0,1.0,100.0,-0.0163766508252262
74.01002004008016,1.0,,100.0,1.0,100.0,-0.0163798264710708
74.20841683366733,1.0,,100.0,1.0,100.0,-0.0163848032099436
74.40681362725451,1.0,,100.0,1.0,100.0,-0.0163915168939268
74.60521042084169,1.0,,100.0,1.0,100.0,-0.0163999046894373
74.80360721442887,1.0,,100.0,1.0,100.0,-0.0164099050082423
75.00200400801603,1.0,,100.0,1.0,100.0,-0.0164214574420749
75.20040080160321,1.0,,100.0,1.0,100.0,-0.0164345027007164
75.39879759519039,1.0,,100.0,1.0,100.0,-0.0164489825533097
75.59719438877755,1.0,,100.0,1.0,100.0,-0.0164648397728645
75.79559118236472,1.0,,100.0,1.0,100.0,-0.0164820180836616
75.99398797595191,1.0,,100.0,1.0,100.0,-0.0165004621115339
76.19238476953907,1.0,,100.0,1.0,100.0,-0.0165201173368424
76.39078156312625,1.0,,100.0,1.0,100.0,-0.0165409300500051
76.58917835671345,1.0,,100.0,1.0,100.0,-0.0165628473094864
76.7875751503006,1.0,,100.0,1.0,100.0,-0.0165858169021299
76.98597194388778,1.0,,100.0,1.0,100.0,-0.0166097873057131
77.18436873747495,1.0,,100.0,1.0,100.0,-0.0166347076536211
77.38276553106212,1.0,,100.0,1.0,100.0,-0.016660527701575
77.5811623246493,1.0,,100.0,1.0,100.0,-0.0166871977962835
77.77955911823646,1.0,,100.0,1.0,100.0,-0.0167146688459663
77.97795591182366,1.0,,100.0,1.0,100.0,-0.0167428922926443
78.1763527054108,1.0,,100.0,1.0,100.0,-0.0167718200861616
78.374749498998,1.0,,100.0,1.0,100.0,-0.0168014046598076
78.5731462925852,1.0,,100.0,1.0,100.0,-0.0168315989075329
78.77154308617234,1.0,,100.0,1.0,100.0,-0.0168623561626645
78.96993987975952,1.0,,100.0,1.0,100.0,-0.0168936301781001
79.1683366733467,1.0,,100.0,1.0,100.0,-0.0169253751078571
79.36673346693387,1.0,,100.0,1.0,100.0,-0.0169575454899986
79.56513026052104,1.0,,100.0,1.0,100.0,-0.01699009623086
79.76352705410822,1.0,,100.0,1.0,100.0,-0.017022982590519
79.9619238476954,1.0,,100.0,1.0,100.0,-0.0170561601695098
80.16032064128257,1.0,,100.0,1.0,100.0,-0.0170895848966708
80.35871743486975,1.0,,100.0,1.0,100.0,-0.0171232130181666
80.55711422845691,1.0,,100.0,1.0,100.0,-0.0171570010876158
80.75551102204409,1.0,,100.0,1.0,100.0,-0.0171909059572703
80.95390781563127,1.0,,100.0,1.0,100.0,-0.0172248847702563
81.15230460921843,1.0,,100.0,1.0,100.0,-0.0172588949538232
81.35070140280563,1.0,,100.0,1.0,100.0,-0.0172928942135797
81.54909819639279,1.0,,100.0,1.0,100.0,-0.0173268405286866
81.74749498997996,1.0,,100.0,1.0,100.0,-0.0173606921480004
81.94589178356713,1.0,,100.0,1.0,100.0,-0.0173944075871111
82.14428857715431,1.0,,100.0,1.0,100.0,-0.0174279456262694
82.34268537074149,1.0,,100.0,1.0,100.0,-0.0174612653092082
82.54108216432866,1.0,,100.0,1.0,100.0,-0.0174943259427776
82.73947895791585,1.0,,100.0,1.0,100.0,-0.0175270870974291
82.937875751503,1.0,,100.0,1.0,100.0,-0.0175595086085005
83.13627254509018,1.0,,100.0,1.0,100.0,-0.0175915505782965
83.33466933867736,1.0,,100.0,1.0,100.0,-0.0176231733789307
83.53306613226454,1.0,,100.0,1.0,100.0,-0.0176543376559337
83.7314629258517,1.0,,100.0,1.0,100.0,-0.017685004332574
83.92985971943888,1.0,,100.0,1.0,100.0,-0.0177151346149506
84.12825651302606,1.0,,100.0,1.0,100.0,-0.0177446899977268
84.32665330661322,1.0,,100.0,1.0,100.0,-0.0177736322705951
84.5250501002004,1.0,,100.0,1.0,100.0,-0.0178019235253983
84.72344689378757,1.0,,100.0,1.0,100.0,-0.01782952616393
84.92184368737476,1.0,,100.0,1.0,100.0,-0.017856402906344
85.12024048096194,1.0,,100.0,1.0,100.0,-0.0178825168002247
85.3186372745491,1.0,,100.0,1.0,100.0,-0.0179078312302439
85.51703406813628,1.0,,100.0,1.0,100.0,-0.0179323099284554
85.71543086172345,1.0,,100.0,1.0,100.0,-0.0179559169851447
85.91382765531063,1.0,,100.0,1.0,100.0,-0.017978616860266
86.1122244488978,1.0,,100.0,1.0,100.0,-0.0180003743954388
86.31062124248497,1.0,,100.0,1.0,100.0,-0.0180211548264962
86.50901803607215,1.0,,100.0,1.0,100.0,-0.0180409237965678
86.70741482965931,1.0,,100.0,1.0,100.0,-0.0180596473696753
86.90581162324649,1.0,,100.0,1.0,100.0,-0.0180772920448676
87.10420841683366,1.0,,100.0,1.0,100.0,-0.0180938247708213
87.30260521042084,1.0,,100.0,1.0,100.0,-0.0181092129609368
87.50100200400803,1.0,,100.0,1.0,100.0,-0.0181234245089574
87.6993987975952,1.0,,100.0,1.0,100.0,-0.018136427804974
87.89779559118237,1.0,,100.0,1.0,100.0,-0.0181481917519557
88.09619238476955,1.0,,100.0,1.0,100.0,-0.0181586857826819
88.29458917835672,1.0,,100.0,1.0,100.0,-0.0181678798771357
88.4929859719439,1.0,,100.0,1.0,100.0,-0.0181757445802939
88.69138276553106,1.0,,100.0,1.0,100.0,-0.0181822510203718
88.88977955911824,1.0,,100.0,1.0,100.0,-0.0181873709274177
89.0881763527054,1.0,,100.0,1.0,100.0,-0.0181910766523619
89.28657314629258,1.0,,100.0,1.0,100.0,-0.0181933411864131
89.48496993987975,1.0,,100.0,1.0,100.0,-0.0181941381808471
89.68336673346693,1.0,,100.0,1.0,100.0,-0.0181934419671645
89.88176352705409,1.0,,100.0,1.0,100.0,-0.0181912275776129
90.08016032064127,1.0,,100.0,1.0,100.0,-0.0181874707660508
90.27855711422846,1.0,,100.0,1.0,100.0,-0.0181821480291844
90.47695390781564,1.0,,100.0,1.0,100.0,-0.0181752366281164
90.6753507014028,1.0,,100.0,1.0,100.0,-0.0181667146102346
90.87374749498998,1.0,,100.0,1.0,100.0,-0.0181565608314427
91.07214428857715,1.0,,100.0,1.0,100.0,-0.018144754978684
91.27054108216433,1.0,,100.0,1.0,100.0,-0.0181312775928056
91.46893787575152,1.0,,100.0,1.0,100.0,-0.0181161100917023
91.66733466933867,1.0,,100.0,1.0,100.0,-0.0180992347937843
91.86573146292585,1.0,,100.0,1.0,100.0,-0.0180806349417275
92.06412825651303,1.0,,100.0,1.0,100.0,-0.018060294726519
92.26252505010021,1.0,,100.0,1.0,100.0,-0.0180381993117938
92.46092184368737,1.0,,100.0,1.0,100.0,-0.0180143348584498
92.65931863727455,1.0,,100.0,1.0,100.0,-0.0179886885495248
92.85771543086172,1.0,,100.0,1.0,100.0,-0.0179612486153736
93.05611222444891,1.0,,100.0,1.0,100.0,-0.0179320043591
93.25450901803607,1.0,,100.0,1.0,100.0,-0.017900946182251
93.45290581162325,1.0,,100.0,1.0,100.0,-0.0178680656107721
93.65130260521043,1.0,,100.0,1.0,100.0,-0.0178333553212373
93.84969939879761,1.0,,100.0,1.0,100.0,-0.0177968091673226
94.04809619238478,1.0,,100.0,1.0,100.0,-0.017758422206529
94.24649298597195,1.0,,100.0,1.0,100.0,-0.0177181907271717
94.44488977955912,1.0,,100.0,1.0,100.0,-0.0176761122755982
94.6432865731463,1.0,,100.0,1.0,100.0,-0.01763218568368
94.84168336673346,1.0,,100.0,1.0,100.0,-0.0175864110965209
95.04008016032064,1.0,,100.0,1.0,100.0,-0.017538790000429
95.2384769539078,1.0,,100.0,1.0,100.0,-0.0174893252511233
95.43687374749499,1.0,,100.0,1.0,100.0,-0.0174380211021837
95.63527054108215,1.0,,100.0,1.0,100.0,-0.0173848832337453
95.83366733466936,1.0,,100.0,1.0,100.0,-0.0173299187814178
96.03206412825652,1.0,,100.0,1.0,100.0,-0.0172731363654657
96.2304609218437,1.0,,100.0,1.0,100.0,-0.017214546120216
96.42885771543087,1.0,,100.0,1.0,100.0,-0.017154159723703
96.62725450901804,1.0,,100.0,1.0,100.0,-0.0170919904275621
96.82565130260521,1.0,,100.0,1.0,100.0,-0.0170280530871594
97.02404809619239,1.0,,100.0,1.0,100.0,-0.0169623641919524
97.22244488977958,1.0,,100.0,1.0,100.0,-0.0168949418961105
97.42084168336673,1.0,,100.0,1.0,100.0,-0.0168258060493708
97.6192384769539,1.0,,100.0,1.0,100.0,-0.0167549782281372
97.81763527054107,1.0,,100.0,1.0,100.0,-0.0166824817668054
98.01603206412825,1.0,,100.0,1.0,100.0,-0.0166083417893851
98.21442885771542,1.0,,100.0,1.0,100.0,-0.0165325852413245
98.4128256513026,1.0,,100.0,1.0,100.0,-0.0164552409215977
98.61122244488979,1.0,,100.0,1.0,100.0,-0.0163763395150613
98.80961923847698,1.0,,100.0,1.0,100.0,-0.0162959136250516
99.00801603206413,1.0,,100.0,1.0,100.0,-0.0162139978062513
99.2064128256513,1.0,,100.0,1.0,100.0,-0.0161306285977956
99.40480961923848,1.0,,100.0,1.0,100.0,-0.0160458445566841
99.60320641282564,1.0,,100.0,1.0,100.0,-0.0159596862914179
99.80160320641282,1.0,,100.0,1.0,100.0,-0.0158721964959297
100.0,1.0,,100.0,1.0,100.0,-0.015783419983799
1.0,3.675675675675676,,100.0,1.0,100.0,-0.2716995654191244
1.1983967935871744,3.675675675675676,,100.0,1.0,100.0,-0.2700684966066694
1.3967935871743486,3.675675675675676,,100.0,1.0,100.0,-0.2684636884545542
1.595190380761523,3.675675675675676,,100.0,1.0,100.0,-0.2668846465277089
1.7935871743486973,3.675675675675676,,100.0,1.0,100.0,-0.2653309127246595
1.9919839679358717,3.675675675675676,,100.0,1.0,100.0,-0.2638020641950059
2.190380761523046,3.675675675675676,,100.0,1.0,100.0,-0.2622977122648529
2.38877755511022,3.675675675675676,,100.0,1.0,100.0,-0.2608175013695374
2.5871743486973946,3.675675675675676,,100.0,1.0,100.0,-0.2593611079930147
2.785571142284569,3.675675675675676,,100.0,1.0,100.0,-0.2579282396133251
2.9839679358717435,3.675675675675676,,100.0,1.0,100.0,-0.2565186336535767
3.182364729458918,3.675675675675676,,100.0,1.0,100.0,-0.2551320564380635
3.380761523046093,3.675675675675676,,100.0,1.0,100.0,-0.2537683021529627
3.579158316633267,3.675675675675676,,100.0,1.0,100.0,-0.2524271918113519
3.7775551102204403,3.675675675675676,,100.0,1.0,100.0,-0.2511085722221852
3.9759519038076157,3.675675675675676,,100.0,1.0,100.0,-0.2498123149629665
4.174348697394789,3.675675675675676,,100.0,1.0,100.0,-0.2485383153559806
4.372745490981964,3.675675675675676,,100.0,1.0,100.0,-0.2472864914478857
4.571142284569138,3.675675675675676,,100.0,1.0,100.0,-0.2460567829926887
4.7695390781563125,3.675675675675676,,100.0,1.0,100.0,-0.244849150437997
4.967935871743487,3.675675675675676,,100.0,1.0,100.0,-0.2436635739147463
5.166332665330662,3.675675675675676,,100.0,1.0,100.0,-0.2425000522304084
5.364729458917837,3.675675675675676,,100.0,1.0,100.0,-0.2413586018659905
5.563126252505009,3.675675675675676,,100.0,1.0,100.0,-0.240239255977009
5.761523046092185,3.675675675675676,,100.0,1.0,100.0,-0.2391420633988051
5.959919839679359,3.675675675675676,,100.0,1.0,100.0,-0.2380670876565602
6.158316633266534,3.675675675675676,,100.0,1.0,100.0,-0.2370144059804139
6.356713426853707,3.675675675675676,,100.0,1.0,100.0,-0.235984108326206
6.555110220440882,3.675675675675676,,100.0,1.0,100.0,-0.2349762964022282
6.753507014028057,3.675675675675676,,100.0,1.0,100.0,-0.2339910827025466
6.951903807615231,3.675675675675676,,100.0,1.0,100.0,-0.2330285895473327
7.150300601202405,3.675675675675676,,100.0,1.0,100.0,-0.2320889481306115
7.348697394789579,3.675675675675676,,100.0,1.0,100.0,-0.2311722975758109
67.26452905811624,3.675675675675676,,100.0,1.0,100.0,-0.0232837037533519
67.4629258517034,3.675675675675676,,100.0,1.0,100.0,-0.023232392729597
67.6613226452906,3.675675675675676,,100.0,1.0,100.0,-0.0231841698561963
67.85971943887776,3.675675675675676,,100.0,1.0,100.0,-0.0231389677789961
68.05811623246494,3.675675675675676,,100.0,1.0,100.0,-0.0230967207231095
68.2565130260521,3.675675675675676,,100.0,1.0,100.0,-0.0230573644267914
68.45490981963928,3.675675675675676,,100.0,1.0,100.0,-0.0230208360767804
68.65330661322645,3.675675675675676,,100.0,1.0,100.0,-0.0229870742452633
68.85170340681363,3.675675675675676,,100.0,1.0,100.0,-0.0229560188284952
69.05010020040079,3.675675675675676,,100.0,1.0,100.0,-0.022927610987143
69.24849699398798,3.675675675675676,,100.0,1.0,100.0,-0.0229017930883949
69.44689378757515,3.675675675675676,,100.0,1.0,100.0,-0.0228785086498639
69.64529058116234,3.675675675675676,,100.0,1.0,100.0,-0.0228577022852997
69.84368737474949,3.675675675675676,,100.0,1.0,100.0,-0.0228393196520978
70.04208416833667,3.675675675675676,,100.0,1.0,100.0,-0.0228233074006117
70.24048096192385,3.675675675675676,,100.0,1.0,100.0,-0.0228096131252595
70.43887775551103,3.675675675675676,,100.0,1.0,100.0,-0.0227981853174077
70.6372745490982,3.675675675675676,,100.0,1.0,100.0,-0.022788973320001
70.83567134268537,3.675675675675676,,100.0,1.0,100.0,-0.0227819272838858
71.03406813627254,3.675675675675676,,100.0,1.0,100.0,-0.0227769981258775
71.23246492985973,3.675675675675676,,100.0,1.0,100.0,-0.0227741374884519
71.4308617234469,3.675675675675676,,100.0,1.0,100.0,-0.0227732977010528
71.62925851703406,3.675675675675676,,100.0,1.0,100.0,-0.0227744317430071
71.82765531062124,3.675675675675676,,100.0,1.0,100.0,-0.0227774932079912
72.0260521042084,3.675675675675676,,100.0,1.0,100.0,-0.0227824362699835
72.2244488977956,3.675675675675676,,100.0,1.0,100.0,-0.0227892156507131
72.42284569138276,3.675675675675676,,100.0,1.0,100.0,-0.0227977865885217
72.62124248496994,3.675675675675676,,100.0,1.0,100.0,-0.0228081048086391
72.8196392785571,3.675675675675676,,100.0,1.0,100.0,-0.0228201264948146
73.01803607214428,3.675675675675676,,100.0,1.0,100.0,-0.0228338082622256
73.21643286573146,3.675675675675676,,100.0,1.0,100.0,-0.0228491071317411
73.41482965931863,3.675675675675676,,100.0,1.0,100.0,-0.0228659805053498
73.6132264529058,3.675675675675676,,100.0,1.0,100.0,-0.0228843861428683
73.81162324649299,3.675675675675676,,100.0,1.0,100.0,-0.0229042821397654
74.01002004008016,3.675675675675676,,100.0,1.0,100.0,-0.0229256269061676
74.20841683366733,3.675675675675676,,100.0,1.0,100.0,-0.0229483791469596
74.40681362725451,3.675675675675676,,100.0,1.0,100.0,-0.0229724978429601
74.60521042084169,3.675675675675676,,100.0,1.0,100.0,-0.0229979422331509
74.80360721442887,3.675675675675676,,100.0,1.0,100.0,-0.0230246717979287
75.00200400801603,3.675675675675676,,100.0,1.0,100.0,-0.0230526462433288
75.20040080160321,3.675675675675676,,100.0,1.0,100.0,-0.0230818254862505
75.39879759519039,3.675675675675676,,100.0,1.0,100.0,-0.0231121696405895
75.59719438877755,3.675675675675676,,100.0,1.0,100.0,-0.0231436390042988
75.79559118236472,3.675675675675676,,100.0,1.0,100.0,-0.0231761940473391
75.99398797595191,3.675675675675676,,100.0,1.0,100.0,-0.0232097954005208
76.19238476953907,3.675675675675676,,100.0,1.0,100.0,-0.0232444038451571
76.39078156312625,3.675675675675676,,100.0,1.0,100.0,-0.0232799803035816
76.58917835671345,3.675675675675676,,100.0,1.0,100.0,-0.0233164858304648
76.7875751503006,3.675675675675676,,100.0,1.0,100.0,-0.0233538816049285
76.98597194388778,3.675675675675676,,100.0,1.0,100.0,-0.02339212892341
77.18436873747495,3.675675675675676,,100.0,1.0,100.0,-0.023431189193331
77.38276553106212,3.675675675675676,,100.0,1.0,100.0,-0.0234710239274779
77.5811623246493,3.675675675675676,,100.0,1.0,100.0,-0.0235115947391094
77.77955911823646,3.675675675675676,,100.0,1.0,100.0,-0.0235528633378027
77.97795591182366,3.675675675675676,,100.0,1.0,100.0,-0.0235947915259653
78.1763527054108,3.675675675675676,,100.0,1.0,100.0,-0.0236373411960758
78.374749498998,3.675675675675676,,100.0,1.0,100.0,-0.0236804743285633
78.5731462925852,3.675675675675676,,100.0,1.0,100.0,-0.0237241529903643
78.77154308617234,3.675675675675676,,100.0,1.0,100.0,-0.0237683393341202
78.96993987975952,3.675675675675676,,100.0,1.0,100.0,-0.023812995598039
79.1683366733467,3.675675675675676,,100.0,1.0,100.0,-0.0238580841063532
79.36673346693387,3.675675675675676,,100.0,1.0,100.0,-0.0239035672704177
79.56513026052104,3.675675675675676,,100.0,1.0,100.0,-0.0239494075904017
79.76352705410822,3.675675675675676,,100.0,1.0,100.0,-0.0239955676575691
79.9619238476954,3.675675675675676,,100.0,1.0,100.0,-0.0240420101571887
80.16032064128257,3.675675675675676,,100.0,1.0,100.0,-0.0240886978719659
80.35871743486975,3.675675675675676,,100.0,1.0,100.0,-0.0241355936860687
80.55711422845691,3.675675675675676,,100.0,1.0,100.0,-0.0241826605897259
80.75551102204409,3.675675675675676,,100.0,1.0,100.0,-0.0242298616843472
80.95390781563127,3.675675675675676,,100.0,1.0,100.0,-0.0242771601882031
81.15230460921843,3.675675675675676,,100.0,1.0,100.0,-0.0243245194426239
81.35070140280563,3.675675675675676,,100.0,1.0,100.0,-0.0243719029187229
81.54909819639279,3.675675675675676,,100.0,1.0,100.0,-0.0244192742246488
81.74749498997996,3.675675675675676,,100.0,1.0,100.0,-0.0244665971133327
81.94589178356713,3.675675675675676,,100.0,1.0,100.0,-0.0245138354907227
82.14428857715431,3.675675675675676,,100.0,1.0,100.0,-0.0245609534245228
82.34268537074149,3.675675675675676,,100.0,1.0,100.0,-0.0246079151534147
82.54108216432866,3.675675675675676,,100.0,1.0,100.0,-0.0246546850967402
82.73947895791585,3.675675675675676,,100.0,1.0,100.0,-0.0247012278646471
82.937875751503,3.675675675675676,,100.0,1.0,100.0,-0.0247475082687108
83.13627254509018,3.675675675675676,,100.0,1.0,100.0,-0.0247934913329839
83.33466933867736,3.675675675675676,,100.0,1.0,100.0,-0.0248391423055114
83.53306613226454,3.675675675675676,,100.0,1.0,100.0,-0.0248844266702438
83.7314629258517,3.675675675675676,,100.0,1.0,100.0,-0.024929310159412
83.92985971943888,3.675675675675676,,100.0,1.0,100.0,-0.0249737587663014
84.12825651302606,3.675675675675676,,100.0,1.0,100.0,-0.025017738758448
84.32665330661322,3.675675675675676,,100.0,1.0,100.0,-0.0250612166912239
84.5250501002004,3.675675675675676,,100.0,1.0,100.0,-0.0251041594218334
84.72344689378757,3.675675675675676,,100.0,1.0,100.0,-0.0251465341236984
84.92184368737476,3.675675675675676,,100.0,1.0,100.0,-0.0251883083012109
85.12024048096194,3.675675675675676,,100.0,1.0,100.0,-0.0252294498048869
85.3186372745491,3.675675675675676,,100.0,1.0,100.0,-0.025269926846875
85.51703406813628,3.675675675675676,,100.0,1.0,100.0,-0.0253097080168112
85.71543086172345,3.675675675675676,,100.0,1.0,100.0,-0.0253487622980768
85.91382765531063,3.675675675675676,,100.0,1.0,100.0,-0.0253870590843416
86.1122244488978,3.675675675675676,,100.0,1.0,100.0,-0.0254245681965282
86.31062124248497,3.675675675675676,,100.0,1.0,100.0,-0.0254612599000307
86.50901803607215,3.675675675675676,,100.0,1.0,100.0,-0.0254971049223396
86.70741482965931,3.675675675675676,,100.0,1.0,100.0,-0.0255320744709497
86.90581162324649,3.675675675675676,,100.0,1.0,100.0,-0.0255661402515825
87.10420841683366,3.675675675675676,,100.0,1.0,100.0,-0.0255992744867624
87.30260521042084,3.675675675675676,,100.0,1.0,100.0,-0.0256314499346692
87.50100200400803,3.675675675675676,,100.0,1.0,100.0,-0.0256626399083058
87.6993987975952,3.675675675675676,,100.0,1.0,100.0,-0.0256928182949647
87.89779559118237,3.675675675675676,,100.0,1.0,100.0,-0.0257219595759896
88.09619238476955,3.675675675675676,,100.0,1.0,100.0,-0.0257500388468254
88.29458917835672,3.675675675675676,,100.0,1.0,100.0,-0.0257770318373545
88.4929859719439,3.675675675675676,,100.0,1.0,100.0,-0.02580291493251
88.69138276553106,3.675675675675676,,100.0,1.0,100.0,-0.0258276651931829
88.88977955911824,3.675675675675676,,100.0,1.0,100.0,-0.0258512603773493
89.0881763527054,3.675675675675676,,100.0,1.0,100.0,-0.0258736789615505
89.28657314629258,3.675675675675676,,100.0,1.0,100.0,-0.0258949001625596
89.48496993987975,3.675675675675676,,100.0,1.0,100.0,-0.025914903959347
89.68336673346693,3.675675675675676,,100.0,1.0,100.0,-0.0259336711153068
89.88176352705409,3.675675675675676,,100.0,1.0,100.0,-0.0259511832007003
90.08016032064127,3.675675675675676,,100.0,1.0,100.0,-0.0259674226154074
90.27855711422846,3.675675675675676,,100.0,1.0,100.0,-0.0259823726118856
90.47695390781564,3.675675675675676,,100.0,1.0,100.0,-0.0259960173183642
90.6753507014028,3.675675675675676,,100.0,1.0,100.0,-0.0260083417623305
90.87374749498998,3.675675675675676,,100.0,1.0,100.0,-0.0260193318942036
91.07214428857715,3.675675675675676,,100.0,1.0,100.0,-0.0260289746112835
91.27054108216433,3.675675675675676,,100.0,1.0,100.0,-0.02603725778191
91.46893787575152,3.675675675675676,,100.0,1.0,100.0,-0.0260441702698678
91.66733466933867,3.675675675675676,,100.0,1.0,100.0,-0.0260497019590243
91.86573146292585,3.675675675675676,,100.0,1.0,100.0,-0.0260538437781946
92.06412825651303,3.675675675675676,,100.0,1.0,100.0,-0.0260565877262294
92.26252505010021,3.675675675675676,,100.0,1.0,100.0,-0.0260579268973314
92.46092184368737,3.675675675675676,,100.0,1.0,100.0,-0.0260578555066062
92.65931863727455,3.675675675675676,,100.0,1.0,100.0,-0.0260563689158301
92.85771543086172,3.675675675675676,,100.0,1.0,100.0,-0.0260534636594417
93.05611222444891,3.675675675675676,,100.0,1.0,100.0,-0.0260491374707604
93.25450901803607,3.675675675675676,,100.0,1.0,100.0,-0.0260433893084138
93.45290581162325,3.675675675675676,,100.0,1.0,100.0,-0.0260362193830088
93.65130260521043,3.675675675675676,,100.0,1.0,100.0,-0.0260276291840104
93.84969939879761,3.675675675675676,,100.0,1.0,100.0,-0.0260176215068318
94.04809619238478,3.675675675675676,,100.0,1.0,100.0,-0.0260062004801792
94.24649298597195,3.675675675675676,,100.0,1.0,100.0,-0.0259933715935745
94.44488977955912,3.675675675675676,,100.0,1.0,100.0,-0.0259791417251241
94.6432865731463,3.675675675675676,,100.0,1.0,100.0,-0.0259635191695191
94.84168336673346,3.675675675675676,,100.0,1.0,100.0,-0.0259465136662349
95.04008016032064,3.675675675675676,,100.0,1.0,100.0,-0.0259281364279736
95.2384769539078,3.675675675675676,,100.0,1.0,100.0,-0.0259084001693015
95.43687374749499,3.675675675675676,,100.0,1.0,100.0,-0.0258873191355678
95.63527054108215,3.675675675675676,,100.0,1.0,100.0,-0.025864909131973
95.83366733466936,3.675675675675676,,100.0,1.0,100.0,-0.0258411875529378
96.03206412825652,3.675675675675676,,100.0,1.0,100.0,-0.0258161734116521
96.2304609218437,3.675675675675676,,100.0,1.0,100.0,-0.0257898873698861
96.42885771543087,3.675675675675676,,100.0,1.0,100.0,-0.0257623517680058
96.62725450901804,3.675675675675676,,100.0,1.0,100.0,-0.0257335906552601
96.82565130260521,3.675675675675676,,100.0,1.0,100.0,-0.0257036298202514
97.02404809619239,3.675675675675676,,100.0,1.0,100.0,-0.0256724968217123
97.22244488977958,3.675675675675676,,100.0,1.0,100.0,-0.0256402210194619
97.42084168336673,3.675675675675676,,100.0,1.0,100.0,-0.0256068336056558
97.6192384769539,3.675675675675676,,100.0,1.0,100.0,-0.0255723676362364
97.81763527054107,3.675675675675676,,100.0,1.0,100.0,-0.0255368580626845
98.01603206412825,3.675675675675676,,100.0,1.0,100.0,-0.0255003417639688
98.21442885771542,3.675675675675676,,100.0,1.0,100.0,-0.0254628575788089
98.4128256513026,3.675675675675676,,100.0,1.0,100.0,-0.0254244463381478
98.61122244488979,3.675675675675676,,100.0,1.0,100.0,-0.0253851508979089
98.80961923847698,3.675675675675676,,100.0,1.0,100.0,-0.0253450161720428
99.00801603206413,3.675675675675676,,100.0,1.0,100.0,-0.0253040891657979
99.2064128256513,3.675675675675676,,100.0,1.0,100.0,-0.0252624190092937
99.40480961923848,3.675675675675676,,100.0,1.0,100.0,-0.0252200569913828
99.60320641282564,3.675675675675676,,100.0,1.0,100.0,-0.0251770565937692
99.80160320641282,3.675675675675676,,100.0,1.0,100.0,-0.0251334735254312
100.0,3.675675675675676,,100.0,1.0,100.0,-0.0250893657573441
1.0,6.351351351351352,,100.0,1.0,100.0,-0.2674712230382262
1.1983967935871744,6.351351351351352,,100.0,1.0,100.0,-0.2654124209135214
1.3967935871743486,6.351351351351352,,100.0,1.0,100.0,-0.2633776037308158
1.595190380761523,6.351351351351352,,100.0,1.0,100.0,-0.2613663778290912
1.7935871743486973,6.351351351351352,,100.0,1.0,100.0,-0.2593783644907419
1.9919839679358717,6.351351351351352,,100.0,1.0,100.0,-0.2574131995025425
2.190380761523046,6.351351351351352,,100.0,1.0,100.0,-0.2554705327209312
2.38877755511022,6.351351351351352,,100.0,1.0,100.0,-0.253550027641586
2.5871743486973946,6.351351351351352,,100.0,1.0,100.0,-0.2516513609731607
2.785571142284569,6.351351351351352,,100.0,1.0,100.0,-0.2497742222151817
2.9839679358717435,6.351351351351352,,100.0,1.0,100.0,-0.2479183132400817
3.182364729458918,6.351351351351352,,100.0,1.0,100.0,-0.246083347879331
3.380761523046093,6.351351351351352,,100.0,1.0,100.0,-0.2442690515136725
3.579158316633267,6.351351351351352,,100.0,1.0,100.0,-0.2424751606675175
3.7775551102204403,6.351351351351352,,100.0,1.0,100.0,-0.2407014226074887
3.9759519038076157,6.351351351351352,,100.0,1.0,100.0,-0.2389475949452467
4.174348697394789,6.351351351351352,,100.0,1.0,100.0,-0.2372134452446262
4.372745490981964,6.351351351351352,,100.0,1.0,100.0,-0.2354987506332738
4.571142284569138,6.351351351351352,,100.0,1.0,100.0,-0.233803297418889
4.7695390781563125,6.351351351351352,,100.0,1.0,100.0,-0.2321268807103388
4.967935871743487,6.351351351351352,,100.0,1.0,100.0,-0.2304693040438143
5.166332665330662,6.351351351351352,,100.0,1.0,100.0,-0.2288303790143624
5.364729458917837,6.351351351351352,,100.0,1.0,100.0,-0.2272099249131375
5.563126252505009,6.351351351351352,,100.0,1.0,100.0,-0.2256077683707726
5.761523046092185,6.351351351351352,,100.0,1.0,100.0,-0.2240237430073323
5.959919839679359,6.351351351351352,,100.0,1.0,100.0,-0.2224576890894045
6.158316633266534,6.351351351351352,,100.0,1.0,100.0,-0.2209094531949759
6.356713426853707,6.351351351351352,,100.0,1.0,100.0,-0.2193788878867695
6.555110220440882,6.351351351351352,,100.0,1.0,100.0,-0.217865851394955
6.753507014028057,6.351351351351352,,100.0,1.0,100.0,-0.2163702073100492
6.951903807615231,6.351351351351352,,100.0,1.0,100.0,-0.2148918242872106
7.150300601202405,6.351351351351352,,100.0,1.0,100.0,-0.213430575763012
7.348697394789579,6.351351351351352,,100.0,1.0,100.0,-0.2119863396861231
7.547094188376754,6.351351351351352,,100.0,1.0,100.0,-0.2105589982633938
7.745490981963927,6.351351351351352,,100.0,1.0,100.0,-0.2091484377230306
7.9438877755511,6.351351351351352,,100.0,1.0,100.0,-0.2077545480967663
8.142284569138276,6.351351351351352,,100.0,1.0,100.0,-0.2063772230231804
8.340681362725451,6.351351351351352,,100.0,1.0,100.0,-0.2050163595744084
8.539078156312625,6.351351351351352,,100.0,1.0,100.0,-0.2036718581088929
8.737474949899799,6.351351351351352,,100.0,1.0,100.0,-0.2023436221530178
8.935871743486974,6.351351351351352,,100.0,1.0,100.0,-0.2010315583147068
9.13426853707415,6.351351351351352,,100.0,1.0,100.0,-0.1997355762324225
9.332665330661325,6.351351351351352,,100.0,1.0,100.0,-0.1984555885632884
9.531062124248498,6.351351351351352,,100.0,1.0,100.0,-0.1971915110143504
9.729458917835672,6.351351351351352,,100.0,1.0,100.0,-0.1959432624213961
9.927855711422845,6.351351351351352,,100.0,1.0,100.0,-0.1947107648799826
10.126252505010019,6.351351351351352,,100.0,1.0,100.0,-0.1934939439337682
10.324649298597194,6.351351351351352,,100.0,1.0,100.0,-0.1922927288255653
10.52304609218437,6.351351351351352,,100.0,1.0,100.0,-0.1911070528168243
10.721442885771543,6.351351351351352,,100.0,1.0,100.0,-0.1899368535816465
10.919839679358718,6.351351351351352,,100.0,1.0,100.0,-0.188782073681757
11.118236472945892,6.351351351351352,,100.0,1.0,100.0,-0.1876426611290929
11.316633266533067,6.351351351351352,,100.0,1.0,100.0,-0.1865185700430115
11.515030060120242,6.351351351351352,,100.0,1.0,100.0,-0.1854097614093027
11.713426853707414,6.351351351351352,,100.0,1.0,100.0,-0.1843162039483929
11.91182364729459,6.351351351351352,,100.0,1.0,100.0,-0.1832378751002038
59.52705410821644,6.351351351351352,,100.0,1.0,100.0,-0.0327165390985046
59.72545090180361,6.351351351351352,,100.0,1.0,100.0,-0.0325860021594841
59.92384769539078,6.351351351351352,,100.0,1.0,100.0,-0.0324592841119694
60.12224448897794,6.351351351351352,,100.0,1.0,100.0,-0.0323363290808635
60.32064128256512,6.351351351351352,,100.0,1.0,100.0,-0.0322170819599351
60.51903807615231,6.351351351351352,,100.0,1.0,100.0,-0.0321014884219488
60.717434869739485,6.351351351351352,,100.0,1.0,100.0,-0.0319894949267702
60.915831663326664,6.351351351351352,,100.0,1.0,100.0,-0.0318810487274522
61.114228456913835,6.351351351351352,,100.0,1.0,100.0,-0.0317760978743553
61.312625250501,6.351351351351352,,100.0,1.0,100.0,-0.0316745912172815
61.51102204408818,6.351351351351352,,100.0,1.0,100.0,-0.031576478405802
61.709418837675344,6.351351351351352,,100.0,1.0,100.0,-0.0314817098877597
61.90781563126252,6.351351351351352,,100.0,1.0,100.0,-0.0313902369060951
62.1062124248497,6.351351351351352,,100.0,1.0,100.0,-0.0313020114940468
62.30460921843688,6.351351351351352,,100.0,1.0,100.0,-0.0312169864688736
62.50300601202406,6.351351351351352,,100.0,1.0,100.0,-0.0311351154241237
62.701402805611224,6.351351351351352,,100.0,1.0,100.0,-0.0310563527206205
62.89979959919839,6.351351351351352,,100.0,1.0,100.0,-0.0309806534762102
63.09819639278557,6.351351351351352,,100.0,1.0,100.0,-0.030907973554375
63.296593186372746,6.351351351351352,,100.0,1.0,100.0,-0.0308382695517884
63.494989979959925,6.351351351351352,,100.0,1.0,100.0,-0.0307714987849593
63.69338677354709,6.351351351351352,,100.0,1.0,100.0,-0.0307076192759178
63.89178356713427,6.351351351351352,,100.0,1.0,100.0,-0.0306465897371823
64.09018036072143,6.351351351351352,,100.0,1.0,100.0,-0.0305883695559329
64.28857715430863,6.351351351351352,,100.0,1.0,100.0,-0.0305329187775683
64.48697394789579,6.351351351351352,,100.0,1.0,100.0,-0.0304801980886664
64.68537074148296,6.351351351351352,,100.0,1.0,100.0,-0.0304301687993872
64.88376753507015,6.351351351351352,,100.0,1.0,100.0,-0.0303827928254764
65.08216432865731,6.351351351351352,,100.0,1.0,100.0,-0.030338032669801
65.28056112224449,6.351351351351352,,100.0,1.0,100.0,-0.030295851403559
65.47895791583166,6.351351351351352,,100.0,1.0,100.0,-0.0302562126472131
65.67735470941884,6.351351351351352,,100.0,1.0,100.0,-0.0302190805511352
65.87575150300601,6.351351351351352,,100.0,1.0,100.0,-0.0301844197761133
66.0741482965932,6.351351351351352,,100.0,1.0,100.0,-0.030152195473629
66.27254509018036,6.351351351351352,,100.0,1.0,100.0,-0.0301223732661238
66.47094188376754,6.351351351351352,,100.0,1.0,100.0,-0.0300949192271198
66.66933867735472,6.351351351351352,,100.0,1.0,100.0,-0.0300697998613561
66.8677354709419,6.351351351351352,,100.0,1.0,100.0,-0.030046982084957
67.06613226452906,6.351351351351352,,100.0,1.0,100.0,-0.0300264332056139
67.26452905811624,6.351351351351352,,100.0,1.0,100.0,-0.030008120902893
67.4629258517034,6.351351351351352,,100.0,1.0,100.0,-0.0299920132086386
67.6613226452906,6.351351351351352,,100.0,1.0,100.0,-0.0299780784875554
67.85971943887776,6.351351351351352,,100.0,1.0,100.0,-0.0299662854179622
68.05811623246494,6.351351351351352,,100.0,1.0,100.0,-0.029956602972773
68.2565130260521,6.351351351351352,,100.0,1.0,100.0,-0.0299490004007024
68.45490981963928,6.351351351351352,,100.0,1.0,100.0,-0.0299434472077694
68.65330661322645,6.351351351351352,,100.0,1.0,100.0,-0.0299399131390659
68.85170340681363,6.351351351351352,,100.0,1.0,100.0,-0.0299383681608702
69.05010020040079,6.351351351351352,,100.0,1.0,100.0,-0.0299387824430745
69.24849699398798,6.351351351351352,,100.0,1.0,100.0,-0.0299411263420171
69.44689378757515,6.351351351351352,,100.0,1.0,100.0,-0.0299453703836233
69.64529058116234,6.351351351351352,,100.0,1.0,100.0,-0.0299514852470323
69.84368737474949,6.351351351351352,,100.0,1.0,100.0,-0.0299594417485734
70.04208416833667,6.351351351351352,,100.0,1.0,100.0,-0.0299692108261955
70.24048096192385,6.351351351351352,,100.0,1.0,100.0,-0.0299807635243655
70.43887775551103,6.351351351351352,,100.0,1.0,100.0,-0.0299940709793908
70.6372745490982,6.351351351351352,,100.0,1.0,100.0,-0.0300091044052481
70.83567134268537,6.351351351351352,,100.0,1.0,100.0,-0.0300258350798657
71.03406813627254,6.351351351351352,,100.0,1.0,100.0,-0.0300442343319348
71.23246492985973,6.351351351351352,,100.0,1.0,100.0,-0.0300642735282005
71.4308617234469,6.351351351351352,,100.0,1.0,100.0,-0.0300859240612743
71.62925851703406,6.351351351351352,,100.0,1.0,100.0,-0.0301091573379829
71.82765531062124,6.351351351351352,,100.0,1.0,100.0,-0.0301339447682157
72.0260521042084,6.351351351351352,,100.0,1.0,100.0,-0.030160257754332
72.2244488977956,6.351351351351352,,100.0,1.0,100.0,-0.0301880676811195
72.42284569138276,6.351351351351352,,100.0,1.0,100.0,-0.0302173459062514
72.62124248496994,6.351351351351352,,100.0,1.0,100.0,-0.0302480637513443
72.8196392785571,6.351351351351352,,100.0,1.0,100.0,-0.0302801924935327
73.01803607214428,6.351351351351352,,100.0,1.0,100.0,-0.0303137033576286
73.21643286573146,6.351351351351352,,100.0,1.0,100.0,-0.0303485675088114
73.41482965931863,6.351351351351352,,100.0,1.0,100.0,-0.0303847560458894
73.6132264529058,6.351351351351352,,100.0,1.0,100.0,-0.0304222399951221
73.81162324649299,6.351351351351352,,100.0,1.0,100.0,-0.0304609903045915
74.01002004008016,6.351351351351352,,100.0,1.0,100.0,-0.0305009778391541
74.20841683366733,6.351351351351352,,100.0,1.0,100.0,-0.0305421733759307
74.40681362725451,6.351351351351352,,100.0,1.0,100.0,-0.030584547600363
74.60521042084169,6.351351351351352,,100.0,1.0,100.0,-0.0306280711028117
74.80360721442887,6.351351351351352,,100.0,1.0,100.0,-0.0306727143757445
75.00200400801603,6.351351351351352,,100.0,1.0,100.0,-0.0307184478114384
75.20040080160321,6.351351351351352,,100.0,1.0,100.0,-0.03076524170023
75.39879759519039,6.351351351351352,,100.0,1.0,100.0,-0.03081306622935
75.59719438877755,6.351351351351352,,100.0,1.0,100.0,-0.0308618914822428
75.79559118236472,6.351351351351352,,100.0,1.0,100.0,-0.0309116874384799
75.99398797595191,6.351351351351352,,100.0,1.0,100.0,-0.0309624239741616
76.19238476953907,6.351351351351352,,100.0,1.0,100.0,-0.0310140708628576
76.39078156312625,6.351351351351352,,100.0,1.0,100.0,-0.0310665977770878
76.58917835671345,6.351351351351352,,100.0,1.0,100.0,-0.0311199742903041
76.7875751503006,6.351351351351352,,100.0,1.0,100.0,-0.0311741698793932
76.98597194388778,6.351351351351352,,100.0,1.0,100.0,-0.0312291539276625
77.18436873747495,6.351351351351352,,100.0,1.0,100.0,-0.0312848957283763
77.38276553106212,6.351351351351352,,100.0,1.0,100.0,-0.0313413644887342
77.5811623246493,6.351351351351352,,100.0,1.0,100.0,-0.031398529334367
77.77955911823646,6.351351351351352,,100.0,1.0,100.0,-0.0314563593142998
77.97795591182366,6.351351351351352,,100.0,1.0,100.0,-0.0315148234064127
78.1763527054108,6.351351351351352,,100.0,1.0,100.0,-0.0315738905233501
78.374749498998,6.351351351351352,,100.0,1.0,100.0,-0.0316335295188888
78.5731462925852,6.351351351351352,,100.0,1.0,100.0,-0.0316937091947945
78.77154308617234,6.351351351351352,,100.0,1.0,100.0,-0.0317543983080719
78.96993987975952,6.351351351351352,,100.0,1.0,100.0,-0.0318155655787262
79.1683366733467,6.351351351351352,,100.0,1.0,100.0,-0.0318771796978842
79.36673346693387,6.351351351351352,,100.0,1.0,100.0,-0.0319392093364063
79.56513026052104,6.351351351351352,,100.0,1.0,100.0,-0.0320016231538938
79.76352705410822,6.351351351351352,,100.0,1.0,100.0,-0.0320643898080855
79.9619238476954,6.351351351351352,,100.0,1.0,100.0,-0.0321274779647176
80.16032064128257,6.351351351351352,,100.0,1.0,100.0,-0.0321908563077455
80.35871743486975,6.351351351351352,,100.0,1.0,100.0,-0.0322544935499388
80.55711422845691,6.351351351351352,,100.0,1.0,100.0,-0.0323183584439257
80.75551102204409,6.351351351351352,,100.0,1.0,100.0,-0.0323824197935566
80.95390781563127,6.351351351351352,,100.0,1.0,100.0,-0.0324466464656835
81.15230460921843,6.351351351351352,,100.0,1.0,100.0,-0.032511007402272
81.35070140280563,6.351351351351352,,100.0,1.0,100.0,-0.0325754716328988
81.54909819639279,6.351351351351352,,100.0,1.0,100.0,-0.032640008287584
81.74749498997996,6.351351351351352,,100.0,1.0,100.0,-0.0327045866099924
81.94589178356713,6.351351351351352,,100.0,1.0,100.0,-0.0327691759709429
82.14428857715431,6.351351351351352,,100.0,1.0,100.0,-0.0328337458822962
82.34268537074149,6.351351351351352,,100.0,1.0,100.0,-0.0328982660111338
82.54108216432866,6.351351351351352,,100.0,1.0,100.0,-0.0329627061942686
82.73947895791585,6.351351351351352,,100.0,1.0,100.0,-0.0330270364530936
82.937875751503,6.351351351351352,,100.0,1.0,100.0,-0.0330912270087128
83.13627254509018,6.351351351351352,,100.0,1.0,100.0,-0.0331552482974026
83.33466933867736,6.351351351351352,,100.0,1.0,100.0,-0.0332190709863622
83.53306613226454,6.351351351351352,,100.0,1.0,100.0,-0.0332826659897561
83.7314629258517,6.351351351351352,,100.0,1.0,100.0,-0.0333460044850537
83.92985971943888,6.351351351351352,,100.0,1.0,100.0,-0.0334090579296731
84.12825651302606,6.351351351351352,,100.0,1.0,100.0,-0.0334717980778588
84.32665330661322,6.351351351351352,,100.0,1.0,100.0,-0.0335341969978747
84.5250501002004,6.351351351351352,,100.0,1.0,100.0,-0.0335962270894729
84.72344689378757,6.351351351351352,,100.0,1.0,100.0,-0.0336578611016047
84.92184368737476,6.351351351351352,,100.0,1.0,100.0,-0.0337190721503946
85.12024048096194,6.351351351351352,,100.0,1.0,100.0,-0.0337798337374211
85.3186372745491,6.351351351351352,,100.0,1.0,100.0,-0.033840119768184
85.51703406813628,6.351351351351352,,100.0,1.0,100.0,-0.0338999045708727
85.71543086172345,6.351351351351352,,100.0,1.0,100.0,-0.0339591629153676
85.91382765531063,6.351351351351352,,100.0,1.0,100.0,-0.0340178700324981
86.1122244488978,6.351351351351352,,100.0,1.0,100.0,-0.0340760016335106
86.31062124248497,6.351351351351352,,100.0,1.0,100.0,-0.0341335339298163
86.50901803607215,6.351351351351352,,100.0,1.0,100.0,-0.0341904436529399
86.70741482965931,6.351351351351352,,100.0,1.0,100.0,-0.0342467080747284
86.90581162324649,6.351351351351352,,100.0,1.0,100.0,-0.0343023050277707
87.10420841683366,6.351351351351352,,100.0,1.0,100.0,-0.0343572129260463
87.30260521042084,6.351351351351352,,100.0,1.0,100.0,-0.0344114107858209
87.50100200400803,6.351351351351352,,100.0,1.0,100.0,-0.0344648782467176
87.6993987975952,6.351351351351352,,100.0,1.0,100.0,-0.0345175955930722
87.89779559118237,6.351351351351352,,100.0,1.0,100.0,-0.0345695437754424
88.09619238476955,6.351351351351352,,100.0,1.0,100.0,-0.0346207044323888
88.29458917835672,6.351351351351352,,100.0,1.0,100.0,-0.0346710599124232
88.4929859719439,6.351351351351352,,100.0,1.0,100.0,-0.034720593296189
88.69138276553106,6.351351351351352,,100.0,1.0,100.0,-0.034769288418886
88.88977955911824,6.351351351351352,,100.0,1.0,100.0,-0.0348171298928267
89.0881763527054,6.351351351351352,,100.0,1.0,100.0,-0.0348641031302816
89.28657314629258,6.351351351351352,,100.0,1.0,100.0,-0.0349101943664748
89.48496993987975,6.351351351351352,,100.0,1.0,100.0,-0.0349553906828163
89.68336673346693,6.351351351351352,,100.0,1.0,100.0,-0.0349996800303235
89.88176352705409,6.351351351351352,,100.0,1.0,100.0,-0.0350430512532642
90.08016032064127,6.351351351351352,,100.0,1.0,100.0,-0.0350854941129541
90.27855711422846,6.351351351351352,,100.0,1.0,100.0,-0.0351269993118432
90.47695390781564,6.351351351351352,,100.0,1.0,100.0,-0.0351675585177043
90.6753507014028,6.351351351351352,,100.0,1.0,100.0,-0.0352071643880964
90.87374749498998,6.351351351351352,,100.0,1.0,100.0,-0.0352458105949922
91.07214428857715,6.351351351351352,,100.0,1.0,100.0,-0.0352834918496247
91.27054108216433,6.351351351351352,,100.0,1.0,100.0,-0.0353202039275096
91.46893787575152,6.351351351351352,,100.0,1.0,100.0,-0.0353559436937042
91.66733466933867,6.351351351351352,,100.0,1.0,100.0,-0.0353907091282239
91.86573146292585,6.351351351351352,,100.0,1.0,100.0,-0.0354244993516921
92.06412825651303,6.351351351351352,,100.0,1.0,100.0,-0.0354573146511835
92.26252505010021,6.351351351351352,,100.0,1.0,100.0,-0.0354891565062486
92.46092184368737,6.351351351351352,,100.0,1.0,100.0,-0.035520027615172
92.65931863727455,6.351351351351352,,100.0,1.0,100.0,-0.0355499319214048
92.85771543086172,6.351351351351352,,100.0,1.0,100.0,-0.0355788746402129
93.05611222444891,6.351351351351352,,100.0,1.0,100.0,-0.0356068622855324
93.25450901803607,6.351351351351352,,100.0,1.0,100.0,-0.0356339026970221
93.45290581162325,6.351351351351352,,100.0,1.0,100.0,-0.0356600050673134
93.65130260521043,6.351351351351352,,100.0,1.0,100.0,-0.0356851799694882
93.84969939879761,6.351351351351352,,100.0,1.0,100.0,-0.0357094393847668
94.04809619238478,6.351351351351352,,100.0,1.0,100.0,-0.035732796730361
94.24649298597195,6.351351351351352,,100.0,1.0,100.0,-0.0357552668875994
94.44488977955912,6.351351351351352,,100.0,1.0,100.0,-0.0357768662302149
94.6432865731463,6.351351351351352,,100.0,1.0,100.0,-0.0357976126528826
94.84168336673346,6.351351351351352,,100.0,1.0,100.0,-0.0358175255999644
95.04008016032064,6.351351351351352,,100.0,1.0,100.0,-0.0358366260944328
95.2384769539078,6.351351351351352,,100.0,1.0,100.0,-0.0358549367671033
95.43687374749499,6.351351351351352,,100.0,1.0,100.0,-0.0358724818859867
95.63527054108215,6.351351351351352,,100.0,1.0,100.0,-0.0358892873859405
95.83366733466936,6.351351351351352,,100.0,1.0,100.0,-0.0359053808985125
96.03206412825652,6.351351351351352,,100.0,1.0,100.0,-0.0359207917820395
96.2304609218437,6.351351351351352,,100.0,1.0,100.0,-0.0359355511519434
96.42885771543087,6.351351351351352,,100.0,1.0,100.0,-0.0359496919112972
96.62725450901804,6.351351351351352,,100.0,1.0,100.0,-0.0359632487816183
96.82565130260521,6.351351351351352,,100.0,1.0,100.0,-0.0359762583338817
97.02404809619239,6.351351351351352,,100.0,1.0,100.0,-0.0359887590198225
97.22244488977958,6.351351351351352,,100.0,1.0,100.0,-0.0360007912034545
97.42084168336673,6.351351351351352,,100.0,1.0,100.0,-0.0360123971928285
97.6192384769539,6.351351351351352,,100.0,1.0,100.0,-0.0360236212720983
97.81763527054107,6.351351351351352,,100.0,1.0,100.0,-0.0360345097337865
98.01603206412825,6.351351351351352,,100.0,1.0,100.0,-0.0360451109113582
98.21442885771542,6.351351351351352,,100.0,1.0,100.0,-0.0360554752120274
98.4128256513026,6.351351351351352,,100.0,1.0,100.0,-0.0360656551498623
98.61122244488979,6.351351351351352,,100.0,1.0,100.0,-0.0360757053791507
98.80961923847698,6.351351351351352,,100.0,1.0,100.0,-0.0360856827280524
99.00801603206413,6.351351351351352,,100.0,1.0,100.0,-0.0360956462325378
99.2064128256513,6.351351351351352,,100.0,1.0,100.0,-0.0361056571705898
99.40480961923848,6.351351351351352,,100.0,1.0,100.0,-0.0361157790967521
99.60320641282564,6.351351351351352,,100.0,1.0,100.0,-0.0361260778769181
99.80160320641282,6.351351351351352,,100.0,1.0,100.0,-0.0361366217234638
100.0,6.351351351351352,,100.0,1.0,100.0,-0.0361474812306933
1.0,9.027027027027026,,100.0,1.0,100.0,-0.2650101974123379
1.1983967935871744,9.027027027027026,,100.0,1.0,100.0,-0.2626568389299594
1.3967935871743486,9.027027027027026,,100.0,1.0,100.0,-0.2603267238397883
1.595190380761523,9.027027027027026,,100.0,1.0,100.0,-0.2580195443661778
1.7935871743486973,9.027027027027026,,100.0,1.0,100.0,-0.2557350018611148
1.9919839679358717,9.027027027027026,,100.0,1.0,100.0,-0.2534728065419759
2.190380761523046,9.027027027027026,,100.0,1.0,100.0,-0.2512326772323801
2.38877755511022,9.027027027027026,,100.0,1.0,100.0,-0.2490143411061677
2.5871743486973946,9.027027027027026,,100.0,1.0,100.0,-0.2468175334345819
2.785571142284569,9.027027027027026,,100.0,1.0,100.0,-0.2446419973366458
2.9839679358717435,9.027027027027026,,100.0,1.0,100.0,-0.2424874835327772
3.182364729458918,9.027027027027026,,100.0,1.0,100.0,-0.240353750101691
3.380761523046093,9.027027027027026,,100.0,1.0,100.0,-0.2382405622405763
3.579158316633267,9.027027027027026,,100.0,1.0,100.0,-0.2361476920286203
3.7775551102204403,9.027027027027026,,100.0,1.0,100.0,-0.2340749181938675
3.9759519038076157,9.027027027027026,,100.0,1.0,100.0,-0.232022025883446
4.174348697394789,9.027027027027026,,100.0,1.0,100.0,-0.2299888064371829
4.372745490981964,9.027027027027026,,100.0,1.0,100.0,-0.2279750571646385
4.571142284569138,9.027027027027026,,100.0,1.0,100.0,-0.2259805811255471
4.7695390781563125,9.027027027027026,,100.0,1.0,100.0,-0.224005186913734
4.967935871743487,9.027027027027026,,100.0,1.0,100.0,-0.2220486884444509
5.166332665330662,9.027027027027026,,100.0,1.0,100.0,-0.2201109047452308
5.364729458917837,9.027027027027026,,100.0,1.0,100.0,-0.2181916597501973
5.563126252505009,9.027027027027026,,100.0,1.0,100.0,-0.2162907820979018
5.761523046092185,9.027027027027026,,100.0,1.0,100.0,-0.2144081049326865
5.959919839679359,9.027027027027026,,100.0,1.0,100.0,-0.2125434657095524
6.158316633266534,9.027027027027026,,100.0,1.0,100.0,-0.2106967060025985
6.356713426853707,9.027027027027026,,100.0,1.0,100.0,-0.2088676713170237
6.555110220440882,9.027027027027026,,100.0,1.0,100.0,-0.207056210904689
6.753507014028057,9.027027027027026,,100.0,1.0,100.0,-0.2052621775832732
6.951903807615231,9.027027027027026,,100.0,1.0,100.0,-0.2034854275590321
7.150300601202405,9.027027027027026,,100.0,1.0,100.0,-0.2017258202531739
7.348697394789579,9.027027027027026,,100.0,1.0,100.0,-0.1999832181318767
7.547094188376754,9.027027027027026,,100.0,1.0,100.0,-0.1982574865399054
7.745490981963927,9.027027027027026,,100.0,1.0,100.0,-0.1965484935379642
7.9438877755511,9.027027027027026,,100.0,1.0,100.0,-0.1948561097436329
8.142284569138276,9.027027027027026,,100.0,1.0,100.0,-0.1931802081760821
8.340681362725451,9.027027027027026,,100.0,1.0,100.0,-0.1915206641044343
8.539078156312625,9.027027027027026,,100.0,1.0,100.0,-0.1898773548998826
8.737474949899799,9.027027027027026,,100.0,1.0,100.0,-0.1882501598915351
8.935871743486974,9.027027027027026,,100.0,1.0,100.0,-0.186638960226042
9.13426853707415,9.027027027027026,,100.0,1.0,100.0,-0.1850436387309807
9.332665330661325,9.027027027027026,,100.0,1.0,100.0,-0.1834640797820751
9.531062124248498,9.027027027027026,,100.0,1.0,100.0,-0.1819001691742084
9.729458917835672,9.027027027027026,,100.0,1.0,100.0,-0.1803517939963148
9.927855711422845,9.027027027027026,,100.0,1.0,100.0,-0.1788188425101076
10.126252505010019,9.027027027027026,,100.0,1.0,100.0,-0.1773012040327531
10.324649298597194,9.027027027027026,,100.0,1.0,100.0,-0.1757987688233954
10.52304609218437,9.027027027027026,,100.0,1.0,100.0,-0.1743114279736994
10.721442885771543,9.027027027027026,,100.0,1.0,100.0,-0.1728390733023279
10.919839679358718,9.027027027027026,,100.0,1.0,100.0,-0.1713815972534235
11.118236472945892,9.027027027027026,,100.0,1.0,100.0,-0.1699388927991114
11.316633266533067,9.027027027027026,,100.0,1.0,100.0,-0.1685108533460816
11.515030060120242,9.027027027027026,,100.0,1.0,100.0,-0.167097372646237
11.713426853707414,9.027027027027026,,100.0,1.0,100.0,-0.1656983447114351
11.91182364729459,9.027027027027026,,100.0,1.0,100.0,-0.164313663732395
12.110220440881761,9.027027027027026,,100.0,1.0,100.0,-0.1629432240017467
12.308617234468937,9.027027027027026,,100.0,1.0,100.0,-0.161586919841266
12.507014028056114,9.027027027027026,,100.0,1.0,100.0,-0.1602446455333088
12.705410821643287,9.027027027027026,,100.0,1.0,100.0,-0.158916295256489
12.903807615230463,9.027027027027026,,100.0,1.0,100.0,-0.1576017630255735
13.102204408817634,9.027027027027026,,100.0,1.0,100.0,-0.1563009426356411
13.30060120240481,9.027027027027026,,100.0,1.0,100.0,-0.155013727610498
13.498997995991983,9.027027027027026,,100.0,1.0,100.0,-0.1537400111553623
13.697394789579159,9.027027027027026,,100.0,1.0,100.0,-0.1524796861137839
13.895791583166334,9.027027027027026,,100.0,1.0,100.0,-0.1512326449288409
14.094188376753507,9.027027027027026,,100.0,1.0,100.0,-0.1499987796085384
14.292585170340683,9.027027027027026,,100.0,1.0,100.0,-0.1487779816954179
14.490981963927855,9.027027027027026,,100.0,1.0,100.0,-0.1475701422403389
14.689378757515032,9.027027027027026,,100.0,1.0,100.0,-0.1463751517803501
14.887775551102203,9.027027027027026,,100.0,1.0,100.0,-0.1451929003206326
15.086172344689379,9.027027027027026,,100.0,1.0,100.0,-0.1440232773204212
15.284569138276554,9.027027027027026,,100.0,1.0,100.0,-0.1428661716828076
15.482965931863726,9.027027027027026,,100.0,1.0,100.0,-0.1417214717483426
15.681362725450903,9.027027027027026,,100.0,1.0,100.0,-0.1405890652923113
15.879759519038075,9.027027027027026,,100.0,1.0,100.0,-0.1394688395255291
16.07815631262525,9.027027027027026,,100.0,1.0,100.0,-0.1383606810985451
16.276553106212425,9.027027027027026,,100.0,1.0,100.0,-0.1372644761090529
16.474949899799597,9.027027027027026,,100.0,1.0,100.0,-0.1361801101122987
16.673346693386772,9.027027027027026,,100.0,1.0,100.0,-0.1351074681343689
16.871743486973948,9.027027027027026,,100.0,1.0,100.0,-0.1340464346880008
17.070140280561123,9.027027027027026,,100.0,1.0,100.0,-0.1329968937907946
17.2685370741483,9.027027027027026,,100.0,1.0,100.0,-0.1319587289854887
17.466933867735474,9.027027027027026,,100.0,1.0,100.0,-0.1309318233620375
17.66533066132265,9.027027027027026,,100.0,1.0,100.0,-0.1299160595812175
17.86372745490982,9.027027027027026,,100.0,1.0,100.0,-0.1289113198994159
18.062124248496996,9.027027027027026,,100.0,1.0,100.0,-0.1279174861942931
18.260521042084168,9.027027027027026,,100.0,1.0,100.0,-0.1269344399910059
18.458917835671343,9.027027027027026,,100.0,1.0,100.0,-0.1259620624886092
18.657314629258515,9.027027027027026,,100.0,1.0,100.0,-0.125000234586309
18.85571142284569,9.027027027027026,,100.0,1.0,100.0,-0.124048836909215
19.054108216432866,9.027027027027026,,100.0,1.0,100.0,-0.1231077498332139
19.252505010020037,9.027027027027026,,100.0,1.0,100.0,-0.1221768535087085
19.450901803607216,9.027027027027026,,100.0,1.0,100.0,-0.1212560278827363
19.649298597194388,9.027027027027026,,100.0,1.0,100.0,-0.1203451527192703
19.847695390781563,9.027027027027026,,100.0,1.0,100.0,-0.1194441076173907
20.04609218436874,9.027027027027026,,100.0,1.0,100.0,-0.1185527720269333
20.244488977955914,9.027027027027026,,100.0,1.0,100.0,-0.1176710252615423
20.442885771543086,9.027027027027026,,100.0,1.0,100.0,-0.1167987465087511
20.64128256513026,9.027027027027026,,100.0,1.0,100.0,-0.1159358148370094
20.839679358717436,9.027027027027026,,100.0,1.0,100.0,-0.1150821091995087
21.03807615230461,9.027027027027026,,100.0,1.0,100.0,-0.114237508434712
21.236472945891784,9.027027027027026,,100.0,1.0,100.0,-0.1134018912635828
21.43486973947896,9.027027027027026,,100.0,1.0,100.0,-0.1125751362835305
21.633266533066134,9.027027027027026,,100.0,1.0,100.0,-0.1117571219592064
21.831663326653306,9.027027027027026,,100.0,1.0,100.0,-0.110947726610293
22.030060120240485,9.027027027027026,,100.0,1.0,100.0,-0.110146828396537
22.228456913827657,9.027027027027026,,100.0,1.0,100.0,-0.1093543053003404
22.42685370741483,9.027027027027026,,100.0,1.0,100.0,-0.1085700351073148
22.625250501002007,9.027027027027026,,100.0,1.0,100.0,-0.1077938953852268
22.82364729458918,9.027027027027026,,100.0,1.0,100.0,-0.1070257634619161
23.02204408817635,9.027027027027026,,100.0,1.0,100.0,-0.1062655164027717
23.220440881763523,9.027027027027026,,100.0,1.0,100.0,-0.1055130309884599
23.4188376753507,9.027027027027026,,100.0,1.0,100.0,-0.1047681836936376
23.617234468937873,9.027027027027026,,100.0,1.0,100.0,-0.104030850667486
23.815631262525052,9.027027027027026,,100.0,1.0,100.0,-0.103300907716873
24.014028056112227,9.027027027027026,,100.0,1.0,100.0,-0.102578230293138
24.212424849699403,9.027027027027026,,100.0,1.0,100.0,-0.1018626934833488
24.410821643286575,9.027027027027026,,100.0,1.0,100.0,-0.1011541720070559
24.609218436873746,9.027027027027026,,100.0,1.0,100.0,-0.1004525402195016
24.807615230460925,9.027027027027026,,100.0,1.0,100.0,-0.0997576721222981
25.006012024048097,9.027027027027026,,100.0,1.0,100.0,-0.0990694413825215
25.20440881763527,9.027027027027026,,100.0,1.0,100.0,-0.0983877213611594
25.402805611222448,9.027027027027026,,100.0,1.0,100.0,-0.0977123851518565
43.25851703406814,9.027027027027026,,100.0,1.0,100.0,-0.0534720941510626
43.45691382765531,9.027027027027026,,100.0,1.0,100.0,-0.053152445039181
43.655310621242485,9.027027027027026,,100.0,1.0,100.0,-0.0528369993274205
43.85370741482966,9.027027027027026,,100.0,1.0,100.0,-0.052525737804434
44.05210420841683,9.027027027027026,,100.0,1.0,100.0,-0.0522186397161029
44.250501002004015,9.027027027027026,,100.0,1.0,100.0,-0.0519156828770912
44.448897795591186,9.027027027027026,,100.0,1.0,100.0,-0.0516168437810858
44.64729458917836,9.027027027027026,,100.0,1.0,100.0,-0.0513220977091524
44.84569138276553,9.027027027027026,,100.0,1.0,100.0,-0.0510314188358185
45.0440881763527,9.027027027027026,,100.0,1.0,100.0,-0.0507447803325402
45.24248496993987,9.027027027027026,,100.0,1.0,100.0,-0.0504621544681291
45.440881763527045,9.027027027027026,,100.0,1.0,100.0,-0.0501835127059355
45.63927855711423,9.027027027027026,,100.0,1.0,100.0,-0.0499088257975439
45.8376753507014,9.027027027027026,,100.0,1.0,100.0,-0.0496380638728051
46.036072144288575,9.027027027027026,,100.0,1.0,100.0,-0.0493711965260661
46.23446893787575,9.027027027027026,,100.0,1.0,100.0,-0.0491081928984561
46.43286573146293,9.027027027027026,,100.0,1.0,100.0,-0.0488490217562285
46.631262525050104,9.027027027027026,,100.0,1.0,100.0,-0.0485936515650693
46.829659318637276,9.027027027027026,,100.0,1.0,100.0,-0.048342050560348
47.028056112224455,9.027027027027026,,100.0,1.0,100.0,-0.0480941868133528
47.22645290581163,9.027027027027026,,100.0,1.0,100.0,-0.0478500282935251
47.424849699398806,9.027027027027026,,100.0,1.0,100.0,-0.0476095429267279
47.62324649298598,9.027027027027026,,100.0,1.0,100.0,-0.0473726986496014
47.82164328657315,9.027027027027026,,100.0,1.0,100.0,-0.0471394634600963
48.02004008016032,9.027027027027026,,100.0,1.0,100.0,-0.0469098054642422
48.21843687374749,9.027027027027026,,100.0,1.0,100.0,-0.0466836929192577
48.41683366733468,9.027027027027026,,100.0,1.0,100.0,-0.0464610942730667
48.615230460921836,9.027027027027026,,100.0,1.0,100.0,-0.046241978200352
48.81362725450902,9.027027027027026,,100.0,1.0,100.0,-0.0460263136352174
49.012024048096194,9.027027027027026,,100.0,1.0,100.0,-0.0458140698006052
49.21042084168337,9.027027027027026,,100.0,1.0,100.0,-0.0456052162345324
49.40881763527054,9.027027027027026,,100.0,1.0,100.0,-0.0453997228132798
49.60721442885771,9.027027027027026,,100.0,1.0,100.0,-0.0451975597716647
49.805611222444895,9.027027027027026,,100.0,1.0,100.0,-0.0449986977204973
50.00400801603207,9.027027027027026,,100.0,1.0,100.0,-0.0448031076612926
50.20240480961924,9.027027027027026,,100.0,1.0,100.0,-0.044610760998473
50.40080160320641,9.027027027027026,,100.0,1.0,100.0,-0.0444216295490546
50.59919839679358,9.027027027027026,,100.0,1.0,100.0,-0.0442356855500327
50.79759519038077,9.027027027027026,,100.0,1.0,100.0,-0.0440529016635399
50.99599198396793,9.027027027027026,,100.0,1.0,100.0,-0.0438732509799194
51.19438877755511,9.027027027027026,,100.0,1.0,100.0,-0.0436967070188543
51.39278557114229,9.027027027027026,,100.0,1.0,100.0,-0.0435232437286595
51.59118236472946,9.027027027027026,,100.0,1.0,100.0,-0.0433528354838899
51.789579158316634,9.027027027027026,,100.0,1.0,100.0,-0.0431854570813556
51.987975951903806,9.027027027027026,,100.0,1.0,100.0,-0.0430210837347251
52.18637274549098,9.027027027027026,,100.0,1.0,100.0,-0.0428596910678243
52.38476953907816,9.027027027027026,,100.0,1.0,100.0,-0.0427012551067554
52.583166332665336,9.027027027027026,,100.0,1.0,100.0,-0.042545752270982
52.78156312625251,9.027027027027026,,100.0,1.0,100.0,-0.0423931593634842
52.97995991983967,9.027027027027026,,100.0,1.0,100.0,-0.042243453560172
53.17835671342685,9.027027027027026,,100.0,1.0,100.0,-0.0420966123985897
53.37675350701403,9.027027027027026,,100.0,1.0,100.0,-0.0419526137661315
53.57515030060121,9.027027027027026,,100.0,1.0,100.0,-0.0418114358877854
53.77354709418837,9.027027027027026,,100.0,1.0,100.0,-0.0416730573136562
53.97194388777555,9.027027027027026,,100.0,1.0,100.0,-0.0415374569061969
54.17034068136273,9.027027027027026,,100.0,1.0,100.0,-0.041404613827459
54.368737474949896,9.027027027027026,,100.0,1.0,100.0,-0.0412745075262486
54.567134268537075,9.027027027027026,,100.0,1.0,100.0,-0.0411471177254956
54.765531062124246,9.027027027027026,,100.0,1.0,100.0,-0.0410224244097282
54.96392785571142,9.027027027027026,,100.0,1.0,100.0,-0.0409004078128689
55.1623246492986,9.027027027027026,,100.0,1.0,100.0,-0.0407810484063571
55.360721442885776,9.027027027027026,,100.0,1.0,100.0,-0.0406643268876789
55.55911823647295,9.027027027027026,,100.0,1.0,100.0,-0.0405502241693735
55.75751503006013,9.027027027027026,,100.0,1.0,100.0,-0.0404387213685433
55.95591182364729,9.027027027027026,,100.0,1.0,100.0,-0.0403297997969098
56.15430861723447,9.027027027027026,,100.0,1.0,100.0,-0.0402234409514762
56.35270541082165,9.027027027027026,,100.0,1.0,100.0,-0.0401196265057953
56.551102204408814,9.027027027027026,,100.0,1.0,100.0,-0.0400183383018545
56.74949899799599,9.027027027027026,,100.0,1.0,100.0,-0.0399195583426008
56.94789579158316,9.027027027027026,,100.0,1.0,100.0,-0.0398232687851297
57.146292585170336,9.027027027027026,,100.0,1.0,100.0,-0.0397294519344685
57.3446893787575,9.027027027027026,,100.0,1.0,100.0,-0.0396380902380342
57.543086172344694,9.027027027027026,,100.0,1.0,100.0,-0.0395491662806385
57.74148296593185,9.027027027027026,,100.0,1.0,100.0,-0.0394626627801419
57.93987975951904,9.027027027027026,,100.0,1.0,100.0,-0.0393785625836055
58.13827655310623,9.027027027027026,,100.0,1.0,100.0,-0.0392968486640051
58.336673346693395,9.027027027027026,,100.0,1.0,100.0,-0.0392175041174229
58.535070140280574,9.027027027027026,,100.0,1.0,100.0,-0.0391405121606726
58.73346693386774,9.027027027027026,,100.0,1.0,100.0,-0.0390658561293366
58.9318637274549,9.027027027027026,,100.0,1.0,100.0,-0.0389935194761704
59.13026052104208,9.027027027027026,,100.0,1.0,100.0,-0.0389234857697944
59.32865731462926,9.027027027027026,,100.0,1.0,100.0,-0.0388557386936718
59.52705410821644,9.027027027027026,,100.0,1.0,100.0,-0.0387902620452946
59.72545090180361,9.027027027027026,,100.0,1.0,100.0,-0.0387270397354925
59.92384769539078,9.027027027027026,,100.0,1.0,100.0,-0.0386660557879313
60.12224448897794,9.027027027027026,,100.0,1.0,100.0,-0.0386072943385967
60.32064128256512,9.027027027027026,,100.0,1.0,100.0,-0.0385507396353367
60.51903807615231,9.027027027027026,,100.0,1.0,100.0,-0.0384963760373763
60.717434869739485,9.027027027027026,,100.0,1.0,100.0,-0.0384441880147469
60.915831663326664,9.027027027027026,,100.0,1.0,100.0,-0.0383941601475753
61.114228456913835,9.027027027027026,,100.0,1.0,100.0,-0.0383462771252848
61.312625250501,9.027027027027026,,100.0,1.0,100.0,-0.0383005237455191
61.51102204408818,9.027027027027026,,100.0,1.0,100.0,-0.0382568849128956
61.709418837675344,9.027027027027026,,100.0,1.0,100.0,-0.0382153456374977
61.90781563126252,9.027027027027026,,100.0,1.0,100.0,-0.038175891033039
62.1062124248497,9.027027027027026,,100.0,1.0,100.0,-0.0381385063147687
62.30460921843688,9.027027027027026,,100.0,1.0,100.0,-0.0381031767970085
62.50300601202406,9.027027027027026,,100.0,1.0,100.0,-0.0380698878903537
62.701402805611224,9.027027027027026,,100.0,1.0,100.0,-0.0380386250985059
62.89979959919839,9.027027027027026,,100.0,1.0,100.0,-0.0380093740147399
63.09819639278557,9.027027027027026,,100.0,1.0,100.0,-0.0379821203179621
63.296593186372746,9.027027027027026,,100.0,1.0,100.0,-0.0379568497684038
63.494989979959925,9.027027027027026,,100.0,1.0,100.0,-0.0379335482029279
63.69338677354709,9.027027027027026,,100.0,1.0,100.0,-0.0379122015299024
63.89178356713427,9.027027027027026,,100.0,1.0,100.0,-0.037892795723756
64.09018036072143,9.027027027027026,,100.0,1.0,100.0,-0.0378753168191003
64.28857715430863,9.027027027027026,,100.0,1.0,100.0,-0.0378597509045072
64.48697394789579,9.027027027027026,,100.0,1.0,100.0,-0.037846084115927
64.68537074148296,9.027027027027026,,100.0,1.0,100.0,-0.0378343026297659
64.88376753507015,9.027027027027026,,100.0,1.0,100.0,-0.0378243926556258
65.08216432865731,9.027027027027026,,100.0,1.0,100.0,-0.0378163404287532
65.28056112224449,9.027027027027026,,100.0,1.0,100.0,-0.0378101322021795
65.47895791583166,9.027027027027026,,100.0,1.0,100.0,-0.0378057542386152
65.67735470941884,9.027027027027026,,100.0,1.0,100.0,-0.0378031928020646
65.87575150300601,9.027027027027026,,100.0,1.0,100.0,-0.03780243414927
66.0741482965932,9.027027027027026,,100.0,1.0,100.0,-0.0378034645209002
66.27254509018036,9.027027027027026,,100.0,1.0,100.0,-0.0378062701326209
66.47094188376754,9.027027027027026,,100.0,1.0,100.0,-0.0378108371659721
66.66933867735472,9.027027027027026,,100.0,1.0,100.0,-0.0378171517591651
66.8677354709419,9.027027027027026,,100.0,1.0,100.0,-0.037825199997769
67.06613226452906,9.027027027027026,,100.0,1.0,100.0,-0.0378349679053181
67.26452905811624,9.027027027027026,,100.0,1.0,100.0,-0.0378464414339284
67.4629258517034,9.027027027027026,,100.0,1.0,100.0,-0.0378596064548311
67.6613226452906,9.027027027027026,,100.0,1.0,100.0,-0.0378744487490009
67.85971943887776,9.027027027027026,,100.0,1.0,100.0,-0.0378909539977744
68.05811623246494,9.027027027027026,,100.0,1.0,100.0,-0.0379091077735477
68.2565130260521,9.027027027027026,,100.0,1.0,100.0,-0.0379288955305914
68.45490981963928,9.027027027027026,,100.0,1.0,100.0,-0.0379503025959676
68.65330661322645,9.027027027027026,,100.0,1.0,100.0,-0.0379733141605804
68.85170340681363,9.027027027027026,,100.0,1.0,100.0,-0.0379979152704421
69.05010020040079,9.027027027027026,,100.0,1.0,100.0,-0.0380240908180856
69.24849699398798,9.027027027027026,,100.0,1.0,100.0,-0.0380518255342168
69.44689378757515,9.027027027027026,,100.0,1.0,100.0,-0.0380811039795958
69.64529058116234,9.027027027027026,,100.0,1.0,100.0,-0.0381119105372008
69.84368737474949,9.027027027027026,,100.0,1.0,100.0,-0.0381442294046323
70.04208416833667,9.027027027027026,,100.0,1.0,100.0,-0.0381780445868487
70.24048096192385,9.027027027027026,,100.0,1.0,100.0,-0.0382133398892045
70.43887775551103,9.027027027027026,,100.0,1.0,100.0,-0.0382500989108256
70.6372745490982,9.027027027027026,,100.0,1.0,100.0,-0.0382883050383399
70.83567134268537,9.027027027027026,,100.0,1.0,100.0,-0.0383279414399544
71.03406813627254,9.027027027027026,,100.0,1.0,100.0,-0.0383689910599295
71.23246492985973,9.027027027027026,,100.0,1.0,100.0,-0.0384114366134565
71.4308617234469,9.027027027027026,,100.0,1.0,100.0,-0.0384552605819052
71.62925851703406,9.027027027027026,,100.0,1.0,100.0,-0.0385004452085208
71.82765531062124,9.027027027027026,,100.0,1.0,100.0,-0.0385469724945218
72.0260521042084,9.027027027027026,,100.0,1.0,100.0,-0.0385948241956499
72.2244488977956,9.027027027027026,,100.0,1.0,100.0,-0.0386439818191635
72.42284569138276,9.027027027027026,,100.0,1.0,100.0,-0.0386944266212735
72.62124248496994,9.027027027027026,,100.0,1.0,100.0,-0.0387461396050297
72.8196392785571,9.027027027027026,,100.0,1.0,100.0,-0.0387991015186869
73.01803607214428,9.027027027027026,,100.0,1.0,100.0,-0.0388532928545348
73.21643286573146,9.027027027027026,,100.0,1.0,100.0,-0.0389086938481755
73.41482965931863,9.027027027027026,,100.0,1.0,100.0,-0.0389652844783106
73.6132264529058,9.027027027027026,,100.0,1.0,100.0,-0.0390230444669766
73.81162324649299,9.027027027027026,,100.0,1.0,100.0,-0.0390819532802529
74.01002004008016,9.027027027027026,,100.0,1.0,100.0,-0.0391419901295018
74.20841683366733,9.027027027027026,,100.0,1.0,100.0,-0.0392031339729765
74.40681362725451,9.027027027027026,,100.0,1.0,100.0,-0.0392653635180281
74.60521042084169,9.027027027027026,,100.0,1.0,100.0,-0.0393286572236996
74.80360721442887,9.027027027027026,,100.0,1.0,100.0,-0.0393929933038476
75.00200400801603,9.027027027027026,,100.0,1.0,100.0,-0.0394583497306806
75.20040080160321,9.027027027027026,,100.0,1.0,100.0,-0.0395247042388192
75.39879759519039,9.027027027027026,,100.0,1.0,100.0,-0.0395920343297698
75.59719438877755,9.027027027027026,,100.0,1.0,100.0,-0.0396603172769035
75.79559118236472,9.027027027027026,,100.0,1.0,100.0,-0.0397295301308595
75.99398797595191,9.027027027027026,,100.0,1.0,100.0,-0.0397996497253947
76.19238476953907,9.027027027027026,,100.0,1.0,100.0,-0.0398706526836976
76.39078156312625,9.027027027027026,,100.0,1.0,100.0,-0.0399425154251411
76.58917835671345,9.027027027027026,,100.0,1.0,100.0,-0.0400152141724402
76.7875751503006,9.027027027027026,,100.0,1.0,100.0,-0.0400887249592694
76.98597194388778,9.027027027027026,,100.0,1.0,100.0,-0.0401630236382803
77.18436873747495,9.027027027027026,,100.0,1.0,100.0,-0.040238085889545
77.38276553106212,9.027027027027026,,100.0,1.0,100.0,-0.0403138872294094
77.5811623246493,9.027027027027026,,100.0,1.0,100.0,-0.04039040301971
77.77955911823646,9.027027027027026,,100.0,1.0,100.0,-0.0404676084774504
77.97795591182366,9.027027027027026,,100.0,1.0,100.0,-0.0405454786848105
78.1763527054108,9.027027027027026,,100.0,1.0,100.0,-0.0406239885995487
78.374749498998,9.027027027027026,,100.0,1.0,100.0,-0.0407031130657971
78.5731462925852,9.027027027027026,,100.0,1.0,100.0,-0.040782826825192
78.77154308617234,9.027027027027026,,100.0,1.0,100.0,-0.0408631045283831
78.96993987975952,9.027027027027026,,100.0,1.0,100.0,-0.0409439207468952
79.1683366733467,9.027027027027026,,100.0,1.0,100.0,-0.0410252499853207
79.36673346693387,9.027027027027026,,100.0,1.0,100.0,-0.0411070666938557
79.56513026052104,9.027027027027026,,100.0,1.0,100.0,-0.0411893452811781
79.76352705410822,9.027027027027026,,100.0,1.0,100.0,-0.0412720601276294
79.9619238476954,9.027027027027026,,100.0,1.0,100.0,-0.0413551855987295
80.16032064128257,9.027027027027026,,100.0,1.0,100.0,-0.0414386960589997
80.35871743486975,9.027027027027026,,100.0,1.0,100.0,-0.0415225658860841
80.55711422845691,9.027027027027026,,100.0,1.0,100.0,-0.0416067694851778
80.75551102204409,9.027027027027026,,100.0,1.0,100.0,-0.0416912813037445
80.95390781563127,9.027027027027026,,100.0,1.0,100.0,-0.0417760758465046
81.15230460921843,9.027027027027026,,100.0,1.0,100.0,-0.0418611276907424
81.35070140280563,9.027027027027026,,100.0,1.0,100.0,-0.041946411501843
81.54909819639279,9.027027027027026,,100.0,1.0,100.0,-0.0420319020491349
81.74749498997996,9.027027027027026,,100.0,1.0,100.0,-0.0421175742219654
81.94589178356713,9.027027027027026,,100.0,1.0,100.0,-0.0422034030460686
82.14428857715431,9.027027027027026,,100.0,1.0,100.0,-0.0422893637001597
82.34268537074149,9.027027027027026,,100.0,1.0,100.0,-0.0423754315328056
82.54108216432866,9.027027027027026,,100.0,1.0,100.0,-0.042461582079486
82.73947895791585,9.027027027027026,,100.0,1.0,100.0,-0.0425477910799838
82.937875751503,9.027027027027026,,100.0,1.0,100.0,-0.0426340344959317
83.13627254509018,9.027027027027026,,100.0,1.0,100.0,-0.0427202885286197
83.33466933867736,9.027027027027026,,100.0,1.0,100.0,-0.0428065296370577
83.53306613226454,9.027027027027026,,100.0,1.0,100.0,-0.0428927345562037
83.7314629258517,9.027027027027026,,100.0,1.0,100.0,-0.0429788803154762
83.92985971943888,9.027027027027026,,100.0,1.0,100.0,-0.0430649442574435
84.12825651302606,9.027027027027026,,100.0,1.0,100.0,-0.043150904056749
84.32665330661322,9.027027027027026,,100.0,1.0,100.0,-0.0432367377392208
84.5250501002004,9.027027027027026,,100.0,1.0,100.0,-0.0433224237012389
84.72344689378757,9.027027027027026,,100.0,1.0,100.0,-0.043407940729257
84.92184368737476,9.027027027027026,,100.0,1.0,100.0,-0.0434932680195673
85.12024048096194,9.027027027027026,,100.0,1.0,100.0,-0.0435783851982323
85.3186372745491,9.027027027027026,,100.0,1.0,100.0,-0.0436632723412558
85.51703406813628,9.027027027027026,,100.0,1.0,100.0,-0.0437479099949179
85.71543086172345,9.027027027027026,,100.0,1.0,100.0,-0.0438322791963192
85.91382765531063,9.027027027027026,,100.0,1.0,100.0,-0.0439163614941212
86.1122244488978,9.027027027027026,,100.0,1.0,100.0,-0.044000138969459
86.31062124248497,9.027027027027026,,100.0,1.0,100.0,-0.0440835942570851
86.50901803607215,9.027027027027026,,100.0,1.0,100.0,-0.0441667105666615
86.70741482965931,9.027027027027026,,100.0,1.0,100.0,-0.0442494717042563
86.90581162324649,9.027027027027026,,100.0,1.0,100.0,-0.0443318620940201
87.10420841683366,9.027027027027026,,100.0,1.0,100.0,-0.0444138668000682
87.30260521042084,9.027027027027026,,100.0,1.0,100.0,-0.0444954715485108
87.50100200400803,9.027027027027026,,100.0,1.0,100.0,-0.0445766627497157
87.6993987975952,9.027027027027026,,100.0,1.0,100.0,-0.0446574275206994
87.89779559118237,9.027027027027026,,100.0,1.0,100.0,-0.0447377537077381
88.09619238476955,9.027027027027026,,100.0,1.0,100.0,-0.0448176299091613
88.29458917835672,9.027027027027026,,100.0,1.0,100.0,-0.0448970454982905
88.4929859719439,9.027027027027026,,100.0,1.0,100.0,-0.0449759906466138
88.69138276553106,9.027027027027026,,100.0,1.0,100.0,-0.0450544563470736
88.88977955911824,9.027027027027026,,100.0,1.0,100.0,-0.0451324344376113
89.0881763527054,9.027027027027026,,100.0,1.0,100.0,-0.0452099176248225
89.28657314629258,9.027027027027026,,100.0,1.0,100.0,-0.0452868995078485
89.48496993987975,9.027027027027026,,100.0,1.0,100.0,-0.0453633746023991
89.68336673346693,9.027027027027026,,100.0,1.0,100.0,-0.0454393383650024
89.88176352705409,9.027027027027026,,100.0,1.0,100.0,-0.0455147872174057
90.08016032064127,9.027027027027026,,100.0,1.0,100.0,-0.045589718571163
90.27855711422846,9.027027027027026,,100.0,1.0,100.0,-0.0456641308524171
90.47695390781564,9.027027027027026,,100.0,1.0,100.0,-0.0457380235268496
90.6753507014028,9.027027027027026,,100.0,1.0,100.0,-0.045811397124823
90.87374749498998,9.027027027027026,,100.0,1.0,100.0,-0.0458842532667095
91.07214428857715,9.027027027027026,,100.0,1.0,100.0,-0.045956594688389
91.27054108216433,9.027027027027026,,100.0,1.0,100.0,-0.0460284252669561
91.46893787575152,9.027027027027026,,100.0,1.0,100.0,-0.04609975004659
91.66733466933867,9.027027027027026,,100.0,1.0,100.0,-0.0461705752646435
91.86573146292585,9.027027027027026,,100.0,1.0,100.0,-0.0462409083778871
92.06412825651303,9.027027027027026,,100.0,1.0,100.0,-0.0463107580889492
92.26252505010021,9.027027027027026,,100.0,1.0,100.0,-0.0463801343729896
92.46092184368737,9.027027027027026,,100.0,1.0,100.0,-0.0464490485045063
92.65931863727455,9.027027027027026,,100.0,1.0,100.0,-0.0465175130843773
92.85771543086172,9.027027027027026,,100.0,1.0,100.0,-0.0465855420670906
93.05611222444891,9.027027027027026,,100.0,1.0,100.0,-0.0466531507881659
93.25450901803607,9.027027027027026,,100.0,1.0,100.0,-0.0467203559917758
93.45290581162325,9.027027027027026,,100.0,1.0,100.0,-0.0467871758585811
93.65130260521043,9.027027027027026,,100.0,1.0,100.0,-0.0468536300337489
93.84969939879761,9.027027027027026,,100.0,1.0,100.0,-0.0469197396552228
94.04809619238478,9.027027027027026,,100.0,1.0,100.0,-0.0469855273821282
94.24649298597195,9.027027027027026,,100.0,1.0,100.0,-0.0470510174234514
94.44488977955912,9.027027027027026,,100.0,1.0,100.0,-0.0471162355669135
94.6432865731463,9.027027027027026,,100.0,1.0,100.0,-0.0471812092080452
94.84168336673346,9.027027027027026,,100.0,1.0,100.0,-0.0472459673794931
95.04008016032064,9.027027027027026,,100.0,1.0,100.0,-0.0473105407805604
95.2384769539078,9.027027027027026,,100.0,1.0,100.0,-0.0473749618069293
95.43687374749499,9.027027027027026,,100.0,1.0,100.0,-0.0474392645806642
95.63527054108215,9.027027027027026,,100.0,1.0,100.0,-0.0475034849803872
95.83366733466936,9.027027027027026,,100.0,1.0,100.0,-0.0475676606717467
96.03206412825652,9.027027027027026,,100.0,1.0,100.0,-0.047631831138082
96.2304609218437,9.027027027027026,,100.0,1.0,100.0,-0.047696037711323
96.42885771543087,9.027027027027026,,100.0,1.0,100.0,-0.047760323603164
96.62725450901804,9.027027027027026,,100.0,1.0,100.0,-0.047824733936458
96.82565130260521,9.027027027027026,,100.0,1.0,100.0,-0.0478893157768846
97.02404809619239,9.027027027027026,,100.0,1.0,100.0,-0.0479541181648325
97.22244488977958,9.027027027027026,,100.0,1.0,100.0,-0.0480191921475948
97.42084168336673,9.027027027027026,,100.0,1.0,100.0,-0.0480845908117664
97.6192384769539,9.027027027027026,,100.0,1.0,100.0,-0.048150369315962
97.81763527054107,9.027027027027026,,100.0,1.0,100.0,-0.0482165849237689
98.01603206412825,9.027027027027026,,100.0,1.0,100.0,-0.0482832970369836
98.21442885771542,9.027027027027026,,100.0,1.0,100.0,-0.0483505672291412
98.4128256513026,9.027027027027026,,100.0,1.0,100.0,-0.0484184592792976
98.61122244488979,9.027027027027026,,100.0,1.0,100.0,-0.0484870392061337
98.80961923847698,9.027027027027026,,100.0,1.0,100.0,-0.0485563753023385
99.00801603206413,9.027027027027026,,100.0,1.0,100.0,-0.0486265381692999
99.2064128256513,9.027027027027026,,100.0,1.0,100.0,-0.0486976007520477
99.40480961923848,9.027027027027026,,100.0,1.0,100.0,-0.0487696383746186
99.60320641282564,9.027027027027026,,100.0,1.0,100.0,-0.0488427287756072
99.80160320641282,9.027027027027026,,100.0,1.0,100.0,-0.0489169521441075
100.0,9.027027027027026,,100.0,1.0,100.0,-0.0489923911559843
1.0,11.702702702702704,,100.0,1.0,100.0,-0.2641685654082714
1.1983967935871744,11.702702702702704,,100.0,1.0,100.0,-0.2616089120552561
1.3967935871743486,11.702702702702704,,100.0,1.0,100.0,-0.2590724407788184
1.595190380761523,11.702702702702704,,100.0,1.0,100.0,-0.2565589103554694
1.7935871743486973,11.702702702702704,,100.0,1.0,100.0,-0.2540680868206473
1.9919839679358717,11.702702702702704,,100.0,1.0,100.0,-0.2515997432525302
2.190380761523046,11.702702702702704,,100.0,1.0,100.0,-0.2491536595586587
2.38877755511022,11.702702702702704,,100.0,1.0,100.0,-0.2467296222654659
2.5871743486973946,11.702702702702704,,100.0,1.0,100.0,-0.2443274243107207
2.785571142284569,11.702702702702704,,100.0,1.0,100.0,-0.241946864838956
2.9839679358717435,11.702702702702704,,100.0,1.0,100.0,-0.2395877489998881
3.182364729458918,11.702702702702704,,100.0,1.0,100.0,-0.2372498877499043
3.380761523046093,11.702702702702704,,100.0,1.0,100.0,-0.2349330976566442
3.579158316633267,11.702702702702704,,100.0,1.0,100.0,-0.2326372007066222
3.7775551102204403,11.702702702702704,,100.0,1.0,100.0,-0.2303620241160829
3.9759519038076157,11.702702702702704,,100.0,1.0,100.0,-0.2281074001449541
4.174348697394789,11.702702702702704,,100.0,1.0,100.0,-0.2258731659139757
4.372745490981964,11.702702702702704,,100.0,1.0,100.0,-0.2236591632250607
4.571142284569138,11.702702702702704,,100.0,1.0,100.0,-0.2214652383848445
4.7695390781563125,11.702702702702704,,100.0,1.0,100.0,-0.2192912420314891
4.967935871743487,11.702702702702704,,100.0,1.0,100.0,-0.2171370289646823
5.166332665330662,11.702702702702704,,100.0,1.0,100.0,-0.2150024579789211
5.364729458917837,11.702702702702704,,100.0,1.0,100.0,-0.212887391700025
5.563126252505009,11.702702702702704,,100.0,1.0,100.0,-0.2107916964249361
5.761523046092185,11.702702702702704,,100.0,1.0,100.0,-0.2087152419647256
5.959919839679359,11.702702702702704,,100.0,1.0,100.0,-0.2066579014909224
6.158316633266534,11.702702702702704,,100.0,1.0,100.0,-0.2046195513850638
6.356713426853707,11.702702702702704,,100.0,1.0,100.0,-0.2026000710914922
6.555110220440882,11.702702702702704,,100.0,1.0,100.0,-0.2005993429734388
6.753507014028057,11.702702702702704,,100.0,1.0,100.0,-0.1986172521723263
6.951903807615231,11.702702702702704,,100.0,1.0,100.0,-0.1966536864702983
7.150300601202405,11.702702702702704,,100.0,1.0,100.0,-0.1947085361560056
7.348697394789579,11.702702702702704,,100.0,1.0,100.0,-0.1927816938935834
7.547094188376754,11.702702702702704,,100.0,1.0,100.0,-0.1908730545948403
7.745490981963927,11.702702702702704,,100.0,1.0,100.0,-0.1889825152946161
7.9438877755511,11.702702702702704,,100.0,1.0,100.0,-0.1871099750293552
8.142284569138276,11.702702702702704,,100.0,1.0,100.0,-0.1852553347187795
8.340681362725451,11.702702702702704,,100.0,1.0,100.0,-0.1834184970507465
8.539078156312625,11.702702702702704,,100.0,1.0,100.0,-0.1815993663691983
8.737474949899799,11.702702702702704,,100.0,1.0,100.0,-0.1797978485652098
8.935871743486974,11.702702702702704,,100.0,1.0,100.0,-0.1780138509711421
9.13426853707415,11.702702702702704,,100.0,1.0,100.0,-0.1762472822577904
9.332665330661325,11.702702702702704,,100.0,1.0,100.0,-0.1744980523346281
9.531062124248498,11.702702702702704,,100.0,1.0,100.0,-0.1727660722529941
9.729458917835672,11.702702702702704,,100.0,1.0,100.0,-0.1710512541123167
9.927855711422845,11.702702702702704,,100.0,1.0,100.0,-0.1693535109692299
10.126252505010019,11.702702702702704,,100.0,1.0,100.0,-0.1676727567496626
10.324649298597194,11.702702702702704,,100.0,1.0,100.0,-0.1660089061637825
10.52304609218437,11.702702702702704,,100.0,1.0,100.0,-0.164361874623832
10.721442885771543,11.702702702702704,,100.0,1.0,100.0,-0.1627315781647884
10.919839679358718,11.702702702702704,,100.0,1.0,100.0,-0.1611179333678244
11.118236472945892,11.702702702702704,,100.0,1.0,100.0,-0.1595208572865225
11.316633266533067,11.702702702702704,,100.0,1.0,100.0,-0.1579402673758635
11.515030060120242,11.702702702702704,,100.0,1.0,100.0,-0.1563760814238966
11.713426853707414,11.702702702702704,,100.0,1.0,100.0,-0.1548282174860603
11.91182364729459,11.702702702702704,,100.0,1.0,100.0,-0.1532965938221699
12.110220440881761,11.702702702702704,,100.0,1.0,100.0,-0.1517811288359815
12.308617234468937,11.702702702702704,,100.0,1.0,100.0,-0.1502817410173235
12.507014028056114,11.702702702702704,,100.0,1.0,100.0,-0.1487983488867494
12.705410821643287,11.702702702702704,,100.0,1.0,100.0,-0.1473308709426878
12.903807615230463,11.702702702702704,,100.0,1.0,100.0,-0.1458792256110245
13.102204408817634,11.702702702702704,,100.0,1.0,100.0,-0.14444333119711
13.30060120240481,11.702702702702704,,100.0,1.0,100.0,-0.1430231058401219
13.498997995991983,11.702702702702704,,100.0,1.0,100.0,-0.1416184674697942
13.697394789579159,11.702702702702704,,100.0,1.0,100.0,-0.1402293337653962
13.895791583166334,11.702702702702704,,100.0,1.0,100.0,-0.1388556221169962
14.094188376753507,11.702702702702704,,100.0,1.0,100.0,-0.1374972495889184
14.292585170340683,11.702702702702704,,100.0,1.0,100.0,-0.1361541328854081
14.490981963927855,11.702702702702704,,100.0,1.0,100.0,-0.1348261883183776
14.689378757515032,11.702702702702704,,100.0,1.0,100.0,-0.1335133317772836
14.887775551102203,11.702702702702704,,100.0,1.0,100.0,-0.1322154787010591
15.086172344689379,11.702702702702704,,100.0,1.0,100.0,-0.130932544052032
15.284569138276554,11.702702702702704,,100.0,1.0,100.0,-0.1296644422918138
15.482965931863726,11.702702702702704,,100.0,1.0,100.0,-0.1284110873591625
15.681362725450903,11.702702702702704,,100.0,1.0,100.0,-0.1271723926496822
15.879759519038075,11.702702702702704,,100.0,1.0,100.0,-0.1259482709974008
16.07815631262525,11.702702702702704,,100.0,1.0,100.0,-0.1247386346581547
16.276553106212425,11.702702702702704,,100.0,1.0,100.0,-0.1235433952947279
16.474949899799597,11.702702702702704,,100.0,1.0,100.0,-0.1223624639637412
16.673346693386772,11.702702702702704,,100.0,1.0,100.0,-0.1211957511042184
16.871743486973948,11.702702702702704,,100.0,1.0,100.0,-0.1200431665278015
17.070140280561123,11.702702702702704,,100.0,1.0,100.0,-0.1189046194105854
17.2685370741483,11.702702702702704,,100.0,1.0,100.0,-0.1177800182865158
17.466933867735474,11.702702702702704,,100.0,1.0,100.0,-0.1166692710423278
17.66533066132265,11.702702702702704,,100.0,1.0,100.0,-0.1155722849139817
17.86372745490982,11.702702702702704,,100.0,1.0,100.0,-0.1144889664845421
18.062124248496996,11.702702702702704,,100.0,1.0,100.0,-0.1134192216834955
18.260521042084168,11.702702702702704,,100.0,1.0,100.0,-0.1123629557874561
18.458917835671343,11.702702702702704,,100.0,1.0,100.0,-0.1113200734221851
18.657314629258515,11.702702702702704,,100.0,1.0,100.0,-0.1102904785659606
18.85571142284569,11.702702702702704,,100.0,1.0,100.0,-0.1092740745542062
19.054108216432866,11.702702702702704,,100.0,1.0,100.0,-0.1082707640853496
19.252505010020037,11.702702702702704,,100.0,1.0,100.0,-0.1072804492278994
19.450901803607216,11.702702702702704,,100.0,1.0,100.0,-0.1063030314286884
19.649298597194388,11.702702702702704,,100.0,1.0,100.0,-0.1053384115222559
19.847695390781563,11.702702702702704,,100.0,1.0,100.0,-0.104386489741317
20.04609218436874,11.702702702702704,,100.0,1.0,100.0,-0.1034471657283021
20.244488977955914,11.702702702702704,,100.0,1.0,100.0,-0.1025203385479644
20.442885771543086,11.702702702702704,,100.0,1.0,100.0,-0.1016059067009109
20.64128256513026,11.702702702702704,,100.0,1.0,100.0,-0.1007037681381785
20.839679358717436,11.702702702702704,,100.0,1.0,100.0,-0.0998138202766958
21.03807615230461,11.702702702702704,,100.0,1.0,100.0,-0.0989359600156374
21.236472945891784,11.702702702702704,,100.0,1.0,100.0,-0.0980700837536837
21.43486973947896,11.702702702702704,,100.0,1.0,100.0,-0.0972160874070522
21.633266533066134,11.702702702702704,,100.0,1.0,100.0,-0.0963738664283793
21.831663326653306,11.702702702702704,,100.0,1.0,100.0,-0.0955433158263181
22.030060120240485,11.702702702702704,,100.0,1.0,100.0,-0.0947243301859008
22.228456913827657,11.702702702702704,,100.0,1.0,100.0,-0.0939168036895559
22.42685370741483,11.702702702702704,,100.0,1.0,100.0,-0.0931206301388109
22.625250501002007,11.702702702702704,,100.0,1.0,100.0,-0.0923357029765993
22.82364729458918,11.702702702702704,,100.0,1.0,100.0,-0.0915619153101522
23.02204408817635,11.702702702702704,,100.0,1.0,100.0,-0.0907991599344428
23.220440881763523,11.702702702702704,,100.0,1.0,100.0,-0.0900473293561488
23.4188376753507,11.702702702702704,,100.0,1.0,100.0,-0.0893063158180674
23.617234468937873,11.702702702702704,,100.0,1.0,100.0,-0.0885760113239997
23.815631262525052,11.702702702702704,,100.0,1.0,100.0,-0.0878563076639833
24.014028056112227,11.702702702702704,,100.0,1.0,100.0,-0.087147096439962
24.212424849699403,11.702702702702704,,100.0,1.0,100.0,-0.0864482690916897
24.410821643286575,11.702702702702704,,100.0,1.0,100.0,-0.085759716923002
24.609218436873746,11.702702702702704,,100.0,1.0,100.0,-0.085081331128271
24.807615230460925,11.702702702702704,,100.0,1.0,100.0,-0.0844130028191109
25.006012024048097,11.702702702702704,,100.0,1.0,100.0,-0.0837546230512336
25.20440881763527,11.702702702702704,,100.0,1.0,100.0,-0.0831060828514276
25.402805611222448,11.702702702702704,,100.0,1.0,100.0,-0.082467273244667
43.25851703406814,11.702702702702704,,100.0,1.0,100.0,-0.0524019395589652
43.45691382765531,11.702702702702704,,100.0,1.0,100.0,-0.0522585470110027
43.655310621242485,11.702702702702704,,100.0,1.0,100.0,-0.0521174716585536
43.85370741482966,11.702702702702704,,100.0,1.0,100.0,-0.0519786738935013
44.05210420841683,11.702702702702704,,100.0,1.0,100.0,-0.0518421150313462
44.250501002004015,11.702702702702704,,100.0,1.0,100.0,-0.0517077573129305
44.448897795591186,11.702702702702704,,100.0,1.0,100.0,-0.0515755639060309
44.64729458917836,11.702702702702704,,100.0,1.0,100.0,-0.0514454989067921
44.84569138276553,11.702702702702704,,100.0,1.0,100.0,-0.0513175273409367
45.0440881763527,11.702702702702704,,100.0,1.0,100.0,-0.0511916151646508
45.24248496993987,11.702702702702704,,100.0,1.0,100.0,-0.0510677292651542
45.440881763527045,11.702702702702704,,100.0,1.0,100.0,-0.0509458374607989
45.63927855711423,11.702702702702704,,100.0,1.0,100.0,-0.0508259085007376
45.8376753507014,11.702702702702704,,100.0,1.0,100.0,-0.0507079120640074
46.036072144288575,11.702702702702704,,100.0,1.0,100.0,-0.0505918187580478
46.23446893787575,11.702702702702704,,100.0,1.0,100.0,-0.0504776001165555
46.43286573146293,11.702702702702704,,100.0,1.0,100.0,-0.0503652285966338
46.631262525050104,11.702702702702704,,100.0,1.0,100.0,-0.0502546775752253
46.829659318637276,11.702702702702704,,100.0,1.0,100.0,-0.0501459213447138
47.028056112224455,11.702702702702704,,100.0,1.0,100.0,-0.0500389351077451
47.22645290581163,11.702702702702704,,100.0,1.0,100.0,-0.0499336949711851
47.424849699398806,11.702702702702704,,100.0,1.0,100.0,-0.049830177939166
47.62324649298598,11.702702702702704,,100.0,1.0,100.0,-0.0497283619053122
47.82164328657315,11.702702702702704,,100.0,1.0,100.0,-0.0496282256439628
48.02004008016032,11.702702702702704,,100.0,1.0,100.0,-0.0495297488005477
48.21843687374749,11.702702702702704,,100.0,1.0,100.0,-0.0494329118810067
48.41683366733468,11.702702702702704,,100.0,1.0,100.0,-0.0493376962403099
48.615230460921836,11.702702702702704,,100.0,1.0,100.0,-0.0492440840700583
48.81362725450902,11.702702702702704,,100.0,1.0,100.0,-0.0491520583852189
49.012024048096194,11.702702702702704,,100.0,1.0,100.0,-0.0490616030099809
49.21042084168337,11.702702702702704,,100.0,1.0,100.0,-0.0489727025627626
49.40881763527054,11.702702702702704,,100.0,1.0,100.0,-0.0488853424404522
49.60721442885771,11.702702702702704,,100.0,1.0,100.0,-0.0487995088018355
49.805611222444895,11.702702702702704,,100.0,1.0,100.0,-0.0487151885503434
50.00400801603207,11.702702702702704,,100.0,1.0,100.0,-0.048632369316098
50.20240480961924,11.702702702702704,,100.0,1.0,100.0,-0.0485510394373418
50.40080160320641,11.702702702702704,,100.0,1.0,100.0,-0.0484711879413158
50.59919839679358,11.702702702702704,,100.0,1.0,100.0,-0.0483928045245903
50.79759519038077,11.702702702702704,,100.0,1.0,100.0,-0.0483158795329865
50.99599198396793,11.702702702702704,,100.0,1.0,100.0,-0.0482404039410775
51.19438877755511,11.702702702702704,,100.0,1.0,100.0,-0.0481663693313839
51.39278557114229,11.702702702702704,,100.0,1.0,100.0,-0.0480937678733135
51.59118236472946,11.702702702702704,,100.0,1.0,100.0,-0.0480225923018803
51.789579158316634,11.702702702702704,,100.0,1.0,100.0,-0.0479528358963513
51.987975951903806,11.702702702702704,,100.0,1.0,100.0,-0.0478844924587649
52.18637274549098,11.702702702702704,,100.0,1.0,100.0,-0.0478175562924921
52.38476953907816,11.702702702702704,,100.0,1.0,100.0,-0.0477520221808838
52.583166332665336,11.702702702702704,,100.0,1.0,100.0,-0.0476878853659779
52.78156312625251,11.702702702702704,,100.0,1.0,100.0,-0.0476251415274678
52.97995991983967,11.702702702702704,,100.0,1.0,100.0,-0.0475637867618644
53.17835671342685,11.702702702702704,,100.0,1.0,100.0,-0.0475038175619823
53.37675350701403,11.702702702702704,,100.0,1.0,100.0,-0.0474452307967542
53.57515030060121,11.702702702702704,,100.0,1.0,100.0,-0.0473880236914443
53.77354709418837,11.702702702702704,,100.0,1.0,100.0,-0.0473321938083248
53.97194388777555,11.702702702702704,,100.0,1.0,100.0,-0.0472777390277843
54.17034068136273,11.702702702702704,,100.0,1.0,100.0,-0.0472246575299984
54.368737474949896,11.702702702702704,,100.0,1.0,100.0,-0.0471729477770869
54.567134268537075,11.702702702702704,,100.0,1.0,100.0,-0.0471226084958991
54.765531062124246,11.702702702702704,,100.0,1.0,100.0,-0.0470736386613253
54.96392785571142,11.702702702702704,,100.0,1.0,100.0,-0.0470260374802897
55.1623246492986,11.702702702702704,,100.0,1.0,100.0,-0.0469798043762831
55.360721442885776,11.702702702702704,,100.0,1.0,100.0,-0.0469349389745954
55.55911823647295,11.702702702702704,,100.0,1.0,100.0,-0.046891441088123
55.75751503006013,11.702702702702704,,100.0,1.0,100.0,-0.0468493107038684
55.95591182364729,11.702702702702704,,100.0,1.0,100.0,-0.0468085479699975
56.15430861723447,11.702702702702704,,100.0,1.0,100.0,-0.0467691531835725
56.35270541082165,11.702702702702704,,100.0,1.0,100.0,-0.0467311267788761
56.551102204408814,11.702702702702704,,100.0,1.0,100.0,-0.046694469316305
56.74949899799599,11.702702702702704,,100.0,1.0,100.0,-0.0466591814718838
56.94789579158316,11.702702702702704,,100.0,1.0,100.0,-0.0466252640272772
57.146292585170336,11.702702702702704,,100.0,1.0,100.0,-0.046592717860376
57.3446893787575,11.702702702702704,,100.0,1.0,100.0,-0.0465615439363499
57.543086172344694,11.702702702702704,,100.0,1.0,100.0,-0.046531743299208
57.74148296593185,11.702702702702704,,100.0,1.0,100.0,-0.0465033170637542
57.93987975951904,11.702702702702704,,100.0,1.0,100.0,-0.0464762664080111
58.13827655310623,11.702702702702704,,100.0,1.0,100.0,-0.0464505925659616
58.336673346693395,11.702702702702704,,100.0,1.0,100.0,-0.0464262968206815
58.535070140280574,11.702702702702704,,100.0,1.0,100.0,-0.0464033804977531
58.73346693386774,11.702702702702704,,100.0,1.0,100.0,-0.0463818449589605
58.9318637274549,11.702702702702704,,100.0,1.0,100.0,-0.0463616915962269
59.13026052104208,11.702702702702704,,100.0,1.0,100.0,-0.0463429218257568
59.32865731462926,11.702702702702704,,100.0,1.0,100.0,-0.046325537082324
59.52705410821644,11.702702702702704,,100.0,1.0,100.0,-0.0463095388137461
59.72545090180361,11.702702702702704,,100.0,1.0,100.0,-0.0462949284754166
59.92384769539078,11.702702702702704,,100.0,1.0,100.0,-0.0462817075249395
60.12224448897794,11.702702702702704,,100.0,1.0,100.0,-0.0462698774167802
60.32064128256512,11.702702702702704,,100.0,1.0,100.0,-0.0462594395969615
60.51903807615231,11.702702702702704,,100.0,1.0,100.0,-0.0462503954977449
60.717434869739485,11.702702702702704,,100.0,1.0,100.0,-0.0462427465322385
60.915831663326664,11.702702702702704,,100.0,1.0,100.0,-0.0462364940890042
61.114228456913835,11.702702702702704,,100.0,1.0,100.0,-0.0462316395265417
61.312625250501,11.702702702702704,,100.0,1.0,100.0,-0.0462281841676868
61.51102204408818,11.702702702702704,,100.0,1.0,100.0,-0.0462261292939129
61.709418837675344,11.702702702702704,,100.0,1.0,100.0,-0.0462254761394785
61.90781563126252,11.702702702702704,,100.0,1.0,100.0,-0.0462262258854512
62.1062124248497,11.702702702702704,,100.0,1.0,100.0,-0.0462283796535649
62.30460921843688,11.702702702702704,,100.0,1.0,100.0,-0.0462319384999554
62.50300601202406,11.702702702702704,,100.0,1.0,100.0,-0.0462369034086714
62.701402805611224,11.702702702702704,,100.0,1.0,100.0,-0.0462432752850894
62.89979959919839,11.702702702702704,,100.0,1.0,100.0,-0.046251054949111
63.09819639278557,11.702702702702704,,100.0,1.0,100.0,-0.0462602431282027
63.296593186372746,11.702702702702704,,100.0,1.0,100.0,-0.0462708404502921
63.494989979959925,11.702702702702704,,100.0,1.0,100.0,-0.0462828474364781
63.69338677354709,11.702702702702704,,100.0,1.0,100.0,-0.046296264493602
63.89178356713427,11.702702702702704,,100.0,1.0,100.0,-0.0463110919066781
64.09018036072143,11.702702702702704,,100.0,1.0,100.0,-0.0463273298311729
64.28857715430863,11.702702702702704,,100.0,1.0,100.0,-0.0463449782851762
64.48697394789579,11.702702702702704,,100.0,1.0,100.0,-0.0463640371414426
64.68537074148296,11.702702702702704,,100.0,1.0,100.0,-0.0463845061193499
64.88376753507015,11.702702702702704,,100.0,1.0,100.0,-0.0464063847767693
65.08216432865731,11.702702702702704,,100.0,1.0,100.0,-0.046429672501875
65.28056112224449,11.702702702702704,,100.0,1.0,100.0,-0.0464543685048757
65.47895791583166,11.702702702702704,,100.0,1.0,100.0,-0.0464804718097474
65.67735470941884,11.702702702702704,,100.0,1.0,100.0,-0.0465079812459353
65.87575150300601,11.702702702702704,,100.0,1.0,100.0,-0.0465368954400524
66.0741482965932,11.702702702702704,,100.0,1.0,100.0,-0.0465672128076133
66.27254509018036,11.702702702702704,,100.0,1.0,100.0,-0.0465989315448056
66.47094188376754,11.702702702702704,,100.0,1.0,100.0,-0.0466320496203189
66.66933867735472,11.702702702702704,,100.0,1.0,100.0,-0.0466665647672619
66.8677354709419,11.702702702702704,,100.0,1.0,100.0,-0.0467024744751858
67.06613226452906,11.702702702702704,,100.0,1.0,100.0,-0.0467397759822203
67.26452905811624,11.702702702702704,,100.0,1.0,100.0,-0.0467784662673373
67.4629258517034,11.702702702702704,,100.0,1.0,100.0,-0.0468185420428399
67.6613226452906,11.702702702702704,,100.0,1.0,100.0,-0.04685999974692
67.85971943887776,11.702702702702704,,100.0,1.0,100.0,-0.0469028355365448
68.05811623246494,11.702702702702704,,100.0,1.0,100.0,-0.0469470452804626
68.2565130260521,11.702702702702704,,100.0,1.0,100.0,-0.0469926245524885
68.45490981963928,11.702702702702704,,100.0,1.0,100.0,-0.0470395686250418
68.65330661322645,11.702702702702704,,100.0,1.0,100.0,-0.0470878724629549
68.85170340681363,11.702702702702704,,100.0,1.0,100.0,-0.0471375307175412
69.05010020040079,11.702702702702704,,100.0,1.0,100.0,-0.0471885377210202
69.24849699398798,11.702702702702704,,100.0,1.0,100.0,-0.0472408874812168
69.44689378757515,11.702702702702704,,100.0,1.0,100.0,-0.0472945736765938
69.64529058116234,11.702702702702704,,100.0,1.0,100.0,-0.0473495896516708
69.84368737474949,11.702702702702704,,100.0,1.0,100.0,-0.0474059284127564
70.04208416833667,11.702702702702704,,100.0,1.0,100.0,-0.0474635826240656
70.24048096192385,11.702702702702704,,100.0,1.0,100.0,-0.0475225446042359
70.43887775551103,11.702702702702704,,100.0,1.0,100.0,-0.0475828063232156
70.6372745490982,11.702702702702704,,100.0,1.0,100.0,-0.0476443593995569
70.83567134268537,11.702702702702704,,100.0,1.0,100.0,-0.0477071950981328
71.03406813627254,11.702702702702704,,100.0,1.0,100.0,-0.0477713043282413
71.23246492985973,11.702702702702704,,100.0,1.0,100.0,-0.047836677642177
71.4308617234469,11.702702702702704,,100.0,1.0,100.0,-0.0479033052342031
71.62925851703406,11.702702702702704,,100.0,1.0,100.0,-0.0479711769399583
71.82765531062124,11.702702702702704,,100.0,1.0,100.0,-0.0480402822363231
72.0260521042084,11.702702702702704,,100.0,1.0,100.0,-0.0481106102417167
72.2244488977956,11.702702702702704,,100.0,1.0,100.0,-0.0481821497168536
72.42284569138276,11.702702702702704,,100.0,1.0,100.0,-0.0482548890659418
72.62124248496994,11.702702702702704,,100.0,1.0,100.0,-0.0483288163383154
72.8196392785571,11.702702702702704,,100.0,1.0,100.0,-0.0484039192305619
73.01803607214428,11.702702702702704,,100.0,1.0,100.0,-0.0484801850890638
73.21643286573146,11.702702702702704,,100.0,1.0,100.0,-0.0485576009130024
73.41482965931863,11.702702702702704,,100.0,1.0,100.0,-0.0486361533578276
73.6132264529058,11.702702702702704,,100.0,1.0,100.0,-0.0487158287391538
73.81162324649299,11.702702702702704,,100.0,1.0,100.0,-0.0487966130371188
74.01002004008016,11.702702702702704,,100.0,1.0,100.0,-0.0488784919011776
74.20841683366733,11.702702702702704,,100.0,1.0,100.0,-0.0489614506553425
74.40681362725451,11.702702702702704,,100.0,1.0,100.0,-0.0490454743038702
74.60521042084169,11.702702702702704,,100.0,1.0,100.0,-0.0491305475373446
74.80360721442887,11.702702702702704,,100.0,1.0,100.0,-0.049216654739247
75.00200400801603,11.702702702702704,,100.0,1.0,100.0,-0.0493037799928958
75.20040080160321,11.702702702702704,,100.0,1.0,100.0,-0.0493919070888381
75.39879759519039,11.702702702702704,,100.0,1.0,100.0,-0.0494810195326265
75.59719438877755,11.702702702702704,,100.0,1.0,100.0,-0.0495711005530492
75.79559118236472,11.702702702702704,,100.0,1.0,100.0,-0.0496621331106937
75.99398797595191,11.702702702702704,,100.0,1.0,100.0,-0.0497540999069932
76.19238476953907,11.702702702702704,,100.0,1.0,100.0,-0.0498469833935586
76.39078156312625,11.702702702702704,,100.0,1.0,100.0,-0.0499407657819879
76.58917835671345,11.702702702702704,,100.0,1.0,100.0,-0.0500354290539933
76.7875751503006,11.702702702702704,,100.0,1.0,100.0,-0.0501309549719075
76.98597194388778,11.702702702702704,,100.0,1.0,100.0,-0.050227325089562
77.18436873747495,11.702702702702704,,100.0,1.0,100.0,-0.0503245207635485
77.38276553106212,11.702702702702704,,100.0,1.0,100.0,-0.0504225231647346
77.5811623246493,11.702702702702704,,100.0,1.0,100.0,-0.0505213132902284
77.77955911823646,11.702702702702704,,100.0,1.0,100.0,-0.050620871975625
77.97795591182366,11.702702702702704,,100.0,1.0,100.0,-0.0507211799075705
78.1763527054108,11.702702702702704,,100.0,1.0,100.0,-0.0508222176366697
78.374749498998,11.702702702702704,,100.0,1.0,100.0,-0.0509239655907169
78.5731462925852,11.702702702702704,,100.0,1.0,100.0,-0.0510264040881861
78.77154308617234,11.702702702702704,,100.0,1.0,100.0,-0.0511295133520812
78.96993987975952,11.702702702702704,,100.0,1.0,100.0,-0.0512332735240362
79.1683366733467,11.702702702702704,,100.0,1.0,100.0,-0.0513376646787231
79.36673346693387,11.702702702702704,,100.0,1.0,100.0,-0.0514426668385386
79.56513026052104,11.702702702702704,,100.0,1.0,100.0,-0.0515482599885631
79.76352705410822,11.702702702702704,,100.0,1.0,100.0,-0.0516544240917871
79.9619238476954,11.702702702702704,,100.0,1.0,100.0,-0.0517611391046145
80.16032064128257,11.702702702702704,,100.0,1.0,100.0,-0.0518683849926007
80.35871743486975,11.702702702702704,,100.0,1.0,100.0,-0.0519761417464728
80.55711422845691,11.702702702702704,,100.0,1.0,100.0,-0.0520843893983657
80.75551102204409,11.702702702702704,,100.0,1.0,100.0,-0.0521931080383277
80.95390781563127,11.702702702702704,,100.0,1.0,100.0,-0.0523022778310515
81.15230460921843,11.702702702702704,,100.0,1.0,100.0,-0.0524118790328311
81.35070140280563,11.702702702702704,,100.0,1.0,100.0,-0.0525218920087606
81.54909819639279,11.702702702702704,,100.0,1.0,100.0,-0.0526322972501476
81.74749498997996,11.702702702702704,,100.0,1.0,100.0,-0.0527430753921588
81.94589178356713,11.702702702702704,,100.0,1.0,100.0,-0.0528542072316635
82.14428857715431,11.702702702702704,,100.0,1.0,100.0,-0.0529656737452973
82.34268537074149,11.702702702702704,,100.0,1.0,100.0,-0.053077456107738
82.54108216432866,11.702702702702704,,100.0,1.0,100.0,-0.0531895357101857
82.73947895791585,11.702702702702704,,100.0,1.0,100.0,-0.0533018941790373
82.937875751503,11.702702702702704,,100.0,1.0,100.0,-0.0534145133947731
83.13627254509018,11.702702702702704,,100.0,1.0,100.0,-0.0535273755110212
83.33466933867736,11.702702702702704,,100.0,1.0,100.0,-0.0536404629738265
83.53306613226454,11.702702702702704,,100.0,1.0,100.0,-0.053753758541116
83.7314629258517,11.702702702702704,,100.0,1.0,100.0,-0.0538672453023394
83.92985971943888,11.702702702702704,,100.0,1.0,100.0,-0.0539809066983023
84.12825651302606,11.702702702702704,,100.0,1.0,100.0,-0.0540947265411793
84.32665330661322,11.702702702702704,,100.0,1.0,100.0,-0.0542086890347077
84.5250501002004,11.702702702702704,,100.0,1.0,100.0,-0.0543227787945809
84.72344689378757,11.702702702702704,,100.0,1.0,100.0,-0.0544369808689823
84.92184368737476,11.702702702702704,,100.0,1.0,100.0,-0.0545512807593341
85.12024048096194,11.702702702702704,,100.0,1.0,100.0,-0.0546656644412046
85.3186372745491,11.702702702702704,,100.0,1.0,100.0,-0.0547801183853872
85.51703406813628,11.702702702702704,,100.0,1.0,100.0,-0.0548946295791442
85.71543086172345,11.702702702702704,,100.0,1.0,100.0,-0.0550091855476591
85.91382765531063,11.702702702702704,,100.0,1.0,100.0,-0.0551237743756161
86.1122244488978,11.702702702702704,,100.0,1.0,100.0,-0.0552383847289763
86.31062124248497,11.702702702702704,,100.0,1.0,100.0,-0.0553530058769169
86.50901803607215,11.702702702702704,,100.0,1.0,100.0,-0.0554676277139287
86.70741482965931,11.702702702702704,,100.0,1.0,100.0,-0.0555822407821363
86.90581162324649,11.702702702702704,,100.0,1.0,100.0,-0.0556968362936668
87.10420841683366,11.702702702702704,,100.0,1.0,100.0,-0.0558114061533406
87.30260521042084,11.702702702702704,,100.0,1.0,100.0,-0.0559259429814071
87.50100200400803,11.702702702702704,,100.0,1.0,100.0,-0.0560404401365091
87.6993987975952,11.702702702702704,,100.0,1.0,100.0,-0.0561548917387905
87.89779559118237,11.702702702702704,,100.0,1.0,100.0,-0.0562692926932125
88.09619238476955,11.702702702702704,,100.0,1.0,100.0,-0.0563836387129754
88.29458917835672,11.702702702702704,,100.0,1.0,100.0,-0.0564979263431402
88.4929859719439,11.702702702702704,,100.0,1.0,100.0,-0.0566121529844519
88.69138276553106,11.702702702702704,,100.0,1.0,100.0,-0.056726316917276
88.88977955911824,11.702702702702704,,100.0,1.0,100.0,-0.0568404173257287
89.0881763527054,11.702702702702704,,100.0,1.0,100.0,-0.0569544543219986
89.28657314629258,11.702702702702704,,100.0,1.0,100.0,-0.0570684289708011
89.48496993987975,11.702702702702704,,100.0,1.0,100.0,-0.0571823433140377
89.68336673346693,11.702702702702704,,100.0,1.0,100.0,-0.0572962003956012
89.88176352705409,11.702702702702704,,100.0,1.0,100.0,-0.0574100042863917
90.08016032064127,11.702702702702704,,100.0,1.0,100.0,-0.0575237601094493
90.27855711422846,11.702702702702704,,100.0,1.0,100.0,-0.0576374740653412
90.47695390781564,11.702702702702704,,100.0,1.0,100.0,-0.057751153457654
90.6753507014028,11.702702702702704,,100.0,1.0,100.0,-0.0578648067186929
90.87374749498998,11.702702702702704,,100.0,1.0,100.0,-0.0579784434353874
91.07214428857715,11.702702702702704,,100.0,1.0,100.0,-0.058092074375323
91.27054108216433,11.702702702702704,,100.0,1.0,100.0,-0.0582057115130142
91.46893787575152,11.702702702702704,,100.0,1.0,100.0,-0.0583193680563156
91.66733466933867,11.702702702702704,,100.0,1.0,100.0,-0.0584330584730358
91.86573146292585,11.702702702702704,,100.0,1.0,100.0,-0.0585467985177572
92.06412825651303,11.702702702702704,,100.0,1.0,100.0,-0.058660605258814
92.26252505010021,11.702702702702704,,100.0,1.0,100.0,-0.0587744971054901
92.46092184368737,11.702702702702704,,100.0,1.0,100.0,-0.0588884938353784
92.65931863727455,11.702702702702704,,100.0,1.0,100.0,-0.0590026166219798
92.85771543086172,11.702702702702704,,100.0,1.0,100.0,-0.0591168880624587
93.05611222444891,11.702702702702704,,100.0,1.0,100.0,-0.0592313322056267
93.25450901803607,11.702702702702704,,100.0,1.0,100.0,-0.0593459745800976
93.45290581162325,11.702702702702704,,100.0,1.0,100.0,-0.0594608422226948
93.65130260521043,11.702702702702704,,100.0,1.0,100.0,-0.059575963707007
93.84969939879761,11.702702702702704,,100.0,1.0,100.0,-0.0596913691722319
94.04809619238478,11.702702702702704,,100.0,1.0,100.0,-0.0598070903521203
94.24649298597195,11.702702702702704,,100.0,1.0,100.0,-0.0599231606042688
94.44488977955912,11.702702702702704,,100.0,1.0,100.0,-0.0600396149395215
94.6432865731463,11.702702702702704,,100.0,1.0,100.0,-0.0601564900516333
94.84168336673346,11.702702702702704,,100.0,1.0,100.0,-0.0602738243471882
95.04008016032064,11.702702702702704,,100.0,1.0,100.0,-0.0603916579756919
95.2384769539078,11.702702702702704,,100.0,1.0,100.0,-0.0605100328599182
95.43687374749499,11.702702702702704,,100.0,1.0,100.0,-0.0606289927265173
95.63527054108215,11.702702702702704,,100.0,1.0,100.0,-0.0607485831367912
95.83366733466936,11.702702702702704,,100.0,1.0,100.0,-0.0608688515177824
96.03206412825652,11.702702702702704,,100.0,1.0,100.0,-0.0609898471935771
96.2304609218437,11.702702702702704,,100.0,1.0,100.0,-0.0611116214168471
96.42885771543087,11.702702702702704,,100.0,1.0,100.0,-0.0612342274006566
96.62725450901804,11.702702702702704,,100.0,1.0,100.0,-0.0613577203505232
96.82565130260521,11.702702702702704,,100.0,1.0,100.0,-0.0614821574967416
97.02404809619239,11.702702702702704,,100.0,1.0,100.0,-0.0616075981269689
97.22244488977958,11.702702702702704,,100.0,1.0,100.0,-0.0617341036190633
97.42084168336673,11.702702702702704,,100.0,1.0,100.0,-0.0618617374742368
97.6192384769539,11.702702702702704,,100.0,1.0,100.0,-0.0619905653504281
97.81763527054107,11.702702702702704,,100.0,1.0,100.0,-0.0621206550960128
98.01603206412825,11.702702702702704,,100.0,1.0,100.0,-0.0622520767837566
98.21442885771542,11.702702702702704,,100.0,1.0,100.0,-0.0623849027451026
98.4128256513026,11.702702702702704,,100.0,1.0,100.0,-0.0625192076046995
98.61122244488979,11.702702702702704,,100.0,1.0,100.0,-0.062655068315289
98.80961923847698,11.702702702702704,,100.0,1.0,100.0,-0.062792564192857
99.00801603206413,11.702702702702704,,100.0,1.0,100.0,-0.0629317769521295
99.2064128256513,11.702702702702704,,100.0,1.0,100.0,-0.0630727907423558
99.40480961923848,11.702702702702704,,100.0,1.0,100.0,-0.0632156921834232
99.60320641282564,11.702702702702704,,100.0,1.0,100.0,-0.0633605704023254
99.80160320641282,11.702702702702704,,100.0,1.0,100.0,-0.0635075170699317
100.0,11.702702702702704,,100.0,1.0,100.0,-0.0636566264381102
1.0,14.378378378378379,,100.0,1.0,100.0,-0.2648265290733055
1.1983967935871744,14.378378378378379,,100.0,1.0,100.0,-0.2621207481051834
1.3967935871743486,14.378378378378379,,100.0,1.0,100.0,-0.2594383791483804
1.595190380761523,14.378378378378379,,100.0,1.0,100.0,-0.2567792319140839
1.7935871743486973,14.378378378378379,,100.0,1.0,100.0,-0.2541431224807737
1.9919839679358717,14.378378378378379,,100.0,1.0,100.0,-0.2515298730897451
2.190380761523046,14.378378378378379,,100.0,1.0,100.0,-0.2489393119434005
2.38877755511022,14.378378378378379,,100.0,1.0,100.0,-0.2463712730064142
2.5871743486973946,14.378378378378379,,100.0,1.0,100.0,-0.2438255958097597
2.785571142284569,14.378378378378379,,100.0,1.0,100.0,-0.2413021252576379
2.9839679358717435,14.378378378378379,,100.0,1.0,100.0,-0.2388007114373185
3.182364729458918,14.378378378378379,,100.0,1.0,100.0,-0.2363212094319298
3.380761523046093,14.378378378378379,,100.0,1.0,100.0,-0.2338634791362691
3.579158316633267,14.378378378378379,,100.0,1.0,100.0,-0.2314273850755193
3.7775551102204403,14.378378378378379,,100.0,1.0,100.0,-0.2290127962270406
3.9759519038076157,14.378378378378379,,100.0,1.0,100.0,-0.2266195858451481
4.174348697394789,14.378378378378379,,100.0,1.0,100.0,-0.2242476312889019
4.372745490981964,14.378378378378379,,100.0,1.0,100.0,-0.2218968138529868
4.571142284569138,14.378378378378379,,100.0,1.0,100.0,-0.2195670186015714
4.7695390781563125,14.378378378378379,,100.0,1.0,100.0,-0.2172581342052728
4.967935871743487,14.378378378378379,,100.0,1.0,100.0,-0.2149700527811521
5.166332665330662,14.378378378378379,,100.0,1.0,100.0,-0.2127026697357419
5.364729458917837,14.378378378378379,,100.0,1.0,100.0,-0.2104558836111624
5.563126252505009,14.378378378378379,,100.0,1.0,100.0,-0.2082295959342845
5.761523046092185,14.378378378378379,,100.0,1.0,100.0,-0.2060237110689112
5.959919839679359,14.378378378378379,,100.0,1.0,100.0,-0.2038381360710301
6.158316633266534,14.378378378378379,,100.0,1.0,100.0,-0.2016727805471029
6.356713426853707,14.378378378378379,,100.0,1.0,100.0,-0.1995275565153529
6.555110220440882,14.378378378378379,,100.0,1.0,100.0,-0.1974023782701116
6.753507014028057,14.378378378378379,,100.0,1.0,100.0,-0.1952971622491494
6.951903807615231,14.378378378378379,,100.0,1.0,100.0,-0.1932118269039902
7.150300601202405,14.378378378378379,,100.0,1.0,100.0,-0.1911462925732422
7.348697394789579,14.378378378378379,,100.0,1.0,100.0,-0.1891004813588587
7.547094188376754,14.378378378378379,,100.0,1.0,100.0,-0.1870743170054006
7.745490981963927,14.378378378378379,,100.0,1.0,100.0,-0.1850677247821655
7.9438877755511,14.378378378378379,,100.0,1.0,100.0,-0.1830806313683148
8.142284569138276,14.378378378378379,,100.0,1.0,100.0,-0.181112964740827
8.340681362725451,14.378378378378379,,100.0,1.0,100.0,-0.1791646540653805
8.539078156312625,14.378378378378379,,100.0,1.0,100.0,-0.1772356295900731
8.737474949899799,14.378378378378379,,100.0,1.0,100.0,-0.1753258225419962
8.935871743486974,14.378378378378379,,100.0,1.0,100.0,-0.1734351650265967
9.13426853707415,14.378378378378379,,100.0,1.0,100.0,-0.1715635899298576
9.332665330661325,14.378378378378379,,100.0,1.0,100.0,-0.1697110308232428
9.531062124248498,14.378378378378379,,100.0,1.0,100.0,-0.1678774218713709
9.729458917835672,14.378378378378379,,100.0,1.0,100.0,-0.1660626977424341
9.927855711422845,14.378378378378379,,100.0,1.0,100.0,-0.1642667935212727
10.126252505010019,14.378378378378379,,100.0,1.0,100.0,-0.1624896446251554
10.324649298597194,14.378378378378379,,100.0,1.0,100.0,-0.1607311867221785
10.52304609218437,14.378378378378379,,100.0,1.0,100.0,-0.1589913556522675
10.721442885771543,14.378378378378379,,100.0,1.0,100.0,-0.1572700873507866
10.919839679358718,14.378378378378379,,100.0,1.0,100.0,-0.1555673177746828
11.118236472945892,14.378378378378379,,100.0,1.0,100.0,-0.1538829828311495
11.316633266533067,14.378378378378379,,100.0,1.0,100.0,-0.1522170183088158
11.515030060120242,14.378378378378379,,100.0,1.0,100.0,-0.1505693598113649
11.713426853707414,14.378378378378379,,100.0,1.0,100.0,-0.1489399426936068
11.91182364729459,14.378378378378379,,100.0,1.0,100.0,-0.1473287019999502
12.110220440881761,14.378378378378379,,100.0,1.0,100.0,-0.1457355724052409
12.308617234468937,14.378378378378379,,100.0,1.0,100.0,-0.1441604881579395
12.507014028056114,14.378378378378379,,100.0,1.0,100.0,-0.1426033830256296
12.705410821643287,14.378378378378379,,100.0,1.0,100.0,-0.1410641902427619
12.903807615230463,14.378378378378379,,100.0,1.0,100.0,-0.1395428424606778
13.102204408817634,14.378378378378379,,100.0,1.0,100.0,-0.1380392716998227
13.30060120240481,14.378378378378379,,100.0,1.0,100.0,-0.1365534093041549
13.498997995991983,14.378378378378379,,100.0,1.0,100.0,-0.1350851858976798
13.697394789579159,14.378378378378379,,100.0,1.0,100.0,-0.1336345313431041
13.895791583166334,14.378378378378379,,100.0,1.0,100.0,-0.1322013747026011
14.094188376753507,14.378378378378379,,100.0,1.0,100.0,-0.1307856442005424
14.292585170340683,14.378378378378379,,100.0,1.0,100.0,-0.1293872671883461
14.490981963927855,14.378378378378379,,100.0,1.0,100.0,-0.1280061701112222
14.689378757515032,14.378378378378379,,100.0,1.0,100.0,-0.1266422784769061
14.887775551102203,14.378378378378379,,100.0,1.0,100.0,-0.1252955168262943
15.086172344689379,14.378378378378379,,100.0,1.0,100.0,-0.123965808705978
15.284569138276554,14.378378378378379,,100.0,1.0,100.0,-0.1226530766425737
15.482965931863726,14.378378378378379,,100.0,1.0,100.0,-0.1213572421189538
15.681362725450903,14.378378378378379,,100.0,1.0,100.0,-0.1200782255521799
15.879759519038075,14.378378378378379,,100.0,1.0,100.0,-0.1188159462732307
16.07815631262525,14.378378378378379,,100.0,1.0,100.0,-0.1175703225084399
16.276553106212425,14.378378378378379,,100.0,1.0,100.0,-0.1163412713626202
16.474949899799597,14.378378378378379,,100.0,1.0,100.0,-0.1151287088038271
16.673346693386772,14.378378378378379,,100.0,1.0,100.0,-0.1139325496497806
16.871743486973948,14.378378378378379,,100.0,1.0,100.0,-0.1127527075558364
17.070140280561123,14.378378378378379,,100.0,1.0,100.0,-0.1115890950045586
17.2685370741483,14.378378378378379,,100.0,1.0,100.0,-0.1104416232967805
17.466933867735474,14.378378378378379,,100.0,1.0,100.0,-0.1093102025442117
17.66533066132265,14.378378378378379,,100.0,1.0,100.0,-0.1081947416634876
17.86372745490982,14.378378378378379,,100.0,1.0,100.0,-0.1070951483716385
18.062124248496996,14.378378378378379,,100.0,1.0,100.0,-0.1060113291830244
18.260521042084168,14.378378378378379,,100.0,1.0,100.0,-0.1049431894076039
18.458917835671343,14.378378378378379,,100.0,1.0,100.0,-0.1038906331505756
18.657314629258515,14.378378378378379,,100.0,1.0,100.0,-0.1028535633133368
18.85571142284569,14.378378378378379,,100.0,1.0,100.0,-0.1018318815957556
19.054108216432866,14.378378378378379,,100.0,1.0,100.0,-0.100825488499681
19.252505010020037,14.378378378378379,,100.0,1.0,100.0,-0.0998342833337234
19.450901803607216,14.378378378378379,,100.0,1.0,100.0,-0.0988581642192314
19.649298597194388,14.378378378378379,,100.0,1.0,100.0,-0.0978970280974678
19.847695390781563,14.378378378378379,,100.0,1.0,100.0,-0.0969507707379391
20.04609218436874,14.378378378378379,,100.0,1.0,100.0,-0.0960192867478604
20.244488977955914,14.378378378378379,,100.0,1.0,100.0,-0.0951024695827341
20.442885771543086,14.378378378378379,,100.0,1.0,100.0,-0.0942002115580249
20.64128256513026,14.378378378378379,,100.0,1.0,100.0,-0.0933124038618575
20.839679358717436,14.378378378378379,,100.0,1.0,100.0,-0.0924389365687959
21.03807615230461,14.378378378378379,,100.0,1.0,100.0,-0.0915796986546035
21.236472945891784,14.378378378378379,,100.0,1.0,100.0,-0.0907345780120036
21.43486973947896,14.378378378378379,,100.0,1.0,100.0,-0.089903461467376
21.633266533066134,14.378378378378379,,100.0,1.0,100.0,-0.0890862347984461
21.831663326653306,14.378378378378379,,100.0,1.0,100.0,-0.0882827827528368
22.030060120240485,14.378378378378379,,100.0,1.0,100.0,-0.0874929890675441
22.228456913827657,14.378378378378379,,100.0,1.0,100.0,-0.0867167364892722
22.42685370741483,14.378378378378379,,100.0,1.0,100.0,-0.0859539067956045
22.625250501002007,14.378378378378379,,100.0,1.0,100.0,-0.0852043808170504
22.82364729458918,14.378378378378379,,100.0,1.0,100.0,-0.0844680384598164
23.02204408817635,14.378378378378379,,100.0,1.0,100.0,-0.0837447587294175
23.220440881763523,14.378378378378379,,100.0,1.0,100.0,-0.0830344197550305
23.4188376753507,14.378378378378379,,100.0,1.0,100.0,-0.0823368988145705
23.617234468937873,14.378378378378379,,100.0,1.0,100.0,-0.0816520723604971
23.815631262525052,14.378378378378379,,100.0,1.0,100.0,-0.0809798160462994
24.014028056112227,14.378378378378379,,100.0,1.0,100.0,-0.0803200047536752
24.212424849699403,14.378378378378379,,100.0,1.0,100.0,-0.0796725126203077
24.410821643286575,14.378378378378379,,100.0,1.0,100.0,-0.0790372130683423
24.609218436873746,14.378378378378379,,100.0,1.0,100.0,-0.0784139788333835
24.807615230460925,14.378378378378379,,100.0,1.0,100.0,-0.0778026819941388
25.006012024048097,14.378378378378379,,100.0,1.0,100.0,-0.0772031940025865
25.20440881763527,14.378378378378379,,100.0,1.0,100.0,-0.0766153857146941
25.402805611222448,14.378378378378379,,100.0,1.0,100.0,-0.0760391274216328
43.25851703406814,14.378378378378379,,100.0,1.0,100.0,-0.0554061677942973
43.45691382765531,14.378378378378379,,100.0,1.0,100.0,-0.0553672727313568
43.655310621242485,14.378378378378379,,100.0,1.0,100.0,-0.0553299391460549
43.85370741482966,14.378378378378379,,100.0,1.0,100.0,-0.0552941152553296
44.05210420841683,14.378378378378379,,100.0,1.0,100.0,-0.0552597508195834
44.250501002004015,14.378378378378379,,100.0,1.0,100.0,-0.0552267971356568
44.448897795591186,14.378378378378379,,100.0,1.0,100.0,-0.0551952070290556
44.64729458917836,14.378378378378379,,100.0,1.0,100.0,-0.0551649348453613
44.84569138276553,14.378378378378379,,100.0,1.0,100.0,-0.0551359364408456
45.0440881763527,14.378378378378379,,100.0,1.0,100.0,-0.0551081691723088
45.24248496993987,14.378378378378379,,100.0,1.0,100.0,-0.0550815918860876
45.440881763527045,14.378378378378379,,100.0,1.0,100.0,-0.0550561649063163
45.63927855711423,14.378378378378379,,100.0,1.0,100.0,-0.0550318500223959
45.8376753507014,14.378378378378379,,100.0,1.0,100.0,-0.0550086104756766
46.036072144288575,14.378378378378379,,100.0,1.0,100.0,-0.0549864109453969
46.23446893787575,14.378378378378379,,100.0,1.0,100.0,-0.0549652175338644
46.43286573146293,14.378378378378379,,100.0,1.0,100.0,-0.0549449977508775
46.631262525050104,14.378378378378379,,100.0,1.0,100.0,-0.0549257204974503
46.829659318637276,14.378378378378379,,100.0,1.0,100.0,-0.0549073560488048
47.028056112224455,14.378378378378379,,100.0,1.0,100.0,-0.054889876036668
47.22645290581163,14.378378378378379,,100.0,1.0,100.0,-0.0548732534309239
47.424849699398806,14.378378378378379,,100.0,1.0,100.0,-0.0548574625205567
47.62324649298598,14.378378378378379,,100.0,1.0,100.0,-0.0548424788940289
47.82164328657315,14.378378378378379,,100.0,1.0,100.0,-0.0548282794190089
48.02004008016032,14.378378378378379,,100.0,1.0,100.0,-0.0548148422215168
48.21843687374749,14.378378378378379,,100.0,1.0,100.0,-0.0548021466645389
48.41683366733468,14.378378378378379,,100.0,1.0,100.0,-0.0547901733261226
48.615230460921836,14.378378378378379,,100.0,1.0,100.0,-0.0547789039769281
48.81362725450902,14.378378378378379,,100.0,1.0,100.0,-0.0547683215573819
49.012024048096194,14.378378378378379,,100.0,1.0,100.0,-0.0547584101543675
49.21042084168337,14.378378378378379,,100.0,1.0,100.0,-0.054749154977522
49.40881763527054,14.378378378378379,,100.0,1.0,100.0,-0.0547405423351664
49.60721442885771,14.378378378378379,,100.0,1.0,100.0,-0.0547325596099599
49.805611222444895,14.378378378378379,,100.0,1.0,100.0,-0.0547251952341928
50.00400801603207,14.378378378378379,,100.0,1.0,100.0,-0.0547184386648761
50.20240480961924,14.378378378378379,,100.0,1.0,100.0,-0.0547122803586312
50.40080160320641,14.378378378378379,,100.0,1.0,100.0,-0.0547067117463699
50.59919839679358,14.378378378378379,,100.0,1.0,100.0,-0.0547017252078476
50.79759519038077,14.378378378378379,,100.0,1.0,100.0,-0.0546973140461287
50.99599198396793,14.378378378378379,,100.0,1.0,100.0,-0.0546934724619841
51.19438877755511,14.378378378378379,,100.0,1.0,100.0,-0.054690195528263
51.39278557114229,14.378378378378379,,100.0,1.0,100.0,-0.0546874791642719
51.59118236472946,14.378378378378379,,100.0,1.0,100.0,-0.0546853201102058
51.789579158316634,14.378378378378379,,100.0,1.0,100.0,-0.0546837159016697
51.987975951903806,14.378378378378379,,100.0,1.0,100.0,-0.0546826648442864
52.18637274549098,14.378378378378379,,100.0,1.0,100.0,-0.0546821659884612
52.38476953907816,14.378378378378379,,100.0,1.0,100.0,-0.0546822191043615
52.583166332665336,14.378378378378379,,100.0,1.0,100.0,-0.0546828246570429
52.78156312625251,14.378378378378379,,100.0,1.0,100.0,-0.0546839837818344
52.97995991983967,14.378378378378379,,100.0,1.0,100.0,-0.0546856982600002
53.17835671342685,14.378378378378379,,100.0,1.0,100.0,-0.0546879704946435
53.37675350701403,14.378378378378379,,100.0,1.0,100.0,-0.0546908034869684
53.57515030060121,14.378378378378379,,100.0,1.0,100.0,-0.0546942008127885
53.77354709418837,14.378378378378379,,100.0,1.0,100.0,-0.0546981665994731
53.97194388777555,14.378378378378379,,100.0,1.0,100.0,-0.054702705503168
54.17034068136273,14.378378378378379,,100.0,1.0,100.0,-0.0547078226864408
54.368737474949896,14.378378378378379,,100.0,1.0,100.0,-0.0547135237962641
54.567134268537075,14.378378378378379,,100.0,1.0,100.0,-0.0547198149424462
54.765531062124246,14.378378378378379,,100.0,1.0,100.0,-0.0547267026764215
54.96392785571142,14.378378378378379,,100.0,1.0,100.0,-0.0547341939704317
55.1623246492986,14.378378378378379,,100.0,1.0,100.0,-0.0547422961971749
55.360721442885776,14.378378378378379,,100.0,1.0,100.0,-0.0547510171098141
55.55911823647295,14.378378378378379,,100.0,1.0,100.0,-0.0547603648224057
55.75751503006013,14.378378378378379,,100.0,1.0,100.0,-0.0547703477907538
55.95591182364729,14.378378378378379,,100.0,1.0,100.0,-0.054780974793647
56.15430861723447,14.378378378378379,,100.0,1.0,100.0,-0.0547922549145017
56.35270541082165,14.378378378378379,,100.0,1.0,100.0,-0.0548041975234084
56.551102204408814,14.378378378378379,,100.0,1.0,100.0,-0.0548168122595389
56.74949899799599,14.378378378378379,,100.0,1.0,100.0,-0.0548301090139485
56.94789579158316,14.378378378378379,,100.0,1.0,100.0,-0.0548440979127347
57.146292585170336,14.378378378378379,,100.0,1.0,100.0,-0.0548587893005533
57.3446893787575,14.378378378378379,,100.0,1.0,100.0,-0.0548741937244631
57.543086172344694,14.378378378378379,,100.0,1.0,100.0,-0.0548903219181068
57.74148296593185,14.378378378378379,,100.0,1.0,100.0,-0.0549071847862224
57.93987975951904,14.378378378378379,,100.0,1.0,100.0,-0.054924793389417
58.13827655310623,14.378378378378379,,100.0,1.0,100.0,-0.0549431589292852
58.336673346693395,14.378378378378379,,100.0,1.0,100.0,-0.0549622927337323
58.535070140280574,14.378378378378379,,100.0,1.0,100.0,-0.0549822062426142
58.73346693386774,14.378378378378379,,100.0,1.0,100.0,-0.0550029109935931
58.9318637274549,14.378378378378379,,100.0,1.0,100.0,-0.055024418608242
59.13026052104208,14.378378378378379,,100.0,1.0,100.0,-0.0550467407783344
59.32865731462926,14.378378378378379,,100.0,1.0,100.0,-0.0550698892523922
59.52705410821644,14.378378378378379,,100.0,1.0,100.0,-0.0550938758223744
59.72545090180361,14.378378378378379,,100.0,1.0,100.0,-0.0551187123105726
59.92384769539078,14.378378378378379,,100.0,1.0,100.0,-0.0551444105566788
60.12224448897794,14.378378378378379,,100.0,1.0,100.0,-0.0551709824049994
60.32064128256512,14.378378378378379,,100.0,1.0,100.0,-0.0551984396918325
60.51903807615231,14.378378378378379,,100.0,1.0,100.0,-0.0552267942329652
60.717434869739485,14.378378378378379,,100.0,1.0,100.0,-0.0552560578113312
60.915831663326664,14.378378378378379,,100.0,1.0,100.0,-0.0552862421647709
61.114228456913835,14.378378378378379,,100.0,1.0,100.0,-0.0553173589739333
61.312625250501,14.378378378378379,,100.0,1.0,100.0,-0.0553494198502707
61.51102204408818,14.378378378378379,,100.0,1.0,100.0,-0.0553824363241725
61.709418837675344,14.378378378378379,,100.0,1.0,100.0,-0.0554164198331741
61.90781563126252,14.378378378378379,,100.0,1.0,100.0,-0.055451381710311
62.1062124248497,14.378378378378379,,100.0,1.0,100.0,-0.0554873331725445
62.30460921843688,14.378378378378379,,100.0,1.0,100.0,-0.0555242853093319
62.50300601202406,14.378378378378379,,100.0,1.0,100.0,-0.0555622490712722
62.701402805611224,14.378378378378379,,100.0,1.0,100.0,-0.0556012352588589
62.89979959919839,14.378378378378379,,100.0,1.0,100.0,-0.0556412545113944
63.09819639278557,14.378378378378379,,100.0,1.0,100.0,-0.0556823172959698
63.296593186372746,14.378378378378379,,100.0,1.0,100.0,-0.0557244338965906
63.494989979959925,14.378378378378379,,100.0,1.0,100.0,-0.0557676144034242
63.69338677354709,14.378378378378379,,100.0,1.0,100.0,-0.0558118687021931
63.89178356713427,14.378378378378379,,100.0,1.0,100.0,-0.0558572064636938
64.09018036072143,14.378378378378379,,100.0,1.0,100.0,-0.0559036371334729
64.28857715430863,14.378378378378379,,100.0,1.0,100.0,-0.055951169921663
64.48697394789579,14.378378378378379,,100.0,1.0,100.0,-0.0559998137929856
64.68537074148296,14.378378378378379,,100.0,1.0,100.0,-0.056049577456916
64.88376753507015,14.378378378378379,,100.0,1.0,100.0,-0.0561004693580386
65.08216432865731,14.378378378378379,,100.0,1.0,100.0,-0.056152497666627
65.28056112224449,14.378378378378379,,100.0,1.0,100.0,-0.0562056702693747
65.47895791583166,14.378378378378379,,100.0,1.0,100.0,-0.0562599947603904
65.67735470941884,14.378378378378379,,100.0,1.0,100.0,-0.0563154784323851
65.87575150300601,14.378378378378379,,100.0,1.0,100.0,-0.0563721282681312
66.0741482965932,14.378378378378379,,100.0,1.0,100.0,-0.0564299509321329
66.27254509018036,14.378378378378379,,100.0,1.0,100.0,-0.0564889527625832
66.47094188376754,14.378378378378379,,100.0,1.0,100.0,-0.0565491397635762
66.66933867735472,14.378378378378379,,100.0,1.0,100.0,-0.0566105175976117
66.8677354709419,14.378378378378379,,100.0,1.0,100.0,-0.0566730915783804
67.06613226452906,14.378378378378379,,100.0,1.0,100.0,-0.0567368666638552
67.26452905811624,14.378378378378379,,100.0,1.0,100.0,-0.0568018474496976
67.4629258517034,14.378378378378379,,100.0,1.0,100.0,-0.0568680381629841
67.6613226452906,14.378378378378379,,100.0,1.0,100.0,-0.0569354426562608
67.85971943887776,14.378378378378379,,100.0,1.0,100.0,-0.0570040644019472
68.05811623246494,14.378378378378379,,100.0,1.0,100.0,-0.0570739064870898
68.2565130260521,14.378378378378379,,100.0,1.0,100.0,-0.0571449716084516
68.45490981963928,14.378378378378379,,100.0,1.0,100.0,-0.0572172620680139
68.65330661322645,14.378378378378379,,100.0,1.0,100.0,-0.0572907797688005
68.85170340681363,14.378378378378379,,100.0,1.0,100.0,-0.0573655262111511
69.05010020040079,14.378378378378379,,100.0,1.0,100.0,-0.0574415024892761
69.24849699398798,14.378378378378379,,100.0,1.0,100.0,-0.0575187092883558
69.44689378757515,14.378378378378379,,100.0,1.0,100.0,-0.0575971468818927
69.64529058116234,14.378378378378379,,100.0,1.0,100.0,-0.0576768151295724
69.84368737474949,14.378378378378379,,100.0,1.0,100.0,-0.0577577134754816
70.04208416833667,14.378378378378379,,100.0,1.0,100.0,-0.0578398409467797
70.24048096192385,14.378378378378379,,100.0,1.0,100.0,-0.0579231961527532
70.43887775551103,14.378378378378379,,100.0,1.0,100.0,-0.0580077772843132
70.6372745490982,14.378378378378379,,100.0,1.0,100.0,-0.0580935821139284
70.83567134268537,14.378378378378379,,100.0,1.0,100.0,-0.0581806079959555
71.03406813627254,14.378378378378379,,100.0,1.0,100.0,-0.0582688518674273
71.23246492985973,14.378378378378379,,100.0,1.0,100.0,-0.0583583102492499
71.4308617234469,14.378378378378379,,100.0,1.0,100.0,-0.0584489792478574
71.62925851703406,14.378378378378379,,100.0,1.0,100.0,-0.0585408545572626
71.82765531062124,14.378378378378379,,100.0,1.0,100.0,-0.0586339314615577
72.0260521042084,14.378378378378379,,100.0,1.0,100.0,-0.05872820483787
72.2244488977956,14.378378378378379,,100.0,1.0,100.0,-0.0588236691596889
72.42284569138276,14.378378378378379,,100.0,1.0,100.0,-0.0589203185006638
72.62124248496994,14.378378378378379,,100.0,1.0,100.0,-0.0590181465388294
72.8196392785571,14.378378378378379,,100.0,1.0,100.0,-0.0591171465612196
73.01803607214428,14.378378378378379,,100.0,1.0,100.0,-0.0592173114689311
73.21643286573146,14.378378378378379,,100.0,1.0,100.0,-0.0593186337825855
73.41482965931863,14.378378378378379,,100.0,1.0,100.0,-0.0594211056482263
73.6132264529058,14.378378378378379,,100.0,1.0,100.0,-0.0595247188436117
73.81162324649299,14.378378378378379,,100.0,1.0,100.0,-0.0596294647848831
74.01002004008016,14.378378378378379,,100.0,1.0,100.0,-0.059735334533703
74.20841683366733,14.378378378378379,,100.0,1.0,100.0,-0.0598423188047234
74.40681362725451,14.378378378378379,,100.0,1.0,100.0,-0.0599504079734863
74.60521042084169,14.378378378378379,,100.0,1.0,100.0,-0.0600595920846728
74.80360721442887,14.378378378378379,,100.0,1.0,100.0,-0.0601698608607809
75.00200400801603,14.378378378378379,,100.0,1.0,100.0,-0.0602812037111341
75.20040080160321,14.378378378378379,,100.0,1.0,100.0,-0.0603936097412859
75.39879759519039,14.378378378378379,,100.0,1.0,100.0,-0.0605070677627728
75.59719438877755,14.378378378378379,,100.0,1.0,100.0,-0.0606215663032404
75.79559118236472,14.378378378378379,,100.0,1.0,100.0,-0.0607370936168987
75.99398797595191,14.378378378378379,,100.0,1.0,100.0,-0.0608536376953605
76.19238476953907,14.378378378378379,,100.0,1.0,100.0,-0.0609711862787697
76.39078156312625,14.378378378378379,,100.0,1.0,100.0,-0.0610897268673046
76.58917835671345,14.378378378378379,,100.0,1.0,100.0,-0.0612092467330042
76.7875751503006,14.378378378378379,,100.0,1.0,100.0,-0.0613297329318769
76.98597194388778,14.378378378378379,,100.0,1.0,100.0,-0.0614511723163743
77.18436873747495,14.378378378378379,,100.0,1.0,100.0,-0.0615735515481526
77.38276553106212,14.378378378378379,,100.0,1.0,100.0,-0.061696857111136
77.5811623246493,14.378378378378379,,100.0,1.0,100.0,-0.0618210753248659
77.77955911823646,14.378378378378379,,100.0,1.0,100.0,-0.0619461923581813
77.97795591182366,14.378378378378379,,100.0,1.0,100.0,-0.0620721942431367
78.1763527054108,14.378378378378379,,100.0,1.0,100.0,-0.0621990668892173
78.374749498998,14.378378378378379,,100.0,1.0,100.0,-0.0623267960978617
78.5731462925852,14.378378378378379,,100.0,1.0,100.0,-0.0624553675771889
78.77154308617234,14.378378378378379,,100.0,1.0,100.0,-0.0625847669570522
78.96993987975952,14.378378378378379,,100.0,1.0,100.0,-0.0627149798042968
79.1683366733467,14.378378378378379,,100.0,1.0,100.0,-0.0628459916383142
79.36673346693387,14.378378378378379,,100.0,1.0,100.0,-0.0629777879468259
79.56513026052104,14.378378378378379,,100.0,1.0,100.0,-0.0631103542018893
79.76352705410822,14.378378378378379,,100.0,1.0,100.0,-0.0632436758761849
79.9619238476954,14.378378378378379,,100.0,1.0,100.0,-0.0633777384595108
80.16032064128257,14.378378378378379,,100.0,1.0,100.0,-0.0635125274754869
80.35871743486975,14.378378378378379,,100.0,1.0,100.0,-0.0636480284985494
80.55711422845691,14.378378378378379,,100.0,1.0,100.0,-0.0637842271710721
80.75551102204409,14.378378378378379,,100.0,1.0,100.0,-0.0639211092208041
80.95390781563127,14.378378378378379,,100.0,1.0,100.0,-0.0640586604784453
81.15230460921843,14.378378378378379,,100.0,1.0,100.0,-0.0641968668954576
81.35070140280563,14.378378378378379,,100.0,1.0,100.0,-0.0643357145620882
81.54909819639279,14.378378378378379,,100.0,1.0,100.0,-0.0644751897256029
81.74749498997996,14.378378378378379,,100.0,1.0,100.0,-0.0646152788086747
81.94589178356713,14.378378378378379,,100.0,1.0,100.0,-0.0647559684280343
82.14428857715431,14.378378378378379,,100.0,1.0,100.0,-0.0648972454132416
82.34268537074149,14.378378378378379,,100.0,1.0,100.0,-0.0650390968257257
82.54108216432866,14.378378378378379,,100.0,1.0,100.0,-0.0651815099779477
82.73947895791585,14.378378378378379,,100.0,1.0,100.0,-0.0653244724527627
82.937875751503,14.378378378378379,,100.0,1.0,100.0,-0.0654679721230259
83.13627254509018,14.378378378378379,,100.0,1.0,100.0,-0.0656119971712625
83.33466933867736,14.378378378378379,,100.0,1.0,100.0,-0.0657565361096472
83.53306613226454,14.378378378378379,,100.0,1.0,100.0,-0.0659015778000676
83.7314629258517,14.378378378378379,,100.0,1.0,100.0,-0.0660471114744003
83.92985971943888,14.378378378378379,,100.0,1.0,100.0,-0.0661931267549489
84.12825651302606,14.378378378378379,,100.0,1.0,100.0,-0.066339613675089
84.32665330661322,14.378378378378379,,100.0,1.0,100.0,-0.0664865627000153
84.5250501002004,14.378378378378379,,100.0,1.0,100.0,-0.0666339647477474
84.72344689378757,14.378378378378379,,100.0,1.0,100.0,-0.0667818112102166
84.92184368737476,14.378378378378379,,100.0,1.0,100.0,-0.0669300939745987
85.12024048096194,14.378378378378379,,100.0,1.0,100.0,-0.0670788054447417
85.3186372745491,14.378378378378379,,100.0,1.0,100.0,-0.0672279385628256
85.51703406813628,14.378378378378379,,100.0,1.0,100.0,-0.0673774868311511
85.71543086172345,14.378378378378379,,100.0,1.0,100.0,-0.0675274443340864
85.91382765531063,14.378378378378379,,100.0,1.0,100.0,-0.0676778057602143
86.1122244488978,14.378378378378379,,100.0,1.0,100.0,-0.0678285664246081
86.31062124248497,14.378378378378379,,100.0,1.0,100.0,-0.0679797222912906
86.50901803607215,14.378378378378379,,100.0,1.0,100.0,-0.0681312699958635
86.70741482965931,14.378378378378379,,100.0,1.0,100.0,-0.0682832068682672
86.90581162324649,14.378378378378379,,100.0,1.0,100.0,-0.0684355309557561
87.10420841683366,14.378378378378379,,100.0,1.0,100.0,-0.0685882410459846
87.30260521042084,14.378378378378379,,100.0,1.0,100.0,-0.0687413366903061
87.50100200400803,14.378378378378379,,100.0,1.0,100.0,-0.0688948182271904
87.6993987975952,14.378378378378379,,100.0,1.0,100.0,-0.0690486868058513
87.89779559118237,14.378378378378379,,100.0,1.0,100.0,-0.0692029444100041
88.09619238476955,14.378378378378379,,100.0,1.0,100.0,-0.0693575938818145
88.29458917835672,14.378378378378379,,100.0,1.0,100.0,-0.0695126389459795
88.4929859719439,14.378378378378379,,100.0,1.0,100.0,-0.06966808423403
88.69138276553106,14.378378378378379,,100.0,1.0,100.0,-0.0698239353087553
88.88977955911824,14.378378378378379,,100.0,1.0,100.0,-0.0699801986888123
89.0881763527054,14.378378378378379,,100.0,1.0,100.0,-0.070136881873499
89.28657314629258,14.378378378378379,,100.0,1.0,100.0,-0.0702939933677236
89.48496993987975,14.378378378378379,,100.0,1.0,100.0,-0.0704515427071112
89.68336673346693,14.378378378378379,,100.0,1.0,100.0,-0.0706095404833141
89.88176352705409,14.378378378378379,,100.0,1.0,100.0,-0.070767998369466
90.08016032064127,14.378378378378379,,100.0,1.0,100.0,-0.0709269291458305
90.27855711422846,14.378378378378379,,100.0,1.0,100.0,-0.0710863467256517
90.47695390781564,14.378378378378379,,100.0,1.0,100.0,-0.071246266181135
90.6753507014028,14.378378378378379,,100.0,1.0,100.0,-0.071406703769611
90.87374749498998,14.378378378378379,,100.0,1.0,100.0,-0.0715676769599664
91.07214428857715,14.378378378378379,,100.0,1.0,100.0,-0.0717292044591263
91.27054108216433,14.378378378378379,,100.0,1.0,100.0,-0.0718913062388314
91.46893787575152,14.378378378378379,,100.0,1.0,100.0,-0.0720540035625412
91.66733466933867,14.378378378378379,,100.0,1.0,100.0,-0.0722173190125611
91.86573146292585,14.378378378378379,,100.0,1.0,100.0,-0.0723812765173254
92.06412825651303,14.378378378378379,,100.0,1.0,100.0,-0.0725459013789399
92.26252505010021,14.378378378378379,,100.0,1.0,100.0,-0.072711220300814
92.46092184368737,14.378378378378379,,100.0,1.0,100.0,-0.0728772614156205
92.65931863727455,14.378378378378379,,100.0,1.0,100.0,-0.0730440543133278
92.85771543086172,14.378378378378379,,100.0,1.0,100.0,-0.073211630069536
93.05611222444891,14.378378378378379,,100.0,1.0,100.0,-0.0733800212739747
93.25450901803607,14.378378378378379,,100.0,1.0,100.0,-0.0735492620591752
93.45290581162325,14.378378378378379,,100.0,1.0,100.0,-0.0737193881294564
93.65130260521043,14.378378378378379,,100.0,1.0,100.0,-0.0738904367900001
93.84969939879761,14.378378378378379,,100.0,1.0,100.0,-0.0740624469762364
94.04809619238478,14.378378378378379,,100.0,1.0,100.0,-0.0742354592833848
94.24649298597195,14.378378378378379,,100.0,1.0,100.0,-0.0744095159962929
94.44488977955912,14.378378378378379,,100.0,1.0,100.0,-0.0745846611193996
94.6432865731463,14.378378378378379,,100.0,1.0,100.0,-0.0747609404070196
94.84168336673346,14.378378378378379,,100.0,1.0,100.0,-0.0749384013938274
95.04008016032064,14.378378378378379,,100.0,1.0,100.0,-0.0751170934255238
95.2384769539078,14.378378378378379,,100.0,1.0,100.0,-0.0752970676898515
95.43687374749499,14.378378378378379,,100.0,1.0,100.0,-0.0754783772477504
95.63527054108215,14.378378378378379,,100.0,1.0,100.0,-0.0756610770648201
95.83366733466936,14.378378378378379,,100.0,1.0,100.0,-0.0758452240429911
96.03206412825652,14.378378378378379,,100.0,1.0,100.0,-0.0760308770525117
96.2304609218437,14.378378378378379,,100.0,1.0,100.0,-0.0762180969641035
96.42885771543087,14.378378378378379,,100.0,1.0,100.0,-0.076406946681459
96.62725450901804,14.378378378378379,,100.0,1.0,100.0,-0.0765974911739746
96.82565130260521,14.378378378378379,,100.0,1.0,100.0,-0.0767897975097461
97.02404809619239,14.378378378378379,,100.0,1.0,100.0,-0.0769839348888341
97.22244488977958,14.378378378378379,,100.0,1.0,100.0,-0.0771799746768564
97.42084168336673,14.378378378378379,,100.0,1.0,100.0,-0.0773779904387934
97.6192384769539,14.378378378378379,,100.0,1.0,100.0,-0.0775780579731406
97.81763527054107,14.378378378378379,,100.0,1.0,100.0,-0.0777802553463146
98.01603206412825,14.378378378378379,,100.0,1.0,100.0,-0.0779846629273947
98.21442885771542,14.378378378378379,,100.0,1.0,100.0,-0.0781913634231348
98.4128256513026,14.378378378378379,,100.0,1.0,100.0,-0.0784004419132987
98.61122244488979,14.378378378378379,,100.0,1.0,100.0,-0.0786119858862892
98.80961923847698,14.378378378378379,,100.0,1.0,100.0,-0.07882608527518
99.00801603206413,14.378378378378379,,100.0,1.0,100.0,-0.0790428324938955
99.2064128256513,14.378378378378379,,100.0,1.0,100.0,-0.0792623224739453
99.40480961923848,14.378378378378379,,100.0,1.0,100.0,-0.0794846527012811
99.60320641282564,14.378378378378379,,100.0,1.0,100.0,-0.0797099232536873
99.80160320641282,14.378378378378379,,100.0,1.0,100.0,-0.0799382368383343
100.0,14.378378378378379,,100.0,1.0,100.0,-0.0801696988298427
1.0,17.054054054054053,,100.0,1.0,100.0,-0.2668863986428612
1.1983967935871744,17.054054054054053,,100.0,1.0,100.0,-0.264076505744841
1.3967935871743486,17.054054054054053,,100.0,1.0,100.0,-0.2612903652888215
1.595190380761523,17.054054054054053,,100.0,1.0,100.0,-0.2585278264011258
1.7935871743486973,17.054054054054053,,100.0,1.0,100.0,-0.2557887438968647
1.9919839679358717,17.054054054054053,,100.0,1.0,100.0,-0.2530729780807318
2.190380761523046,17.054054054054053,,100.0,1.0,100.0,-0.2503803945506195
2.38877755511022,17.054054054054053,,100.0,1.0,100.0,-0.2477108640040812
2.5871743486973946,17.054054054054053,,100.0,1.0,100.0,-0.2450642620476586
2.785571142284569,17.054054054054053,,100.0,1.0,100.0,-0.2424404690090371
2.9839679358717435,17.054054054054053,,100.0,1.0,100.0,-0.2398393697521521
3.182364729458918,17.054054054054053,,100.0,1.0,100.0,-0.2372608534951186
3.380761523046093,17.054054054054053,,100.0,1.0,100.0,-0.2347048136311119
3.579158316633267,17.054054054054053,,100.0,1.0,100.0,-0.232171147552136
3.7775551102204403,17.054054054054053,,100.0,1.0,100.0,-0.2296597564757029
3.9759519038076157,17.054054054054053,,100.0,1.0,100.0,-0.2271705452744473
4.174348697394789,17.054054054054053,,100.0,1.0,100.0,-0.224703422308636
4.372745490981964,17.054054054054053,,100.0,1.0,100.0,-0.2222582992616383
4.571142284569138,17.054054054054053,,100.0,1.0,100.0,-0.2198350909782682
4.7695390781563125,17.054054054054053,,100.0,1.0,100.0,-0.2174337153060878
4.967935871743487,17.054054054054053,,100.0,1.0,100.0,-0.2150540929396111
5.166332665330662,17.054054054054053,,100.0,1.0,100.0,-0.2126961472674356
5.364729458917837,17.054054054054053,,100.0,1.0,100.0,-0.2103598042222396
5.563126252505009,17.054054054054053,,100.0,1.0,100.0,-0.2080449921337523
5.761523046092185,17.054054054054053,,100.0,1.0,100.0,-0.205751641584574
5.959919839679359,17.054054054054053,,100.0,1.0,100.0,-0.2034796852688827
6.158316633266534,17.054054054054053,,100.0,1.0,100.0,-0.2012290578540509
6.356713426853707,17.054054054054053,,100.0,1.0,100.0,-0.1989996958451175
6.555110220440882,17.054054054054053,,100.0,1.0,100.0,-0.1967915374521175
6.753507014028057,17.054054054054053,,100.0,1.0,100.0,-0.1946045224602781
6.951903807615231,17.054054054054053,,100.0,1.0,100.0,-0.1924385921030216
7.150300601202405,17.054054054054053,,100.0,1.0,100.0,-0.190293688937854
7.348697394789579,17.054054054054053,,100.0,1.0,100.0,-0.1881697567249972
7.547094188376754,17.054054054054053,,100.0,1.0,100.0,-0.1860667403088874
7.745490981963927,17.054054054054053,,100.0,1.0,100.0,-0.1839845855024087
7.9438877755511,17.054054054054053,,100.0,1.0,100.0,-0.1819232389739291
8.142284569138276,17.054054054054053,,100.0,1.0,100.0,-0.1798826481370923
8.340681362725451,17.054054054054053,,100.0,1.0,100.0,-0.1778627610433337
8.539078156312625,17.054054054054053,,100.0,1.0,100.0,-0.175863526277135
8.737474949899799,17.054054054054053,,100.0,1.0,100.0,-0.1738848928539988
8.935871743486974,17.054054054054053,,100.0,1.0,100.0,-0.1719268101210821
9.13426853707415,17.054054054054053,,100.0,1.0,100.0,-0.1699892276605411
9.332665330661325,17.054054054054053,,100.0,1.0,100.0,-0.1680720951955064
9.531062124248498,17.054054054054053,,100.0,1.0,100.0,-0.1661753624987135
9.729458917835672,17.054054054054053,,100.0,1.0,100.0,-0.1642989793037443
9.927855711422845,17.054054054054053,,100.0,1.0,100.0,-0.1624428952188681
10.126252505010019,17.054054054054053,,100.0,1.0,100.0,-0.1606070596434788
10.324649298597194,17.054054054054053,,100.0,1.0,100.0,-0.1587914216870742
10.52304609218437,17.054054054054053,,100.0,1.0,100.0,-0.1569959300907966
10.721442885771543,17.054054054054053,,100.0,1.0,100.0,-0.1552205331514915
10.919839679358718,17.054054054054053,,100.0,1.0,100.0,-0.1534651786482588
11.118236472945892,17.054054054054053,,100.0,1.0,100.0,-0.1517298137714831
11.316633266533067,17.054054054054053,,100.0,1.0,100.0,-0.150014385054367
11.515030060120242,17.054054054054053,,100.0,1.0,100.0,-0.1483188383068372
11.713426853707414,17.054054054054053,,100.0,1.0,100.0,-0.1466431185519222
11.91182364729459,17.054054054054053,,100.0,1.0,100.0,-0.1449871699645129
12.110220440881761,17.054054054054053,,100.0,1.0,100.0,-0.1433509358124791
12.308617234468937,17.054054054054053,,100.0,1.0,100.0,-0.1417343584001679
12.507014028056114,17.054054054054053,,100.0,1.0,100.0,-0.1401373790142209
12.705410821643287,17.054054054054053,,100.0,1.0,100.0,-0.1385599378716933
12.903807615230463,17.054054054054053,,100.0,1.0,100.0,-0.1370019740704702
13.102204408817634,17.054054054054053,,100.0,1.0,100.0,-0.1354634255419546
13.30060120240481,17.054054054054053,,100.0,1.0,100.0,-0.1339442290059604
13.498997995991983,17.054054054054053,,100.0,1.0,100.0,-0.132444319927879
13.697394789579159,17.054054054054053,,100.0,1.0,100.0,-0.1309636324779878
13.895791583166334,17.054054054054053,,100.0,1.0,100.0,-0.1295020994929715
14.094188376753507,17.054054054054053,,100.0,1.0,100.0,-0.1280596524395631
14.292585170340683,17.054054054054053,,100.0,1.0,100.0,-0.1266362213803216
14.490981963927855,17.054054054054053,,100.0,1.0,100.0,-0.125231734941516
14.689378757515032,17.054054054054053,,100.0,1.0,100.0,-0.1238461202830852
14.887775551102203,17.054054054054053,,100.0,1.0,100.0,-0.1224793030706297
15.086172344689379,17.054054054054053,,100.0,1.0,100.0,-0.121131207449475
15.284569138276554,17.054054054054053,,100.0,1.0,100.0,-0.1198017560206856
15.482965931863726,17.054054054054053,,100.0,1.0,100.0,-0.1184908698191077
15.681362725450903,17.054054054054053,,100.0,1.0,100.0,-0.1171984682933461
15.879759519038075,17.054054054054053,,100.0,1.0,100.0,-0.1159244692876736
16.07815631262525,17.054054054054053,,100.0,1.0,100.0,-0.1146687890258343
16.276553106212425,17.054054054054053,,100.0,1.0,100.0,-0.1134313420967595
16.474949899799597,17.054054054054053,,100.0,1.0,100.0,-0.1122120414421029
16.673346693386772,17.054054054054053,,100.0,1.0,100.0,-0.1110107983456368
16.871743486973948,17.054054054054053,,100.0,1.0,100.0,-0.109827522424423
17.070140280561123,17.054054054054053,,100.0,1.0,100.0,-0.1086621216217989
17.2685370741483,17.054054054054053,,100.0,1.0,100.0,-0.1075145022020722
17.466933867735474,17.054054054054053,,100.0,1.0,100.0,-0.106384568746986
17.66533066132265,17.054054054054053,,100.0,1.0,100.0,-0.1052722241538577
17.86372745490982,17.054054054054053,,100.0,1.0,100.0,-0.1041773696353857
18.062124248496996,17.054054054054053,,100.0,1.0,100.0,-0.1030999047211362
18.260521042084168,17.054054054054053,,100.0,1.0,100.0,-0.1020397272606292
18.458917835671343,17.054054054054053,,100.0,1.0,100.0,-0.1009967334279995
18.657314629258515,17.054054054054053,,100.0,1.0,100.0,-0.0999708177282535
18.85571142284569,17.054054054054053,,100.0,1.0,100.0,-0.098961873005068
19.054108216432866,17.054054054054053,,100.0,1.0,100.0,-0.0979697904500648
19.252505010020037,17.054054054054053,,100.0,1.0,100.0,-0.0969944596135953
19.450901803607216,17.054054054054053,,100.0,1.0,100.0,-0.0960357684169845
19.649298597194388,17.054054054054053,,100.0,1.0,100.0,-0.0950936031661737
19.847695390781563,17.054054054054053,,100.0,1.0,100.0,-0.0941678485667959
20.04609218436874,17.054054054054053,,100.0,1.0,100.0,-0.093258387740571
20.244488977955914,17.054054054054053,,100.0,1.0,100.0,-0.0923651022431147
20.442885771543086,17.054054054054053,,100.0,1.0,100.0,-0.0914878720829756
20.64128256513026,17.054054054054053,,100.0,1.0,100.0,-0.0906265757420066
20.839679358717436,17.054054054054053,,100.0,1.0,100.0,-0.0897810901969766
21.03807615230461,17.054054054054053,,100.0,1.0,100.0,-0.088951290942387
21.236472945891784,17.054054054054053,,100.0,1.0,100.0,-0.0881370520145018
21.43486973947896,17.054054054054053,,100.0,1.0,100.0,-0.0873382460165117
21.633266533066134,17.054054054054053,,100.0,1.0,100.0,-0.0865547441448546
21.831663326653306,17.054054054054053,,100.0,1.0,100.0,-0.0857864162166082
22.030060120240485,17.054054054054053,,100.0,1.0,100.0,-0.0850331306979726
22.228456913827657,17.054054054054053,,100.0,1.0,100.0,-0.0842947547337654
22.42685370741483,17.054054054054053,,100.0,1.0,100.0,-0.0835711541779367
22.625250501002007,17.054054054054053,,100.0,1.0,100.0,-0.0828621936250542
22.82364729458918,17.054054054054053,,100.0,1.0,100.0,-0.0821677364427102
23.02204408817635,17.054054054054053,,100.0,1.0,100.0,-0.0814876448048594
23.220440881763523,17.054054054054053,,100.0,1.0,100.0,-0.0808217797260067
23.4188376753507,17.054054054054053,,100.0,1.0,100.0,-0.0801700010962639
23.617234468937873,17.054054054054053,,100.0,1.0,100.0,-0.0795321677171757
23.815631262525052,17.054054054054053,,100.0,1.0,100.0,-0.0789081373383554
24.014028056112227,17.054054054054053,,100.0,1.0,100.0,-0.0782977666948492
24.212424849699403,17.054054054054053,,100.0,1.0,100.0,-0.0777009115451938
24.410821643286575,17.054054054054053,,100.0,1.0,100.0,-0.0771174267101789
24.609218436873746,17.054054054054053,,100.0,1.0,100.0,-0.0765471661122017
24.807615230460925,17.054054054054053,,100.0,1.0,100.0,-0.0759899828152912
25.006012024048097,17.054054054054053,,100.0,1.0,100.0,-0.0754457290656311
25.20440881763527,17.054054054054053,,100.0,1.0,100.0,-0.0749142563326828
25.402805611222448,17.054054054054053,,100.0,1.0,100.0,-0.0743954153507699
43.25851703406814,17.054054054054053,,100.0,1.0,100.0,-0.0608766155893458
43.45691382765531,17.054054054054053,,100.0,1.0,100.0,-0.0609142680185589
43.655310621242485,17.054054054054053,,100.0,1.0,100.0,-0.0609530260495514
43.85370741482966,17.054054054054053,,100.0,1.0,100.0,-0.0609928300244275
44.05210420841683,17.054054054054053,,100.0,1.0,100.0,-0.0610336220716266
44.250501002004015,17.054054054054053,,100.0,1.0,100.0,-0.0610753460992588
44.448897795591186,17.054054054054053,,100.0,1.0,100.0,-0.0611179477876415
44.64729458917836,17.054054054054053,,100.0,1.0,100.0,-0.0611613745810485
44.84569138276553,17.054054054054053,,100.0,1.0,100.0,-0.061205575678669
45.0440881763527,17.054054054054053,,100.0,1.0,100.0,-0.0612505020247855
45.24248496993987,17.054054054054053,,100.0,1.0,100.0,-0.0612961062981505
45.440881763527045,17.054054054054053,,100.0,1.0,100.0,-0.0613423429006365
45.63927855711423,17.054054054054053,,100.0,1.0,100.0,-0.0613891679450722
45.8376753507014,17.054054054054053,,100.0,1.0,100.0,-0.0614365392423481
46.036072144288575,17.054054054054053,,100.0,1.0,100.0,-0.0614844162877591
46.23446893787575,17.054054054054053,,100.0,1.0,100.0,-0.0615327602466374
46.43286573146293,17.054054054054053,,100.0,1.0,100.0,-0.0615815339392017
46.631262525050104,17.054054054054053,,100.0,1.0,100.0,-0.0616307018247449
46.829659318637276,17.054054054054053,,100.0,1.0,100.0,-0.061680229985091
47.028056112224455,17.054054054054053,,100.0,1.0,100.0,-0.0617300861073514
47.22645290581163,17.054054054054053,,100.0,1.0,100.0,-0.0617802394660281
47.424849699398806,17.054054054054053,,100.0,1.0,100.0,-0.0618306609044435
47.62324649298598,17.054054054054053,,100.0,1.0,100.0,-0.0618813228155302
47.82164328657315,17.054054054054053,,100.0,1.0,100.0,-0.0619321991219796
48.02004008016032,17.054054054054053,,100.0,1.0,100.0,-0.0619832652558146
48.21843687374749,17.054054054054053,,100.0,1.0,100.0,-0.0620344981373325
48.41683366733468,17.054054054054053,,100.0,1.0,100.0,-0.0620858761535186
48.615230460921836,17.054054054054053,,100.0,1.0,100.0,-0.0621373791358735
48.81362725450902,17.054054054054053,,100.0,1.0,100.0,-0.0621889883377596
49.012024048096194,17.054054054054053,,100.0,1.0,100.0,-0.0622406864112176
49.21042084168337,17.054054054054053,,100.0,1.0,100.0,-0.062292457383288
49.40881763527054,17.054054054054053,,100.0,1.0,100.0,-0.0623442866319224
49.60721442885771,17.054054054054053,,100.0,1.0,100.0,-0.062396160861434
49.805611222444895,17.054054054054053,,100.0,1.0,100.0,-0.0624480680775506
50.00400801603207,17.054054054054053,,100.0,1.0,100.0,-0.0624999975620885
50.20240480961924,17.054054054054053,,100.0,1.0,100.0,-0.0625519398472751
50.40080160320641,17.054054054054053,,100.0,1.0,100.0,-0.0626038866897523
50.59919839679358,17.054054054054053,,100.0,1.0,100.0,-0.0626558310442679
50.79759519038077,17.054054054054053,,100.0,1.0,100.0,-0.0627077670370981
50.99599198396793,17.054054054054053,,100.0,1.0,100.0,-0.0627596899392336
51.19438877755511,17.054054054054053,,100.0,1.0,100.0,-0.0628115961393328
51.39278557114229,17.054054054054053,,100.0,1.0,100.0,-0.0628634831165052
51.59118236472946,17.054054054054053,,100.0,1.0,100.0,-0.0629153494128955
51.789579158316634,17.054054054054053,,100.0,1.0,100.0,-0.0629671946061676
51.987975951903806,17.054054054054053,,100.0,1.0,100.0,-0.063019019281846
52.18637274549098,17.054054054054053,,100.0,1.0,100.0,-0.0630708250055808
52.38476953907816,17.054054054054053,,100.0,1.0,100.0,-0.063122614295367
52.583166332665336,17.054054054054053,,100.0,1.0,100.0,-0.0631743905936985
52.78156312625251,17.054054054054053,,100.0,1.0,100.0,-0.0632261582397331
52.97995991983967,17.054054054054053,,100.0,1.0,100.0,-0.0632779224414475
53.17835671342685,17.054054054054053,,100.0,1.0,100.0,-0.063329689247854
53.37675350701403,17.054054054054053,,100.0,1.0,100.0,-0.0633814655212448
53.57515030060121,17.054054054054053,,100.0,1.0,100.0,-0.0634332589095247
53.77354709418837,17.054054054054053,,100.0,1.0,100.0,-0.0634850778186658
53.97194388777555,17.054054054054053,,100.0,1.0,100.0,-0.0635369313852172
54.17034068136273,17.054054054054053,,100.0,1.0,100.0,-0.0635888294490231
54.368737474949896,17.054054054054053,,100.0,1.0,100.0,-0.0636407825260592
54.567134268537075,17.054054054054053,,100.0,1.0,100.0,-0.0636928017814179
54.765531062124246,17.054054054054053,,100.0,1.0,100.0,-0.0637448990025343
54.96392785571142,17.054054054054053,,100.0,1.0,100.0,-0.0637970865725769
55.1623246492986,17.054054054054053,,100.0,1.0,100.0,-0.0638493774440527
55.360721442885776,17.054054054054053,,100.0,1.0,100.0,-0.0639017851126754
55.55911823647295,17.054054054054053,,100.0,1.0,100.0,-0.0639543235914178
55.75751503006013,17.054054054054053,,100.0,1.0,100.0,-0.0640070073848918
55.95591182364729,17.054054054054053,,100.0,1.0,100.0,-0.0640598514639255
56.15430861723447,17.054054054054053,,100.0,1.0,100.0,-0.06411287124045
56.35270541082165,17.054054054054053,,100.0,1.0,100.0,-0.0641660825426666
56.551102204408814,17.054054054054053,,100.0,1.0,100.0,-0.0642195015904786
56.74949899799599,17.054054054054053,,100.0,1.0,100.0,-0.0642731449712683
56.94789579158316,17.054054054054053,,100.0,1.0,100.0,-0.0643270296159265
57.146292585170336,17.054054054054053,,100.0,1.0,100.0,-0.0643811727752255
57.3446893787575,17.054054054054053,,100.0,1.0,100.0,-0.0644355919965176
57.543086172344694,17.054054054054053,,100.0,1.0,100.0,-0.064490305100697
57.74148296593185,17.054054054054053,,100.0,1.0,100.0,-0.0645453301595636
57.93987975951904,17.054054054054053,,100.0,1.0,100.0,-0.0646006854734695
58.13827655310623,17.054054054054053,,100.0,1.0,100.0,-0.0646563895492836
58.336673346693395,17.054054054054053,,100.0,1.0,100.0,-0.0647124610787491
58.535070140280574,17.054054054054053,,100.0,1.0,100.0,-0.0647689189171147
58.73346693386774,17.054054054054053,,100.0,1.0,100.0,-0.0648257820621455
58.9318637274549,17.054054054054053,,100.0,1.0,100.0,-0.064883069633468
59.13026052104208,17.054054054054053,,100.0,1.0,100.0,-0.0649408008522406
59.32865731462926,17.054054054054053,,100.0,1.0,100.0,-0.0649989950211819
59.52705410821644,17.054054054054053,,100.0,1.0,100.0,-0.0650576715049563
59.72545090180361,17.054054054054053,,100.0,1.0,100.0,-0.0651168497108864
59.92384769539078,17.054054054054053,,100.0,1.0,100.0,-0.0651765490700069
60.12224448897794,17.054054054054053,,100.0,1.0,100.0,-0.0652367890184968
60.32064128256512,17.054054054054053,,100.0,1.0,100.0,-0.0652975889794392
60.51903807615231,17.054054054054053,,100.0,1.0,100.0,-0.065358968344929
60.717434869739485,17.054054054054053,,100.0,1.0,100.0,-0.0654209464585489
60.915831663326664,17.054054054054053,,100.0,1.0,100.0,-0.0654835425981693
61.114228456913835,17.054054054054053,,100.0,1.0,100.0,-0.0655467759591399
61.312625250501,17.054054054054053,,100.0,1.0,100.0,-0.0656106656377919
61.51102204408818,17.054054054054053,,100.0,1.0,100.0,-0.0656752306153334
61.709418837675344,17.054054054054053,,100.0,1.0,100.0,-0.0657404897420679
61.90781563126252,17.054054054054053,,100.0,1.0,100.0,-0.0658064617219988
62.1062124248497,17.054054054054053,,100.0,1.0,100.0,-0.0658731650977706
62.30460921843688,17.054054054054053,,100.0,1.0,100.0,-0.0659406182359709
62.50300601202406,17.054054054054053,,100.0,1.0,100.0,-0.0660088393128122
62.701402805611224,17.054054054054053,,100.0,1.0,100.0,-0.0660778463001641
62.89979959919839,17.054054054054053,,100.0,1.0,100.0,-0.0661476569519423
63.09819639278557,17.054054054054053,,100.0,1.0,100.0,-0.0662182887908715
63.296593186372746,17.054054054054053,,100.0,1.0,100.0,-0.0662897590956278
63.494989979959925,17.054054054054053,,100.0,1.0,100.0,-0.0663620848883292
63.69338677354709,17.054054054054053,,100.0,1.0,100.0,-0.0664352829224265
63.89178356713427,17.054054054054053,,100.0,1.0,100.0,-0.0665093696709215
64.09018036072143,17.054054054054053,,100.0,1.0,100.0,-0.0665843613150275
64.28857715430863,17.054054054054053,,100.0,1.0,100.0,-0.066660273733148
64.48697394789579,17.054054054054053,,100.0,1.0,100.0,-0.0667371224902712
64.68537074148296,17.054054054054053,,100.0,1.0,100.0,-0.0668149228277483
64.88376753507015,17.054054054054053,,100.0,1.0,100.0,-0.0668936896534352
65.08216432865731,17.054054054054053,,100.0,1.0,100.0,-0.0669734375322408
65.28056112224449,17.054054054054053,,100.0,1.0,100.0,-0.0670541806770571
65.47895791583166,17.054054054054053,,100.0,1.0,100.0,-0.0671359329400991
65.67735470941884,17.054054054054053,,100.0,1.0,100.0,-0.067218707804614
65.87575150300601,17.054054054054053,,100.0,1.0,100.0,-0.0673025183770044
66.0741482965932,17.054054054054053,,100.0,1.0,100.0,-0.0673873773793534
66.27254509018036,17.054054054054053,,100.0,1.0,100.0,-0.0674732971423367
66.47094188376754,17.054054054054053,,100.0,1.0,100.0,-0.0675602895985634
66.66933867735472,17.054054054054053,,100.0,1.0,100.0,-0.0676483662762796
66.8677354709419,17.054054054054053,,100.0,1.0,100.0,-0.0677375382935466
67.06613226452906,17.054054054054053,,100.0,1.0,100.0,-0.0678278163527438
67.26452905811624,17.054054054054053,,100.0,1.0,100.0,-0.0679192107355647
67.4629258517034,17.054054054054053,,100.0,1.0,100.0,-0.0680117312983702
67.6613226452906,17.054054054054053,,100.0,1.0,100.0,-0.068105387467966
67.85971943887776,17.054054054054053,,100.0,1.0,100.0,-0.068200188237823
68.05811623246494,17.054054054054053,,100.0,1.0,100.0,-0.0682961421646712
68.2565130260521,17.054054054054053,,100.0,1.0,100.0,-0.0683932573655397
68.45490981963928,17.054054054054053,,100.0,1.0,100.0,-0.0684915415151974
68.65330661322645,17.054054054054053,,100.0,1.0,100.0,-0.0685910018440231
68.85170340681363,17.054054054054053,,100.0,1.0,100.0,-0.0686916451362893
69.05010020040079,17.054054054054053,,100.0,1.0,100.0,-0.0687934777288455
69.24849699398798,17.054054054054053,,100.0,1.0,100.0,-0.0688965055102611
69.44689378757515,17.054054054054053,,100.0,1.0,100.0,-0.0690007339203082
69.64529058116234,17.054054054054053,,100.0,1.0,100.0,-0.0691061679499764
69.84368737474949,17.054054054054053,,100.0,1.0,100.0,-0.0692128121417756
70.04208416833667,17.054054054054053,,100.0,1.0,100.0,-0.0693206705905444
70.24048096192385,17.054054054054053,,100.0,1.0,100.0,-0.0694297469446282
70.43887775551103,17.054054054054053,,100.0,1.0,100.0,-0.0695400444074874
70.6372745490982,17.054054054054053,,100.0,1.0,100.0,-0.0696515657396942
70.83567134268537,17.054054054054053,,100.0,1.0,100.0,-0.0697643132613569
71.03406813627254,17.054054054054053,,100.0,1.0,100.0,-0.069878288854948
71.23246492985973,17.054054054054053,,100.0,1.0,100.0,-0.0699934939685037
71.4308617234469,17.054054054054053,,100.0,1.0,100.0,-0.0701099296192876
71.62925851703406,17.054054054054053,,100.0,1.0,100.0,-0.0702275963977843
71.82765531062124,17.054054054054053,,100.0,1.0,100.0,-0.0703464944721177
72.0260521042084,17.054054054054053,,100.0,1.0,100.0,-0.0704666235928803
72.2244488977956,17.054054054054053,,100.0,1.0,100.0,-0.0705879830983192
72.42284569138276,17.054054054054053,,100.0,1.0,100.0,-0.0707105719198969
72.62124248496994,17.054054054054053,,100.0,1.0,100.0,-0.0708343885883039
72.8196392785571,17.054054054054053,,100.0,1.0,100.0,-0.0709594312397536
73.01803607214428,17.054054054054053,,100.0,1.0,100.0,-0.0710856976227326
73.21643286573146,17.054054054054053,,100.0,1.0,100.0,-0.0712131851050608
73.41482965931863,17.054054054054053,,100.0,1.0,100.0,-0.0713418906813582
73.6132264529058,17.054054054054053,,100.0,1.0,100.0,-0.0714718109808523
73.81162324649299,17.054054054054053,,100.0,1.0,100.0,-0.0716029422755539
74.01002004008016,17.054054054054053,,100.0,1.0,100.0,-0.0717352804887602
74.20841683366733,17.054054054054053,,100.0,1.0,100.0,-0.0718688212039679
74.40681362725451,17.054054054054053,,100.0,1.0,100.0,-0.0720035596740439
74.60521042084169,17.054054054054053,,100.0,1.0,100.0,-0.0721394908307888
74.80360721442887,17.054054054054053,,100.0,1.0,100.0,-0.0722766092948535
75.00200400801603,17.054054054054053,,100.0,1.0,100.0,-0.0724149093859338
75.20040080160321,17.054054054054053,,100.0,1.0,100.0,-0.0725543851333085
75.39879759519039,17.054054054054053,,100.0,1.0,100.0,-0.0726950302867149
75.59719438877755,17.054054054054053,,100.0,1.0,100.0,-0.0728368383275301
75.79559118236472,17.054054054054053,,100.0,1.0,100.0,-0.07297980248024
75.99398797595191,17.054054054054053,,100.0,1.0,100.0,-0.0731239157242581
76.19238476953907,17.054054054054053,,100.0,1.0,100.0,-0.0732691708059957
76.39078156312625,17.054054054054053,,100.0,1.0,100.0,-0.0734155602512734
76.58917835671345,17.054054054054053,,100.0,1.0,100.0,-0.0735630763779904
76.7875751503006,17.054054054054053,,100.0,1.0,100.0,-0.0737117113091003
76.98597194388778,17.054054054054053,,100.0,1.0,100.0,-0.0738614569858416
77.18436873747495,17.054054054054053,,100.0,1.0,100.0,-0.0740123051812937
77.38276553106212,17.054054054054053,,100.0,1.0,100.0,-0.0741642475141567
77.5811623246493,17.054054054054053,,100.0,1.0,100.0,-0.0743172754628078
77.77955911823646,17.054054054054053,,100.0,1.0,100.0,-0.0744713803796622
77.97795591182366,17.054054054054053,,100.0,1.0,100.0,-0.0746265535057333
78.1763527054108,17.054054054054053,,100.0,1.0,100.0,-0.0747827859854883
78.374749498998,17.054054054054053,,100.0,1.0,100.0,-0.0749400688819342
78.5731462925852,17.054054054054053,,100.0,1.0,100.0,-0.0750983931919698
78.77154308617234,17.054054054054053,,100.0,1.0,100.0,-0.0752577498619426
78.96993987975952,17.054054054054053,,100.0,1.0,100.0,-0.0754181298035022
79.1683366733467,17.054054054054053,,100.0,1.0,100.0,-0.0755795239096167
79.36673346693387,17.054054054054053,,100.0,1.0,100.0,-0.0757419230708867
79.56513026052104,17.054054054054053,,100.0,1.0,100.0,-0.075905318192035
79.76352705410822,17.054054054054053,,100.0,1.0,100.0,-0.0760697002086456
79.9619238476954,17.054054054054053,,100.0,1.0,100.0,-0.0762350601041171
80.16032064128257,17.054054054054053,,100.0,1.0,100.0,-0.0764013889268369
80.35871743486975,17.054054054054053,,100.0,1.0,100.0,-0.076568677807543
80.55711422845691,17.054054054054053,,100.0,1.0,100.0,-0.0767369179769356
80.75551102204409,17.054054054054053,,100.0,1.0,100.0,-0.0769061007834752
80.95390781563127,17.054054054054053,,100.0,1.0,100.0,-0.0770762177113593
81.15230460921843,17.054054054054053,,100.0,1.0,100.0,-0.0772472603987529
81.35070140280563,17.054054054054053,,100.0,1.0,100.0,-0.0774192206561752
81.54909819639279,17.054054054054053,,100.0,1.0,100.0,-0.0775920904850974
81.74749498997996,17.054054054054053,,100.0,1.0,100.0,-0.0777658620967386
81.94589178356713,17.054054054054053,,100.0,1.0,100.0,-0.0779405279310425
82.14428857715431,17.054054054054053,,100.0,1.0,100.0,-0.0781160806758304
82.34268537074149,17.054054054054053,,100.0,1.0,100.0,-0.0782925132861981
82.54108216432866,17.054054054054053,,100.0,1.0,100.0,-0.0784698190040164
82.73947895791585,17.054054054054053,,100.0,1.0,100.0,-0.0786479913776726
82.937875751503,17.054054054054053,,100.0,1.0,100.0,-0.0788270242819721
83.13627254509018,17.054054054054053,,100.0,1.0,100.0,-0.0790069119382206
83.33466933867736,17.054054054054053,,100.0,1.0,100.0,-0.0791876489344937
83.53306613226454,17.054054054054053,,100.0,1.0,100.0,-0.0793692302460558
83.7314629258517,17.054054054054053,,100.0,1.0,100.0,-0.0795516512560012
83.92985971943888,17.054054054054053,,100.0,1.0,100.0,-0.0797349077760068
84.12825651302606,17.054054054054053,,100.0,1.0,100.0,-0.0799189960673256
84.32665330661322,17.054054054054053,,100.0,1.0,100.0,-0.0801039128618721
84.5250501002004,17.054054054054053,,100.0,1.0,100.0,-0.0802896553835829
84.72344689378757,17.054054054054053,,100.0,1.0,100.0,-0.0804762213698341
84.92184368737476,17.054054054054053,,100.0,1.0,100.0,-0.0806636090931024
85.12024048096194,17.054054054054053,,100.0,1.0,100.0,-0.0808518173827841
85.3186372745491,17.054054054054053,,100.0,1.0,100.0,-0.0810408456471472
85.51703406813628,17.054054054054053,,100.0,1.0,100.0,-0.0812306938954963
85.71543086172345,17.054054054054053,,100.0,1.0,100.0,-0.0814213627604631
85.91382765531063,17.054054054054053,,100.0,1.0,100.0,-0.0816128535205095
86.1122244488978,17.054054054054053,,100.0,1.0,100.0,-0.0818051681225289
86.31062124248497,17.054054054054053,,100.0,1.0,100.0,-0.0819983092047247
86.50901803607215,17.054054054054053,,100.0,1.0,100.0,-0.0821922801194999
86.70741482965931,17.054054054054053,,100.0,1.0,100.0,-0.0823870849566807
86.90581162324649,17.054054054054053,,100.0,1.0,100.0,-0.0825827285667796
87.10420841683366,17.054054054054053,,100.0,1.0,100.0,-0.0827792165844758
87.30260521042084,17.054054054054053,,100.0,1.0,100.0,-0.0829765554522879
87.50100200400803,17.054054054054053,,100.0,1.0,100.0,-0.0831747524443546
87.6993987975952,17.054054054054053,,100.0,1.0,100.0,-0.083373815690431
87.89779559118237,17.054054054054053,,100.0,1.0,100.0,-0.083573754200044
88.09619238476955,17.054054054054053,,100.0,1.0,100.0,-0.0837745778867951
88.29458917835672,17.054054054054053,,100.0,1.0,100.0,-0.083976297592861
88.4929859719439,17.054054054054053,,100.0,1.0,100.0,-0.0841789251136488
88.69138276553106,17.054054054054053,,100.0,1.0,100.0,-0.08438247322265
88.88977955911824,17.054054054054053,,100.0,1.0,100.0,-0.084586955696402
89.0881763527054,17.054054054054053,,100.0,1.0,100.0,-0.0847923873397247
89.28657314629258,17.054054054054053,,100.0,1.0,100.0,-0.0849987840110304
89.48496993987975,17.054054054054053,,100.0,1.0,100.0,-0.0852061626478721
89.68336673346693,17.054054054054053,,100.0,1.0,100.0,-0.085414541292679
89.88176352705409,17.054054054054053,,100.0,1.0,100.0,-0.0856239391185997
90.08016032064127,17.054054054054053,,100.0,1.0,100.0,-0.0858343764556018
90.27855711422846,17.054054054054053,,100.0,1.0,100.0,-0.0860458748167353
90.47695390781564,17.054054054054053,,100.0,1.0,100.0,-0.0862584569245408
90.6753507014028,17.054054054054053,,100.0,1.0,100.0,-0.0864721467376855
90.87374749498998,17.054054054054053,,100.0,1.0,100.0,-0.0866869694777875
91.07214428857715,17.054054054054053,,100.0,1.0,100.0,-0.0869029516563882
91.27054108216433,17.054054054054053,,100.0,1.0,100.0,-0.0871201211021743
91.46893787575152,17.054054054054053,,100.0,1.0,100.0,-0.0873385069883403
91.66733466933867,17.054054054054053,,100.0,1.0,100.0,-0.0875581398601678
91.86573146292585,17.054054054054053,,100.0,1.0,100.0,-0.0877790516628227
92.06412825651303,17.054054054054053,,100.0,1.0,100.0,-0.0880012757693113
92.26252505010021,17.054054054054053,,100.0,1.0,100.0,-0.0882248470086889
92.46092184368737,17.054054054054053,,100.0,1.0,100.0,-0.0884498016944062
92.65931863727455,17.054054054054053,,100.0,1.0,100.0,-0.0886761776529383
92.85771543086172,17.054054054054053,,100.0,1.0,100.0,-0.0889040142525671
93.05611222444891,17.054054054054053,,100.0,1.0,100.0,-0.0891333524323962
93.25450901803607,17.054054054054053,,100.0,1.0,100.0,-0.0893642347316069
93.45290581162325,17.054054054054053,,100.0,1.0,100.0,-0.0895967053188597
93.65130260521043,17.054054054054053,,100.0,1.0,100.0,-0.0898308100220074
93.84969939879761,17.054054054054053,,100.0,1.0,100.0,-0.0900665963579852
94.04809619238478,17.054054054054053,,100.0,1.0,100.0,-0.0903041135628927
94.24649298597195,17.054054054054053,,100.0,1.0,100.0,-0.0905434126224011
94.44488977955912,17.054054054054053,,100.0,1.0,100.0,-0.0907845463023058
94.6432865731463,17.054054054054053,,100.0,1.0,100.0,-0.0910275691793487
94.84168336673346,17.054054054054053,,100.0,1.0,100.0,-0.0912725376723075
95.04008016032064,17.054054054054053,,100.0,1.0,100.0,-0.0915195100732831
95.2384769539078,17.054054054054053,,100.0,1.0,100.0,-0.0917685465792504
95.43687374749499,17.054054054054053,,100.0,1.0,100.0,-0.0920197093239016
95.63527054108215,17.054054054054053,,100.0,1.0,100.0,-0.0922730624096708
95.83366733466936,17.054054054054053,,100.0,1.0,100.0,-0.0925286719400722
96.03206412825652,17.054054054054053,,100.0,1.0,100.0,-0.0927866060522994
96.2304609218437,17.054054054054053,,100.0,1.0,100.0,-0.0930469349500665
96.42885771543087,17.054054054054053,,100.0,1.0,100.0,-0.0933097309367367
96.62725450901804,17.054054054054053,,100.0,1.0,100.0,-0.0935750684487231
96.82565130260521,17.054054054054053,,100.0,1.0,100.0,-0.0938430240891882
97.02404809619239,17.054054054054053,,100.0,1.0,100.0,-0.0941136766619851
97.22244488977958,17.054054054054053,,100.0,1.0,100.0,-0.0943871072059377
97.42084168336673,17.054054054054053,,100.0,1.0,100.0,-0.0946633990294006
97.6192384769539,17.054054054054053,,100.0,1.0,100.0,-0.0949426377450627
97.81763527054107,17.054054054054053,,100.0,1.0,100.0,-0.0952249113051775
98.01603206412825,17.054054054054053,,100.0,1.0,100.0,-0.0955103100369655
98.21442885771542,17.054054054054053,,100.0,1.0,100.0,-0.0957989266784329
98.4128256513026,17.054054054054053,,100.0,1.0,100.0,-0.0960908564144528
98.61122244488979,17.054054054054053,,100.0,1.0,100.0,-0.0963861969131857
98.80961923847698,17.054054054054053,,100.0,1.0,100.0,-0.0966850483628504
99.00801603206413,17.054054054054053,,100.0,1.0,100.0,-0.0969875135088125
99.2064128256513,17.054054054054053,,100.0,1.0,100.0,-0.0972936976910082
99.40480961923848,17.054054054054053,,100.0,1.0,100.0,-0.0976037088817229
99.60320641282564,17.054054054054053,,100.0,1.0,100.0,-0.0979176577237517
99.80160320641282,17.054054054054053,,100.0,1.0,100.0,-0.0982356575688443
100.0,17.054054054054053,,100.0,1.0,100.0,-0.0985578245166054
1.0,19.72972972972973,,100.0,1.0,100.0,-0.2702680024375895
1.1983967935871744,19.72972972972973,,100.0,1.0,100.0,-0.2673839526686122
1.3967935871743486,19.72972972972973,,100.0,1.0,100.0,-0.2645240222302482
1.595190380761523,19.72972972972973,,100.0,1.0,100.0,-0.2616880913149425
1.7935871743486973,19.72972972972973,,100.0,1.0,100.0,-0.2588760451602832
1.9919839679358717,19.72972972972973,,100.0,1.0,100.0,-0.2560877738559105
2.190380761523046,19.72972972972973,,100.0,1.0,100.0,-0.2533231721532327
2.38877755511022,19.72972972972973,,100.0,1.0,100.0,-0.2505821392780182
2.5871743486973946,19.72972972972973,,100.0,1.0,100.0,-0.2478645787458131
2.785571142284569,19.72972972972973,,100.0,1.0,100.0,-0.2451703981801407
2.9839679358717435,19.72972972972973,,100.0,1.0,100.0,-0.2424995091336053
3.182364729458918,19.72972972972973,,100.0,1.0,100.0,-0.2398518269117969
3.380761523046093,19.72972972972973,,100.0,1.0,100.0,-0.2372272704000522
3.579158316633267,19.72972972972973,,100.0,1.0,100.0,-0.2346257618930292
3.7775551102204403,19.72972972972973,,100.0,1.0,100.0,-0.2320472269271523
3.9759519038076157,19.72972972972973,,100.0,1.0,100.0,-0.2294915941158555
4.174348697394789,19.72972972972973,,100.0,1.0,100.0,-0.2269587949876779
4.372745490981964,19.72972972972973,,100.0,1.0,100.0,-0.2244487638271623
4.571142284569138,19.72972972972973,,100.0,1.0,100.0,-0.2219614375186061
4.7695390781563125,19.72972972972973,,100.0,1.0,100.0,-0.2194967553925954
4.967935871743487,19.72972972972973,,100.0,1.0,100.0,-0.217054659075345
5.166332665330662,19.72972972972973,,100.0,1.0,100.0,-0.2146350923408733
5.364729458917837,19.72972972972973,,100.0,1.0,100.0,-0.2122380009659369
5.563126252505009,19.72972972972973,,100.0,1.0,100.0,-0.2098633325877703
5.761523046092185,19.72972972972973,,100.0,1.0,100.0,-0.2075110365645861
5.959919839679359,19.72972972972973,,100.0,1.0,100.0,-0.205181063838864
6.158316633266534,19.72972972972973,,100.0,1.0,100.0,-0.2028733668033885
6.356713426853707,19.72972972972973,,100.0,1.0,100.0,-0.200587899170041
6.555110220440882,19.72972972972973,,100.0,1.0,100.0,-0.1983246158413324
6.753507014028057,19.72972972972973,,100.0,1.0,100.0,-0.1960834727846591
6.951903807615231,19.72972972972973,,100.0,1.0,100.0,-0.1938644269093088
7.150300601202405,19.72972972972973,,100.0,1.0,100.0,-0.1916674359461258
7.348697394789579,19.72972972972973,,100.0,1.0,100.0,-0.1894924583299412
7.547094188376754,19.72972972972973,,100.0,1.0,100.0,-0.1873394530846305
7.745490981963927,19.72972972972973,,100.0,1.0,100.0,-0.1852083797109019
7.9438877755511,19.72972972972973,,100.0,1.0,100.0,-0.1830991980766953
8.142284569138276,19.72972972972973,,100.0,1.0,100.0,-0.181011868310303
8.340681362725451,19.72972972972973,,100.0,1.0,100.0,-0.1789463506960714
8.539078156312625,19.72972972972973,,100.0,1.0,100.0,-0.1769026055727824
8.737474949899799,19.72972972972973,,100.0,1.0,100.0,-0.1748805932346221
8.935871743486974,19.72972972972973,,100.0,1.0,100.0,-0.172880273834778
9.13426853707415,19.72972972972973,,100.0,1.0,100.0,-0.1709016072916173
9.332665330661325,19.72972972972973,,100.0,1.0,100.0,-0.1689445531974519
9.531062124248498,19.72972972972973,,100.0,1.0,100.0,-0.1670090707298867
9.729458917835672,19.72972972972973,,100.0,1.0,100.0,-0.1650951185657125
9.927855711422845,19.72972972972973,,100.0,1.0,100.0,-0.1632026547973428
10.126252505010019,19.72972972972973,,100.0,1.0,100.0,-0.1613316368517868
10.324649298597194,19.72972972972973,,100.0,1.0,100.0,-0.1594820214121559
10.52304609218437,19.72972972972973,,100.0,1.0,100.0,-0.157653764341638
10.721442885771543,19.72972972972973,,100.0,1.0,100.0,-0.1558468206100165
10.919839679358718,19.72972972972973,,100.0,1.0,100.0,-0.1540611442226255
11.118236472945892,19.72972972972973,,100.0,1.0,100.0,-0.1522966881517798
11.316633266533067,19.72972972972973,,100.0,1.0,100.0,-0.1505534042706794
11.515030060120242,19.72972972972973,,100.0,1.0,100.0,-0.1488312432897298
11.713426853707414,19.72972972972973,,100.0,1.0,100.0,-0.1471301546952894
11.91182364729459,19.72972972972973,,100.0,1.0,100.0,-0.1454500866908285
12.110220440881761,19.72972972972973,,100.0,1.0,100.0,-0.1437909861404932
12.308617234468937,19.72972972972973,,100.0,1.0,100.0,-0.1421527985150254
12.507014028056114,19.72972972972973,,100.0,1.0,100.0,-0.1405354678400807
12.705410821643287,19.72972972972973,,100.0,1.0,100.0,-0.1389389366468692
12.903807615230463,19.72972972972973,,100.0,1.0,100.0,-0.1373631459251448
13.102204408817634,19.72972972972973,,100.0,1.0,100.0,-0.1358080350785087
13.30060120240481,19.72972972972973,,100.0,1.0,100.0,-0.1342735418820311
13.498997995991983,19.72972972972973,,100.0,1.0,100.0,-0.1327596024421358
13.697394789579159,19.72972972972973,,100.0,1.0,100.0,-0.1312661511587728
13.895791583166334,19.72972972972973,,100.0,1.0,100.0,-0.129793120689845
14.094188376753507,19.72972972972973,,100.0,1.0,100.0,-0.1283404419178582
14.292585170340683,19.72972972972973,,100.0,1.0,100.0,-0.1269080439188301
14.490981963927855,19.72972972972973,,100.0,1.0,100.0,-0.1254958539333245
14.689378757515032,19.72972972972973,,100.0,1.0,100.0,-0.1241037973397737
14.887775551102203,19.72972972972973,,100.0,1.0,100.0,-0.1227317976298569
15.086172344689379,19.72972972972973,,100.0,1.0,100.0,-0.1213797763861284
15.284569138276554,19.72972972972973,,100.0,1.0,100.0,-0.1200476532616871
15.482965931863726,19.72972972972973,,100.0,1.0,100.0,-0.1187353459619947
15.681362725450903,19.72972972972973,,100.0,1.0,100.0,-0.117442770228798
15.879759519038075,19.72972972972973,,100.0,1.0,100.0,-0.116169839826061
16.07815631262525,19.72972972972973,,100.0,1.0,100.0,-0.114916466528007
16.276553106212425,19.72972972972973,,100.0,1.0,100.0,-0.1136825601091187
16.474949899799597,19.72972972972973,,100.0,1.0,100.0,-0.1124680283362031
16.673346693386772,19.72972972972973,,100.0,1.0,100.0,-0.1112727769623737
16.871743486973948,19.72972972972973,,100.0,1.0,100.0,-0.1100967097230408
17.070140280561123,19.72972972972973,,100.0,1.0,100.0,-0.1089397283337877
17.2685370741483,19.72972972972973,,100.0,1.0,100.0,-0.1078017324901643
17.466933867735474,19.72972972972973,,100.0,1.0,100.0,-0.1066826198694035
17.66533066132265,19.72972972972973,,100.0,1.0,100.0,-0.1055822861339007
17.86372745490982,19.72972972972973,,100.0,1.0,100.0,-0.1045006249366248
18.062124248496996,19.72972972972973,,100.0,1.0,100.0,-0.1034375279282334
18.260521042084168,19.72972972972973,,100.0,1.0,100.0,-0.1023928847660574
18.458917835671343,19.72972972972973,,100.0,1.0,100.0,-0.1013665831247276
18.657314629258515,19.72972972972973,,100.0,1.0,100.0,-0.1003585087085968
18.85571142284569,19.72972972972973,,100.0,1.0,100.0,-0.0993685452658112
19.054108216432866,19.72972972972973,,100.0,1.0,100.0,-0.0983965746040336
19.252505010020037,19.72972972972973,,100.0,1.0,100.0,-0.0974424766078047
19.450901803607216,19.72972972972973,,100.0,1.0,100.0,-0.0965061292574848
19.649298597194388,19.72972972972973,,100.0,1.0,100.0,-0.0955874086497602
19.847695390781563,19.72972972972973,,100.0,1.0,100.0,-0.094686189019672
20.04609218436874,19.72972972972973,,100.0,1.0,100.0,-0.0938023427641315
20.244488977955914,19.72972972972973,,100.0,1.0,100.0,-0.092935740466902
20.442885771543086,19.72972972972973,,100.0,1.0,100.0,-0.0920862509250096
20.64128256513026,19.72972972972973,,100.0,1.0,100.0,-0.0912537411764931
20.839679358717436,19.72972972972973,,100.0,1.0,100.0,-0.0904380765295861
21.03807615230461,19.72972972972973,,100.0,1.0,100.0,-0.0896391205931216
21.236472945891784,19.72972972972973,,100.0,1.0,100.0,-0.088856735308287
21.43486973947896,19.72972972972973,,100.0,1.0,100.0,-0.0880907809815485
21.633266533066134,19.72972972972973,,100.0,1.0,100.0,-0.0873411163188292
21.831663326653306,19.72972972972973,,100.0,1.0,100.0,-0.0866075984608082
22.030060120240485,19.72972972972973,,100.0,1.0,100.0,-0.0858900830193505
22.228456913827657,19.72972972972973,,100.0,1.0,100.0,-0.085188424115029
22.42685370741483,19.72972972972973,,100.0,1.0,100.0,-0.0845024744156384
22.625250501002007,19.72972972972973,,100.0,1.0,100.0,-0.0838320851757544
22.82364729458918,19.72972972972973,,100.0,1.0,100.0,-0.083177106277217
23.02204408817635,19.72972972972973,,100.0,1.0,100.0,-0.0825373862705317
23.220440881763523,19.72972972972973,,100.0,1.0,100.0,-0.0819127724171368
23.4188376753507,19.72972972972973,,100.0,1.0,100.0,-0.0813031107325069
23.617234468937873,19.72972972972973,,100.0,1.0,100.0,-0.0807082460300083
23.815631262525052,19.72972972972973,,100.0,1.0,100.0,-0.08012802196554
24.014028056112227,19.72972972972973,,100.0,1.0,100.0,-0.0795622810828267
24.212424849699403,19.72972972972973,,100.0,1.0,100.0,-0.0790108648593905
24.410821643286575,19.72972972972973,,100.0,1.0,100.0,-0.0784736137531265
24.609218436873746,19.72972972972973,,100.0,1.0,100.0,-0.0779503672494164
24.807615230460925,19.72972972972973,,100.0,1.0,100.0,-0.0774409639088078
25.006012024048097,19.72972972972973,,100.0,1.0,100.0,-0.0769452414151359
25.20440881763527,19.72972972972973,,100.0,1.0,100.0,-0.0764630366240917
25.402805611222448,19.72972972972973,,100.0,1.0,100.0,-0.0759941856121695
43.25851703406814,19.72972972972973,,100.0,1.0,100.0,-0.0682187725578243
43.45691382765531,19.72972972972973,,100.0,1.0,100.0,-0.0683178821104056
43.655310621242485,19.72972972972973,,100.0,1.0,100.0,-0.0684177670606448
43.85370741482966,19.72972972972973,,100.0,1.0,100.0,-0.0685183617206284
44.05210420841683,19.72972972972973,,100.0,1.0,100.0,-0.0686196023599857
44.250501002004015,19.72972972972973,,100.0,1.0,100.0,-0.0687214272021972
44.448897795591186,19.72972972972973,,100.0,1.0,100.0,-0.0688237764200979
44.64729458917836,19.72972972972973,,100.0,1.0,100.0,-0.068926592130544
44.84569138276553,19.72972972972973,,100.0,1.0,100.0,-0.0690298183882816
45.0440881763527,19.72972972972973,,100.0,1.0,100.0,-0.0691334011789478
45.24248496993987,19.72972972972973,,100.0,1.0,100.0,-0.0692372884112972
45.440881763527045,19.72972972972973,,100.0,1.0,100.0,-0.0693414299085292
45.63927855711423,19.72972972972973,,100.0,1.0,100.0,-0.0694457773988143
45.8376753507014,19.72972972972973,,100.0,1.0,100.0,-0.0695502845049975
46.036072144288575,19.72972972972973,,100.0,1.0,100.0,-0.0696549067334098
46.23446893787575,19.72972972972973,,100.0,1.0,100.0,-0.0697596014618888
46.43286573146293,19.72972972972973,,100.0,1.0,100.0,-0.0698643279269355
46.631262525050104,19.72972972972973,,100.0,1.0,100.0,-0.0699690472100478
46.829659318637276,19.72972972972973,,100.0,1.0,100.0,-0.0700737222232227
47.028056112224455,19.72972972972973,,100.0,1.0,100.0,-0.0701783176936234
47.22645290581163,19.72972972972973,,100.0,1.0,100.0,-0.0702828001474273
47.424849699398806,19.72972972972973,,100.0,1.0,100.0,-0.0703871378928658
47.62324649298598,19.72972972972973,,100.0,1.0,100.0,-0.0704913010024733
47.82164328657315,19.72972972972973,,100.0,1.0,100.0,-0.0705952612944899
48.02004008016032,19.72972972972973,,100.0,1.0,100.0,-0.070698992313551
48.21843687374749,19.72972972972973,,100.0,1.0,100.0,-0.0708024693105329
48.41683366733468,19.72972972972973,,100.0,1.0,100.0,-0.0709056692217037
48.615230460921836,19.72972972972973,,100.0,1.0,100.0,-0.0710085706470653
48.81362725450902,19.72972972972973,,100.0,1.0,100.0,-0.0711111538280253
49.012024048096194,19.72972972972973,,100.0,1.0,100.0,-0.071213400624329
49.21042084168337,19.72972972972973,,100.0,1.0,100.0,-0.0713152944902856
49.40881763527054,19.72972972972973,,100.0,1.0,100.0,-0.0714168204503393
49.60721442885771,19.72972972972973,,100.0,1.0,100.0,-0.0715179650739947
49.805611222444895,19.72972972972973,,100.0,1.0,100.0,-0.0716187164500784
50.00400801603207,19.72972972972973,,100.0,1.0,100.0,-0.0717190641604186
50.20240480961924,19.72972972972973,,100.0,1.0,100.0,-0.0718189992529469
50.40080160320641,19.72972972972973,,100.0,1.0,100.0,-0.0719185142141959
50.59919839679358,19.72972972972973,,100.0,1.0,100.0,-0.0720176029412954
50.79759519038077,19.72972972972973,,100.0,1.0,100.0,-0.0721162607134697
50.99599198396793,19.72972972972973,,100.0,1.0,100.0,-0.0722144841630232
51.19438877755511,19.72972972972973,,100.0,1.0,100.0,-0.0723122712458852
51.39278557114229,19.72972972972973,,100.0,1.0,100.0,-0.0724096212117383
51.59118236472946,19.72972972972973,,100.0,1.0,100.0,-0.072506534573731
51.789579158316634,19.72972972972973,,100.0,1.0,100.0,-0.0726030130778494
51.987975951903806,19.72972972972973,,100.0,1.0,100.0,-0.0726990596719335
52.18637274549098,19.72972972972973,,100.0,1.0,100.0,-0.0727946784743831
52.38476953907816,19.72972972972973,,100.0,1.0,100.0,-0.0728898747426115
52.583166332665336,19.72972972972973,,100.0,1.0,100.0,-0.0729846548412416
52.78156312625251,19.72972972972973,,100.0,1.0,100.0,-0.0730790262100807
52.97995991983967,19.72972972972973,,100.0,1.0,100.0,-0.0731729973319187
53.17835671342685,19.72972972972973,,100.0,1.0,100.0,-0.073266577700196
53.37675350701403,19.72972972972973,,100.0,1.0,100.0,-0.0733597777865195
53.57515030060121,19.72972972972973,,100.0,1.0,100.0,-0.0734526090080978
53.77354709418837,19.72972972972973,,100.0,1.0,100.0,-0.073545083695134
53.97194388777555,19.72972972972973,,100.0,1.0,100.0,-0.0736372150581832
54.17034068136273,19.72972972972973,,100.0,1.0,100.0,-0.0737290171554858
54.368737474949896,19.72972972972973,,100.0,1.0,100.0,-0.0738205048603788
54.567134268537075,19.72972972972973,,100.0,1.0,100.0,-0.0739116938287151
54.765531062124246,19.72972972972973,,100.0,1.0,100.0,-0.0740026004664267
54.96392785571142,19.72972972972973,,100.0,1.0,100.0,-0.0740932418971558
55.1623246492986,19.72972972972973,,100.0,1.0,100.0,-0.0741836359300345
55.360721442885776,19.72972972972973,,100.0,1.0,100.0,-0.0742738010276886
55.55911823647295,19.72972972972973,,100.0,1.0,100.0,-0.074363756274361
55.75751503006013,19.72972972972973,,100.0,1.0,100.0,-0.0744535213443069
55.95591182364729,19.72972972972973,,100.0,1.0,100.0,-0.0745431164704255
56.15430861723447,19.72972972972973,,100.0,1.0,100.0,-0.0746325624131371
56.35270541082165,19.72972972972973,,100.0,1.0,100.0,-0.0747218804295873
56.551102204408814,19.72972972972973,,100.0,1.0,100.0,-0.0748110922431222
56.74949899799599,19.72972972972973,,100.0,1.0,100.0,-0.0749002200131393
56.94789579158316,19.72972972972973,,100.0,1.0,100.0,-0.0749892863052664
57.146292585170336,19.72972972972973,,100.0,1.0,100.0,-0.0750783140619253
57.3446893787575,19.72972972972973,,100.0,1.0,100.0,-0.0751673265732485
57.543086172344694,19.72972972972973,,100.0,1.0,100.0,-0.0752563474484777
57.74148296593185,19.72972972972973,,100.0,1.0,100.0,-0.0753454005877226
57.93987975951904,19.72972972972973,,100.0,1.0,100.0,-0.0754345101541584
58.13827655310623,19.72972972972973,,100.0,1.0,100.0,-0.0755237005467165
58.336673346693395,19.72972972972973,,100.0,1.0,100.0,-0.0756129963732191
58.535070140280574,19.72972972972973,,100.0,1.0,100.0,-0.0757024224239907
58.73346693386774,19.72972972972973,,100.0,1.0,100.0,-0.0757920036459337
58.9318637274549,19.72972972972973,,100.0,1.0,100.0,-0.0758817651171794
59.13026052104208,19.72972972972973,,100.0,1.0,100.0,-0.0759717320221552
59.32865731462926,19.72972972972973,,100.0,1.0,100.0,-0.0760619296272301
59.52705410821644,19.72972972972973,,100.0,1.0,100.0,-0.0761523832568794
59.72545090180361,19.72972972972973,,100.0,1.0,100.0,-0.076243118270364
59.92384769539078,19.72972972972973,,100.0,1.0,100.0,-0.0763341600389453
60.12224448897794,19.72972972972973,,100.0,1.0,100.0,-0.0764255339236826
60.32064128256512,19.72972972972973,,100.0,1.0,100.0,-0.0765172652537327
60.51903807615231,19.72972972972973,,100.0,1.0,100.0,-0.0766093793052392
60.717434869739485,19.72972972972973,,100.0,1.0,100.0,-0.0767019012807482
60.915831663326664,19.72972972972973,,100.0,1.0,100.0,-0.0767948562892081
61.114228456913835,19.72972972972973,,100.0,1.0,100.0,-0.0768882693265166
61.312625250501,19.72972972972973,,100.0,1.0,100.0,-0.0769821652566292
61.51102204408818,19.72972972972973,,100.0,1.0,100.0,-0.0770765687932306
61.709418837675344,19.72972972972973,,100.0,1.0,100.0,-0.0771715044819748
61.90781563126252,19.72972972972973,,100.0,1.0,100.0,-0.0772669966832976
62.1062124248497,19.72972972972973,,100.0,1.0,100.0,-0.0773630695557385
62.30460921843688,19.72972972972973,,100.0,1.0,100.0,-0.0774597470399026
62.50300601202406,19.72972972972973,,100.0,1.0,100.0,-0.0775570528429118
62.701402805611224,19.72972972972973,,100.0,1.0,100.0,-0.0776550104234388
62.89979959919839,19.72972972972973,,100.0,1.0,100.0,-0.077753642977309
63.09819639278557,19.72972972972973,,100.0,1.0,100.0,-0.0778529734236215
63.296593186372746,19.72972972972973,,100.0,1.0,100.0,-0.0779530243914413
63.494989979959925,19.72972972972973,,100.0,1.0,100.0,-0.0780538182070195
63.69338677354709,19.72972972972973,,100.0,1.0,100.0,-0.0781553768815673
63.89178356713427,19.72972972972973,,100.0,1.0,100.0,-0.078257722099544
64.09018036072143,19.72972972972973,,100.0,1.0,100.0,-0.0783608752075001
64.28857715430863,19.72972972972973,,100.0,1.0,100.0,-0.0784648572034444
64.48697394789579,19.72972972972973,,100.0,1.0,100.0,-0.0785696887266912
64.68537074148296,19.72972972972973,,100.0,1.0,100.0,-0.078675390048304
64.88376753507015,19.72972972972973,,100.0,1.0,100.0,-0.0787819810619708
65.08216432865731,19.72972972972973,,100.0,1.0,100.0,-0.0788894812754364
65.28056112224449,19.72972972972973,,100.0,1.0,100.0,-0.0789979098024172
65.47895791583166,19.72972972972973,,100.0,1.0,100.0,-0.0791072853550215
65.67735470941884,19.72972972972973,,100.0,1.0,100.0,-0.079217626236651
65.87575150300601,19.72972972972973,,100.0,1.0,100.0,-0.0793289503354129
66.0741482965932,19.72972972972973,,100.0,1.0,100.0,-0.079441275117966
66.27254509018036,19.72972972972973,,100.0,1.0,100.0,-0.0795546176238907
66.47094188376754,19.72972972972973,,100.0,1.0,100.0,-0.079668994460529
66.66933867735472,19.72972972972973,,100.0,1.0,100.0,-0.0797844217982305
66.8677354709419,19.72972972972973,,100.0,1.0,100.0,-0.0799009153661354
67.06613226452906,19.72972972972973,,100.0,1.0,100.0,-0.0800184904483666
67.26452905811624,19.72972972972973,,100.0,1.0,100.0,-0.0801371618806716
67.4629258517034,19.72972972972973,,100.0,1.0,100.0,-0.0802569440475406
67.6613226452906,19.72972972972973,,100.0,1.0,100.0,-0.0803778508797286
67.85971943887776,19.72972972972973,,100.0,1.0,100.0,-0.0804998958522454
68.05811623246494,19.72972972972973,,100.0,1.0,100.0,-0.0806230919827232
68.2565130260521,19.72972972972973,,100.0,1.0,100.0,-0.0807474518302853
68.45490981963928,19.72972972972973,,100.0,1.0,100.0,-0.0808729874947656
68.65330661322645,19.72972972972973,,100.0,1.0,100.0,-0.0809997106163865
68.85170340681363,19.72972972972973,,100.0,1.0,100.0,-0.0811276323758337
69.05010020040079,19.72972972972973,,100.0,1.0,100.0,-0.0812567634947261
69.24849699398798,19.72972972972973,,100.0,1.0,100.0,-0.0813871142365079
69.44689378757515,19.72972972972973,,100.0,1.0,100.0,-0.0815186944077138
69.64529058116234,19.72972972972973,,100.0,1.0,100.0,-0.0816515133596782
69.84368737474949,19.72972972972973,,100.0,1.0,100.0,-0.0817855799905638
70.04208416833667,19.72972972972973,,100.0,1.0,100.0,-0.0819209027478216
70.24048096192385,19.72972972972973,,100.0,1.0,100.0,-0.0820574896310148
70.43887775551103,19.72972972972973,,100.0,1.0,100.0,-0.0821953481950412
70.6372745490982,19.72972972972973,,100.0,1.0,100.0,-0.0823344855536872
70.83567134268537,19.72972972972973,,100.0,1.0,100.0,-0.0824749083835907
71.03406813627254,19.72972972972973,,100.0,1.0,100.0,-0.0826166229285517
71.23246492985973,19.72972972972973,,100.0,1.0,100.0,-0.0827596350041945
71.4308617234469,19.72972972972973,,100.0,1.0,100.0,-0.0829039500030001
71.62925851703406,19.72972972972973,,100.0,1.0,100.0,-0.0830495728997113
71.82765531062124,19.72972972972973,,100.0,1.0,100.0,-0.0831965082570237
72.0260521042084,19.72972972972973,,100.0,1.0,100.0,-0.0833447602317024
72.2244488977956,19.72972972972973,,100.0,1.0,100.0,-0.083494332580981
72.42284569138276,19.72972972972973,,100.0,1.0,100.0,-0.0836452286693296
72.62124248496994,19.72972972972973,,100.0,1.0,100.0,-0.0837974514755431
72.8196392785571,19.72972972972973,,100.0,1.0,100.0,-0.0839510036001865
73.01803607214428,19.72972972972973,,100.0,1.0,100.0,-0.0841058872733163
73.21643286573146,19.72972972972973,,100.0,1.0,100.0,-0.084262104362593
73.41482965931863,19.72972972972973,,100.0,1.0,100.0,-0.0844196563816459
73.6132264529058,19.72972972972973,,100.0,1.0,100.0,-0.0845785444988211
73.81162324649299,19.72972972972973,,100.0,1.0,100.0,-0.0847387695461955
74.01002004008016,19.72972972972973,,100.0,1.0,100.0,-0.0849003320289264
74.20841683366733,19.72972972972973,,100.0,1.0,100.0,-0.0850632321348803
74.40681362725451,19.72972972972973,,100.0,1.0,100.0,-0.0852274697446114
74.60521042084169,19.72972972972973,,100.0,1.0,100.0,-0.0853930444415866
74.80360721442887,19.72972972972973,,100.0,1.0,100.0,-0.0855599555227524
75.00200400801603,19.72972972972973,,100.0,1.0,100.0,-0.0857282020093723
75.20040080160321,19.72972972972973,,100.0,1.0,100.0,-0.085897782658147
75.39879759519039,19.72972972972973,,100.0,1.0,100.0,-0.0860686959726446
75.59719438877755,19.72972972972973,,100.0,1.0,100.0,-0.0862409402149853
75.79559118236472,19.72972972972973,,100.0,1.0,100.0,-0.0864145134178385
75.99398797595191,19.72972972972973,,100.0,1.0,100.0,-0.0865894133966662
76.19238476953907,19.72972972972973,,100.0,1.0,100.0,-0.0867656377622538
76.39078156312625,19.72972972972973,,100.0,1.0,100.0,-0.086943183933514
76.58917835671345,19.72972972972973,,100.0,1.0,100.0,-0.087122049150552
76.7875751503006,19.72972972972973,,100.0,1.0,100.0,-0.087302230487979
76.98597194388778,19.72972972972973,,100.0,1.0,100.0,-0.0874837248685034
77.18436873747495,19.72972972972973,,100.0,1.0,100.0,-0.0876665290768088
77.38276553106212,19.72972972972973,,100.0,1.0,100.0,-0.0878506397735904
77.5811623246493,19.72972972972973,,100.0,1.0,100.0,-0.0880360535099508
77.77955911823646,19.72972972972973,,100.0,1.0,100.0,-0.0882227667419782
77.97795591182366,19.72972972972973,,100.0,1.0,100.0,-0.0884107758455852
78.1763527054108,19.72972972972973,,100.0,1.0,100.0,-0.0886000771315788
78.374749498998,19.72972972972973,,100.0,1.0,100.0,-0.0887906668609905
78.5731462925852,19.72972972972973,,100.0,1.0,100.0,-0.0889825412606456
78.77154308617234,19.72972972972973,,100.0,1.0,100.0,-0.0891756965388935
78.96993987975952,19.72972972972973,,100.0,1.0,100.0,-0.0893701289016782
79.1683366733467,19.72972972972973,,100.0,1.0,100.0,-0.0895658345687407
79.36673346693387,19.72972972972973,,100.0,1.0,100.0,-0.0897628097901045
79.56513026052104,19.72972972972973,,100.0,1.0,100.0,-0.0899610508627447
79.76352705410822,19.72972972972973,,100.0,1.0,100.0,-0.0901605541474932
79.9619238476954,19.72972972972973,,100.0,1.0,100.0,-0.0903613160861771
80.16032064128257,19.72972972972973,,100.0,1.0,100.0,-0.0905633332188966
80.35871743486975,19.72972972972973,,100.0,1.0,100.0,-0.0907666022016354
80.55711422845691,19.72972972972973,,100.0,1.0,100.0,-0.0909711198239627
80.75551102204409,19.72972972972973,,100.0,1.0,100.0,-0.0911768830269856
80.95390781563127,19.72972972972973,,100.0,1.0,100.0,-0.091383888921561
81.15230460921843,19.72972972972973,,100.0,1.0,100.0,-0.0915921348065738
81.35070140280563,19.72972972972973,,100.0,1.0,100.0,-0.091801618187574
81.54909819639279,19.72972972972973,,100.0,1.0,100.0,-0.0920123367954847
81.74749498997996,19.72972972972973,,100.0,1.0,100.0,-0.0922242886055713
81.94589178356713,19.72972972972973,,100.0,1.0,100.0,-0.0924374718565789
82.14428857715431,19.72972972972973,,100.0,1.0,100.0,-0.0926518850700836
82.34268537074149,19.72972972972973,,100.0,1.0,100.0,-0.0928675270700091
82.54108216432866,19.72972972972973,,100.0,1.0,100.0,-0.0930843970023187
82.73947895791585,19.72972972972973,,100.0,1.0,100.0,-0.0933024943549585
82.937875751503,19.72972972972973,,100.0,1.0,100.0,-0.0935218189779212
83.13627254509018,19.72972972972973,,100.0,1.0,100.0,-0.0937423711034977
83.33466933867736,19.72972972972973,,100.0,1.0,100.0,-0.0939641513667669
83.53306613226454,19.72972972972973,,100.0,1.0,100.0,-0.0941871608262019
83.7314629258517,19.72972972972973,,100.0,1.0,100.0,-0.0944114009844697
83.92985971943888,19.72972972972973,,100.0,1.0,100.0,-0.0946368738094699
84.12825651302606,19.72972972972973,,100.0,1.0,100.0,-0.0948635817554522
84.32665330661322,19.72972972972973,,100.0,1.0,100.0,-0.0950915277843896
84.5250501002004,19.72972972972973,,100.0,1.0,100.0,-0.0953207153874848
84.72344689378757,19.72972972972973,,100.0,1.0,100.0,-0.0955511486068941
84.92184368737476,19.72972972972973,,100.0,1.0,100.0,-0.0957828320575612
85.12024048096194,19.72972972972973,,100.0,1.0,100.0,-0.0960157709492914
85.3186372745491,19.72972972972973,,100.0,1.0,100.0,-0.0962499711089512
85.51703406813628,19.72972972972973,,100.0,1.0,100.0,-0.0964854390028807
85.71543086172345,19.72972972972973,,100.0,1.0,100.0,-0.0967221817594348
85.91382765531063,19.72972972972973,,100.0,1.0,100.0,-0.0969602071917409
86.1122244488978,19.72972972972973,,100.0,1.0,100.0,-0.0971995238205941
86.31062124248497,19.72972972972973,,100.0,1.0,100.0,-0.0974401408975534
86.50901803607215,19.72972972972973,,100.0,1.0,100.0,-0.0976820684281751
86.70741482965931,19.72972972972973,,100.0,1.0,100.0,-0.0979253171954737
86.90581162324649,19.72972972972973,,100.0,1.0,100.0,-0.0981698987834838
87.10420841683366,19.72972972972973,,100.0,1.0,100.0,-0.0984158256010595
87.30260521042084,19.72972972972973,,100.0,1.0,100.0,-0.0986631109058161
87.50100200400803,19.72972972972973,,100.0,1.0,100.0,-0.0989117688282332
87.6993987975952,19.72972972972973,,100.0,1.0,100.0,-0.0991618143959873
87.89779559118237,19.72972972972973,,100.0,1.0,100.0,-0.0994132635583746
88.09619238476955,19.72972972972973,,100.0,1.0,100.0,-0.0996661332109909
88.29458917835672,19.72972972972973,,100.0,1.0,100.0,-0.099920441220546
88.4929859719439,19.72972972972973,,100.0,1.0,100.0,-0.1001762064498454
88.69138276553106,19.72972972972973,,100.0,1.0,100.0,-0.1004334487830084
88.88977955911824,19.72972972972973,,100.0,1.0,100.0,-0.1006921891507665
89.0881763527054,19.72972972972973,,100.0,1.0,100.0,-0.1009524495560609
89.28657314629258,19.72972972972973,,100.0,1.0,100.0,-0.1012142530997238
89.48496993987975,19.72972972972973,,100.0,1.0,100.0,-0.1014776240063876
89.68336673346693,19.72972972972973,,100.0,1.0,100.0,-0.101742587650603
89.88176352705409,19.72972972972973,,100.0,1.0,100.0,-0.102009170583051
90.08016032064127,19.72972972972973,,100.0,1.0,100.0,-0.1022774005570508
90.27855711422846,19.72972972972973,,100.0,1.0,100.0,-0.102547306555209
90.47695390781564,19.72972972972973,,100.0,1.0,100.0,-0.1028189188162262
90.6753507014028,19.72972972972973,,100.0,1.0,100.0,-0.1030922688619625
90.87374749498998,19.72972972972973,,100.0,1.0,100.0,-0.1033673895246393
91.07214428857715,19.72972972972973,,100.0,1.0,100.0,-0.1036443149742908
91.27054108216433,19.72972972972973,,100.0,1.0,100.0,-0.1039230807463503
91.46893787575152,19.72972972972973,,100.0,1.0,100.0,-0.1042037237694976
91.66733466933867,19.72972972972973,,100.0,1.0,100.0,-0.1044862823936844
91.86573146292585,19.72972972972973,,100.0,1.0,100.0,-0.1047707964183463
92.06412825651303,19.72972972972973,,100.0,1.0,100.0,-0.1050573071208456
92.26252505010021,19.72972972972973,,100.0,1.0,100.0,-0.1053458572851313
92.46092184368737,19.72972972972973,,100.0,1.0,100.0,-0.1056364912305772
92.65931863727455,19.72972972972973,,100.0,1.0,100.0,-0.105929254841074
92.85771543086172,19.72972972972973,,100.0,1.0,100.0,-0.1062241955943161
93.05611222444891,19.72972972972973,,100.0,1.0,100.0,-0.1065213625912968
93.25450901803607,19.72972972972973,,100.0,1.0,100.0,-0.1068208065860774
93.45290581162325,19.72972972972973,,100.0,1.0,100.0,-0.1071225800157028
93.65130260521043,19.72972972972973,,100.0,1.0,100.0,-0.1074267370304461
93.84969939879761,19.72972972972973,,100.0,1.0,100.0,-0.1077333335241915
94.04809619238478,19.72972972972973,,100.0,1.0,100.0,-0.1080424271651011
94.24649298597195,19.72972972972973,,100.0,1.0,100.0,-0.1083540774265346
94.44488977955912,19.72972972972973,,100.0,1.0,100.0,-0.1086683456181597
94.6432865731463,19.72972972972973,,100.0,1.0,100.0,-0.1089852949173517
94.84168336673346,19.72972972972973,,100.0,1.0,100.0,-0.1093049904008498
95.04008016032064,19.72972972972973,,100.0,1.0,100.0,-0.1096274990766064
95.2384769539078,19.72972972972973,,100.0,1.0,100.0,-0.1099528899159612
95.43687374749499,19.72972972972973,,100.0,1.0,100.0,-0.1102812338860639
95.63527054108215,19.72972972972973,,100.0,1.0,100.0,-0.1106126039824829
95.83366733466936,19.72972972972973,,100.0,1.0,100.0,-0.1109470752622205
96.03206412825652,19.72972972972973,,100.0,1.0,100.0,-0.1112847248768743
96.2304609218437,19.72972972972973,,100.0,1.0,100.0,-0.1116256321061577
96.42885771543087,19.72972972972973,,100.0,1.0,100.0,-0.1119698783916512
96.62725450901804,19.72972972972973,,100.0,1.0,100.0,-0.1123175473708832
96.82565130260521,19.72972972972973,,100.0,1.0,100.0,-0.112668724911656
97.02404809619239,19.72972972972973,,100.0,1.0,100.0,-0.113023499146698
97.22244488977958,19.72972972972973,,100.0,1.0,100.0,-0.1133819605086122
97.42084168336673,19.72972972972973,,100.0,1.0,100.0,-0.113744201765122
97.6192384769539,19.72972972972973,,100.0,1.0,100.0,-0.1141103180546153
97.81763527054107,19.72972972972973,,100.0,1.0,100.0,-0.1144804069220417
98.01603206412825,19.72972972972973,,100.0,1.0,100.0,-0.114854568355079
98.21442885771542,19.72972972972973,,100.0,1.0,100.0,-0.1152329048206642
98.4128256513026,19.72972972972973,,100.0,1.0,100.0,-0.1156155213018317
98.61122244488979,19.72972972972973,,100.0,1.0,100.0,-0.1160025253348859
98.80961923847698,19.72972972972973,,100.0,1.0,100.0,-0.1163940270469643
99.00801603206413,19.72972972972973,,100.0,1.0,100.0,-0.1167901391938571
99.2064128256513,19.72972972972973,,100.0,1.0,100.0,-0.1171909771982567
99.40480961923848,19.72972972972973,,100.0,1.0,100.0,-0.1175966591883272
99.60320641282564,19.72972972972973,,100.0,1.0,100.0,-0.1180073060366648
99.80160320641282,19.72972972972973,,100.0,1.0,100.0,-0.1184230413995837
100.0,19.72972972972973,,100.0,1.0,100.0,-0.1188439917568414
1.0,22.405405405405407,,100.0,1.0,100.0,-0.2749051668709786
1.1983967935871744,22.405405405405407,,100.0,1.0,100.0,-0.2719687059547692
1.3967935871743486,22.405405405405407,,100.0,1.0,100.0,-0.2690567197987593
1.595190380761523,22.405405405405407,,100.0,1.0,100.0,-0.266169113578475
1.7935871743486973,22.405405405405407,,100.0,1.0,100.0,-0.263305796879328
1.9919839679358717,22.405405405405407,,100.0,1.0,100.0,-0.2604666835116626
2.190380761523046,22.405405405405407,,100.0,1.0,100.0,-0.257651691328582
2.38877755511022,22.405405405405407,,100.0,1.0,100.0,-0.2548607420466
2.5871743486973946,22.405405405405407,,100.0,1.0,100.0,-0.2520937610690636
2.785571142284569,22.405405405405407,,100.0,1.0,100.0,-0.2493506773123439
2.9839679358717435,22.405405405405407,,100.0,1.0,100.0,-0.2466314230348403
3.182364729458918,22.405405405405407,,100.0,1.0,100.0,-0.2439359336687228
3.380761523046093,22.405405405405407,,100.0,1.0,100.0,-0.2412641476544733
3.579158316633267,22.405405405405407,,100.0,1.0,100.0,-0.2386160062781537
3.7775551102204403,22.405405405405407,,100.0,1.0,100.0,-0.2359914535114587
3.9759519038076157,22.405405405405407,,100.0,1.0,100.0,-0.2333904358544803
4.174348697394789,22.405405405405407,,100.0,1.0,100.0,-0.2308129021812437
4.372745490981964,22.405405405405407,,100.0,1.0,100.0,-0.2282588035879524
4.571142284569138,22.405405405405407,,100.0,1.0,100.0,-0.2257280932439418
4.7695390781563125,22.405405405405407,,100.0,1.0,100.0,-0.2232207262453839
4.967935871743487,22.405405405405407,,100.0,1.0,100.0,-0.220736659471669
5.166332665330662,22.405405405405407,,100.0,1.0,100.0,-0.2182758514444802
5.364729458917837,22.405405405405407,,100.0,1.0,100.0,-0.2158382621895424
5.563126252505009,22.405405405405407,,100.0,1.0,100.0,-0.2134238531011221
5.761523046092185,22.405405405405407,,100.0,1.0,100.0,-0.2110325868090884
5.959919839679359,22.405405405405407,,100.0,1.0,100.0,-0.2086644270487057
6.158316633266534,22.405405405405407,,100.0,1.0,100.0,-0.206319338533067
6.356713426853707,22.405405405405407,,100.0,1.0,100.0,-0.203997286828131
6.555110220440882,22.405405405405407,,100.0,1.0,100.0,-0.2016982382304516
6.753507014028057,22.405405405405407,,100.0,1.0,100.0,-0.1994221596474643
6.951903807615231,22.405405405405407,,100.0,1.0,100.0,-0.197169018480436
7.150300601202405,22.405405405405407,,100.0,1.0,100.0,-0.1949387825100027
7.348697394789579,22.405405405405407,,100.0,1.0,100.0,-0.1927314197842818
7.547094188376754,22.405405405405407,,100.0,1.0,100.0,-0.1905468985096113
7.745490981963927,22.405405405405407,,100.0,1.0,100.0,-0.1883851869438293
7.9438877755511,22.405405405405407,,100.0,1.0,100.0,-0.1862462532921404
8.142284569138276,22.405405405405407,,100.0,1.0,100.0,-0.1841300656055334
8.340681362725451,22.405405405405407,,100.0,1.0,100.0,-0.1820365916817586
8.539078156312625,22.405405405405407,,100.0,1.0,100.0,-0.1799657989688318
8.737474949899799,22.405405405405407,,100.0,1.0,100.0,-0.1779176544710842
8.935871743486974,22.405405405405407,,100.0,1.0,100.0,-0.1758921246577247
9.13426853707415,22.405405405405407,,100.0,1.0,100.0,-0.1738891753739219
9.332665330661325,22.405405405405407,,100.0,1.0,100.0,-0.1719087717543926
9.531062124248498,22.405405405405407,,100.0,1.0,100.0,-0.1699508781394928
9.729458917835672,22.405405405405407,,100.0,1.0,100.0,-0.1680154579937691
9.927855711422845,22.405405405405407,,100.0,1.0,100.0,-0.1661024738270369
10.126252505010019,22.405405405405407,,100.0,1.0,100.0,-0.1642118871178802
10.324649298597194,22.405405405405407,,100.0,1.0,100.0,-0.1623436582396413
10.52304609218437,22.405405405405407,,100.0,1.0,100.0,-0.1604977463888575
10.721442885771543,22.405405405405407,,100.0,1.0,100.0,-0.158674109516131
10.919839679358718,22.405405405405407,,100.0,1.0,100.0,-0.1568727042594624
11.118236472945892,22.405405405405407,,100.0,1.0,100.0,-0.1550934858799475
11.316633266533067,22.405405405405407,,100.0,1.0,100.0,-0.1533364081999695
11.515030060120242,22.405405405405407,,100.0,1.0,100.0,-0.1516014235437381
11.713426853707414,22.405405405405407,,100.0,1.0,100.0,-0.1498884826802353
11.91182364729459,22.405405405405407,,100.0,1.0,100.0,-0.1481975347685788
12.110220440881761,22.405405405405407,,100.0,1.0,100.0,-0.1465285273057102
12.308617234468937,22.405405405405407,,100.0,1.0,100.0,-0.1448814060764956
12.507014028056114,22.405405405405407,,100.0,1.0,100.0,-0.14325611510615
12.705410821643287,22.405405405405407,,100.0,1.0,100.0,-0.1416525966150308
12.903807615230463,22.405405405405407,,100.0,1.0,100.0,-0.1400707909757306
13.102204408817634,22.405405405405407,,100.0,1.0,100.0,-0.1385106366725327
13.30060120240481,22.405405405405407,,100.0,1.0,100.0,-0.1369720702631353
13.498997995991983,22.405405405405407,,100.0,1.0,100.0,-0.1354550263427049
13.697394789579159,22.405405405405407,,100.0,1.0,100.0,-0.1339594375101881
13.895791583166334,22.405405405405407,,100.0,1.0,100.0,-0.1324852343369117
14.094188376753507,22.405405405405407,,100.0,1.0,100.0,-0.1310323453374346
14.292585170340683,22.405405405405407,,100.0,1.0,100.0,-0.1296006969426469
14.490981963927855,22.405405405405407,,100.0,1.0,100.0,-0.1281902134750716
14.689378757515032,22.405405405405407,,100.0,1.0,100.0,-0.1268008171264298
14.887775551102203,22.405405405405407,,100.0,1.0,100.0,-0.1254324279373358
15.086172344689379,22.405405405405407,,100.0,1.0,100.0,-0.1240849637792492
15.284569138276554,22.405405405405407,,100.0,1.0,100.0,-0.1227583403385173
15.482965931863726,22.405405405405407,,100.0,1.0,100.0,-0.1214524711026049
15.681362725450903,22.405405405405407,,100.0,1.0,100.0,-0.1201672673484547
15.879759519038075,22.405405405405407,,100.0,1.0,100.0,-0.1189026381329154
16.07815631262525,22.405405405405407,,100.0,1.0,100.0,-0.1176584902853108
16.276553106212425,22.405405405405407,,100.0,1.0,100.0,-0.1164347284020338
16.474949899799597,22.405405405405407,,100.0,1.0,100.0,-0.1152312548432116
16.673346693386772,22.405405405405407,,100.0,1.0,100.0,-0.1140479697313623
16.871743486973948,22.405405405405407,,100.0,1.0,100.0,-0.1128847709520952
17.070140280561123,22.405405405405407,,100.0,1.0,100.0,-0.111741554156755
17.2685370741483,22.405405405405407,,100.0,1.0,100.0,-0.110618212767026
17.466933867735474,22.405405405405407,,100.0,1.0,100.0,-0.109514637981457
17.66533066132265,22.405405405405407,,100.0,1.0,100.0,-0.1084307187839032
17.86372745490982,22.405405405405407,,100.0,1.0,100.0,-0.1073663419538124
18.062124248496996,22.405405405405407,,100.0,1.0,100.0,-0.1063213920783739
18.260521042084168,22.405405405405407,,100.0,1.0,100.0,-0.1052957515664689
18.458917835671343,22.405405405405407,,100.0,1.0,100.0,-0.1042893006644172
18.657314629258515,22.405405405405407,,100.0,1.0,100.0,-0.1033019174734605
18.85571142284569,22.405405405405407,,100.0,1.0,100.0,-0.102333477968983
19.054108216432866,22.405405405405407,,100.0,1.0,100.0,-0.1013838560213953
19.252505010020037,22.405405405405407,,100.0,1.0,100.0,-0.1004529234186863
19.450901803607216,22.405405405405407,,100.0,1.0,100.0,-0.0995405498906072
19.649298597194388,22.405405405405407,,100.0,1.0,100.0,-0.098646603134405
19.847695390781563,22.405405405405407,,100.0,1.0,100.0,-0.0977709488421141
20.04609218436874,22.405405405405407,,100.0,1.0,100.0,-0.0969134507293719
20.244488977955914,22.405405405405407,,100.0,1.0,100.0,-0.0960739705656902
20.442885771543086,22.405405405405407,,100.0,1.0,100.0,-0.0952523682061416
20.64128256513026,22.405405405405407,,100.0,1.0,100.0,-0.0944485016244643
20.839679358717436,22.405405405405407,,100.0,1.0,100.0,-0.0936622269475012
21.03807615230461,22.405405405405407,,100.0,1.0,100.0,-0.092893398490933
21.236472945891784,22.405405405405407,,100.0,1.0,100.0,-0.0921418687963084
21.43486973947896,22.405405405405407,,100.0,1.0,100.0,-0.0914074886692607
21.633266533066134,22.405405405405407,,100.0,1.0,100.0,-0.09069010721892
21.831663326653306,22.405405405405407,,100.0,1.0,100.0,-0.089989571898458
22.030060120240485,22.405405405405407,,100.0,1.0,100.0,-0.0893057285467073
22.228456913827657,22.405405405405407,,100.0,1.0,100.0,-0.0886384214308556
22.42685370741483,22.405405405405407,,100.0,1.0,100.0,-0.0879874932900753
22.625250501002007,22.405405405405407,,100.0,1.0,100.0,-0.0873527853801599
22.82364729458918,22.405405405405407,,100.0,1.0,100.0,-0.0867341375190376
23.02204408817635,22.405405405405407,,100.0,1.0,100.0,-0.0861313881331307
23.220440881763523,22.405405405405407,,100.0,1.0,100.0,-0.0855443743045393
23.4188376753507,22.405405405405407,,100.0,1.0,100.0,-0.0849729318189726
23.617234468937873,22.405405405405407,,100.0,1.0,100.0,-0.0844168952143761
23.815631262525052,22.405405405405407,,100.0,1.0,100.0,-0.0838760978302552
24.014028056112227,22.405405405405407,,100.0,1.0,100.0,-0.0833503718575649
24.212424849699403,22.405405405405407,,100.0,1.0,100.0,-0.0828395483892134
24.410821643286575,22.405405405405407,,100.0,1.0,100.0,-0.0823434574710341
24.609218436873746,22.405405405405407,,100.0,1.0,100.0,-0.0818619281532546
24.807615230460925,22.405405405405407,,100.0,1.0,100.0,-0.0813947885423797
25.006012024048097,22.405405405405407,,100.0,1.0,100.0,-0.0809418658534196
25.20440881763527,22.405405405405407,,100.0,1.0,100.0,-0.0805029864624813
25.402805611222448,22.405405405405407,,100.0,1.0,100.0,-0.080077975959607
25.60120240480962,22.405405405405407,,100.0,1.0,100.0,-0.0796666592018418
25.79959919839679,22.405405405405407,,100.0,1.0,100.0,-0.0792688603665079
25.997995991983966,22.405405405405407,,100.0,1.0,100.0,-0.0788844030045713
26.196392785571145,22.405405405405407,,100.0,1.0,100.0,-0.0785131100941555
26.394789579158317,22.405405405405407,,100.0,1.0,100.0,-0.0781548040940368
26.59318637274549,22.405405405405407,,100.0,1.0,100.0,-0.077809306997213
26.791583166332664,22.405405405405407,,100.0,1.0,100.0,-0.0774764403843716
26.98997995991984,22.405405405405407,,100.0,1.0,100.0,-0.0771560254773166
27.188376753507008,22.405405405405407,,100.0,1.0,100.0,-0.0768478831922489
27.386773547094187,22.405405405405407,,100.0,1.0,100.0,-0.0765518341929011
27.585170340681366,22.405405405405407,,100.0,1.0,100.0,-0.0762676989434498
27.783567134268534,22.405405405405407,,100.0,1.0,100.0,-0.0759952977612204
27.98196392785571,22.405405405405407,,100.0,1.0,100.0,-0.0757344508690875
28.180360721442888,22.405405405405407,,100.0,1.0,100.0,-0.0754849784475766
28.378757515030063,22.405405405405407,,100.0,1.0,100.0,-0.0752467006866247
28.577154308617235,22.405405405405407,,100.0,1.0,100.0,-0.075019437836955
28.7755511022044,22.405405405405407,,100.0,1.0,100.0,-0.0748030102610509
28.97394789579158,22.405405405405407,,100.0,1.0,100.0,-0.0745972384836843
29.172344689378757,22.405405405405407,,100.0,1.0,100.0,-0.0744019432419851
29.370741482965926,22.405405405405407,,100.0,1.0,100.0,-0.0742169455350134
29.5691382765531,22.405405405405407,,100.0,1.0,100.0,-0.0740420666728171
29.76753507014028,22.405405405405407,,100.0,1.0,100.0,-0.0738771283249259
29.965931863727448,22.405405405405407,,100.0,1.0,100.0,-0.0737219525683043
30.164328657314627,22.405405405405407,,100.0,1.0,100.0,-0.0735763619347261
30.36272545090181,22.405405405405407,,100.0,1.0,100.0,-0.0734401794574942
30.56112224448897,22.405405405405407,,100.0,1.0,100.0,-0.073313228717585
30.759519038076157,22.405405405405407,,100.0,1.0,100.0,-0.0731953338891442
30.957915831663332,22.405405405405407,,100.0,1.0,100.0,-0.0730863197843011
31.1563126252505,22.405405405405407,,100.0,1.0,100.0,-0.0729860118973432
31.35470941883768,22.405405405405407,,100.0,1.0,100.0,-0.0728942364481951
31.553106212424858,22.405405405405407,,100.0,1.0,100.0,-0.0728108204252215
31.751503006012022,22.405405405405407,,100.0,1.0,100.0,-0.07273559162729
31.949899799599194,22.405405405405407,,100.0,1.0,100.0,-0.072668378705198
32.14829659318637,22.405405405405407,,100.0,1.0,100.0,-0.0726090112023187
32.346693386773545,22.405405405405407,,100.0,1.0,100.0,-0.0725573195945553
32.545090180360724,22.405405405405407,,100.0,1.0,100.0,-0.0725131353295795
32.743486973947896,22.405405405405407,,100.0,1.0,100.0,-0.0724762908653381
32.941883767535074,22.405405405405407,,100.0,1.0,100.0,-0.0724466197078269
33.140280561122246,22.405405405405407,,100.0,1.0,100.0,-0.0724239564481478
33.33867735470942,22.405405405405407,,100.0,1.0,100.0,-0.0724081367988481
33.5370741482966,22.405405405405407,,100.0,1.0,100.0,-0.0723989976295164
33.73547094188377,22.405405405405407,,100.0,1.0,100.0,-0.0723963770016707
33.93386773547095,22.405405405405407,,100.0,1.0,100.0,-0.0724001142029334
34.13226452905812,22.405405405405407,,100.0,1.0,100.0,-0.0724100497804772
34.3306613226453,22.405405405405407,,100.0,1.0,100.0,-0.072426025573795
34.52905811623247,22.405405405405407,,100.0,1.0,100.0,-0.0724478847467207
34.72745490981965,22.405405405405407,,100.0,1.0,100.0,-0.0724754718188123
34.92585170340681,22.405405405405407,,100.0,1.0,100.0,-0.0725086326959842
35.12424849699399,22.405405405405407,,100.0,1.0,100.0,-0.0725472147005219
35.32264529058117,22.405405405405407,,100.0,1.0,100.0,-0.0725910666003596
35.521042084168336,22.405405405405407,,100.0,1.0,100.0,-0.0726400386377441
35.719438877755515,22.405405405405407,,100.0,1.0,100.0,-0.0726939825572021
35.91783567134269,22.405405405405407,,100.0,1.0,100.0,-0.0727527516328758
36.11623246492986,22.405405405405407,,100.0,1.0,100.0,-0.0728162006952191
36.31462925851703,22.405405405405407,,100.0,1.0,100.0,-0.0728841861570135
36.51302605210421,22.405405405405407,,100.0,1.0,100.0,-0.0729565660388191
36.71142284569138,22.405405405405407,,100.0,1.0,100.0,-0.0730331999937595
36.90981963927855,22.405405405405407,,100.0,1.0,100.0,-0.0731139493317141
37.10821643286573,22.405405405405407,,100.0,1.0,100.0,-0.0731986770428638
37.3066132264529,22.405405405405407,,100.0,1.0,100.0,-0.0732872478206777
37.505010020040075,22.405405405405407,,100.0,1.0,100.0,-0.073379528084276
37.703406813627254,22.405405405405407,,100.0,1.0,100.0,-0.0734753860002082
37.90180360721443,22.405405405405407,,100.0,1.0,100.0,-0.0735746915036178
38.100200400801604,22.405405405405407,,100.0,1.0,100.0,-0.0736773163188547
38.298597194388776,22.405405405405407,,100.0,1.0,100.0,-0.0737831339794758
38.496993987975955,22.405405405405407,,100.0,1.0,100.0,-0.0738920198476614
38.69539078156313,22.405405405405407,,100.0,1.0,100.0,-0.0740038511330749
38.8937875751503,22.405405405405407,,100.0,1.0,100.0,-0.0741185069110902
39.09218436873748,22.405405405405407,,100.0,1.0,100.0,-0.0742358681404858
39.29058116232465,22.405405405405407,,100.0,1.0,100.0,-0.0743558176805263
39.48897795591183,22.405405405405407,,100.0,1.0,100.0,-0.0744782403074199
39.687374749499,22.405405405405407,,100.0,1.0,100.0,-0.0746030227302558
39.88577154308617,22.405405405405407,,100.0,1.0,100.0,-0.0747300536062756
40.08416833667335,22.405405405405407,,100.0,1.0,100.0,-0.0748592235555584
40.28256513026052,22.405405405405407,,100.0,1.0,100.0,-0.0749904251751196
40.4809619238477,22.405405405405407,,100.0,1.0,100.0,-0.0751235530523239
40.67935871743487,22.405405405405407,,100.0,1.0,100.0,-0.0752585037777412
40.877755511022045,22.405405405405407,,100.0,1.0,100.0,-0.0753951759572995
41.07615230460922,22.405405405405407,,100.0,1.0,100.0,-0.0755334702238387
41.274549098196395,22.405405405405407,,100.0,1.0,100.0,-0.0756732892479494
41.47294589178357,22.405405405405407,,100.0,1.0,100.0,-0.0758145377481913
41.671342685370746,22.405405405405407,,100.0,1.0,100.0,-0.0759571225005641
41.86973947895792,22.405405405405407,,100.0,1.0,100.0,-0.0761009523473348
42.06813627254509,22.405405405405407,,100.0,1.0,100.0,-0.0762459382050948
42.26653306613227,22.405405405405407,,100.0,1.0,100.0,-0.076391993072132
42.46492985971944,22.405405405405407,,100.0,1.0,100.0,-0.0765390320350364
42.66332665330661,22.405405405405407,,100.0,1.0,100.0,-0.0766869722745239
42.861723446893784,22.405405405405407,,100.0,1.0,100.0,-0.0768357330705284
43.06012024048097,22.405405405405407,,100.0,1.0,100.0,-0.0769852358064545
43.25851703406814,22.405405405405407,,100.0,1.0,100.0,-0.0771354039726485
43.45691382765531,22.405405405405407,,100.0,1.0,100.0,-0.0772861631690539
43.655310621242485,22.405405405405407,,100.0,1.0,100.0,-0.0774374411069721
43.85370741482966,22.405405405405407,,100.0,1.0,100.0,-0.0775891676100303
44.05210420841683,22.405405405405407,,100.0,1.0,100.0,-0.0777412746142341
44.250501002004015,22.405405405405407,,100.0,1.0,100.0,-0.0778936961671502
44.448897795591186,22.405405405405407,,100.0,1.0,100.0,-0.0780463684261801
44.64729458917836,22.405405405405407,,100.0,1.0,100.0,-0.0781992296559116
44.84569138276553,22.405405405405407,,100.0,1.0,100.0,-0.0783522202245508
45.0440881763527,22.405405405405407,,100.0,1.0,100.0,-0.0785052825994087
45.24248496993987,22.405405405405407,,100.0,1.0,100.0,-0.0786583613414296
45.440881763527045,22.405405405405407,,100.0,1.0,100.0,-0.0788114030987432
45.63927855711423,22.405405405405407,,100.0,1.0,100.0,-0.0789643565992623
45.8376753507014,22.405405405405407,,100.0,1.0,100.0,-0.0791171726422892
46.036072144288575,22.405405405405407,,100.0,1.0,100.0,-0.0792698040891193
46.23446893787575,22.405405405405407,,100.0,1.0,100.0,-0.0794222058526508
46.43286573146293,22.405405405405407,,100.0,1.0,100.0,-0.0795743348860029
46.631262525050104,22.405405405405407,,100.0,1.0,100.0,-0.0797261501701286
46.829659318637276,22.405405405405407,,100.0,1.0,100.0,-0.079877612700388
47.028056112224455,22.405405405405407,,100.0,1.0,100.0,-0.080028685472146
47.22645290581163,22.405405405405407,,100.0,1.0,100.0,-0.0801793334653663
47.424849699398806,22.405405405405407,,100.0,1.0,100.0,-0.0803295236281672
47.62324649298598,22.405405405405407,,100.0,1.0,100.0,-0.0804792248594142
47.82164328657315,22.405405405405407,,100.0,1.0,100.0,-0.0806284079902948
48.02004008016032,22.405405405405407,,100.0,1.0,100.0,-0.0807770457649177
48.21843687374749,22.405405405405407,,100.0,1.0,100.0,-0.0809251128199313
48.41683366733468,22.405405405405407,,100.0,1.0,100.0,-0.0810725856632048
48.615230460921836,22.405405405405407,,100.0,1.0,100.0,-0.081219442651504
48.81362725450902,22.405405405405407,,100.0,1.0,100.0,-0.0813656639672852
49.012024048096194,22.405405405405407,,100.0,1.0,100.0,-0.0815112315945562
49.21042084168337,22.405405405405407,,100.0,1.0,100.0,-0.081656129293814
49.40881763527054,22.405405405405407,,100.0,1.0,100.0,-0.0818003425761285
49.60721442885771,22.405405405405407,,100.0,1.0,100.0,-0.0819438586763777
49.805611222444895,22.405405405405407,,100.0,1.0,100.0,-0.082086666525611
50.00400801603207,22.405405405405407,,100.0,1.0,100.0,-0.0822287567226361
50.20240480961924,22.405405405405407,,100.0,1.0,100.0,-0.0823701215048271
50.40080160320641,22.405405405405407,,100.0,1.0,100.0,-0.0825107547181603
50.59919839679358,22.405405405405407,,100.0,1.0,100.0,-0.0826506517865336
50.79759519038077,22.405405405405407,,100.0,1.0,100.0,-0.0827898096804136
50.99599198396793,22.405405405405407,,100.0,1.0,100.0,-0.082928226884788
51.19438877755511,22.405405405405407,,100.0,1.0,100.0,-0.0830659033665256
51.39278557114229,22.405405405405407,,100.0,1.0,100.0,-0.083202840541142
51.59118236472946,22.405405405405407,,100.0,1.0,100.0,-0.0833390412389819
51.789579158316634,22.405405405405407,,100.0,1.0,100.0,-0.0834745096709113
51.987975951903806,22.405405405405407,,100.0,1.0,100.0,-0.0836092513935392
52.18637274549098,22.405405405405407,,100.0,1.0,100.0,-0.0837432732739636
52.38476953907816,22.405405405405407,,100.0,1.0,100.0,-0.083876583454139
52.583166332665336,22.405405405405407,,100.0,1.0,100.0,-0.0840091913148781
52.78156312625251,22.405405405405407,,100.0,1.0,100.0,-0.084141107439535
52.97995991983967,22.405405405405407,,100.0,1.0,100.0,-0.0842723435773881
53.17835671342685,22.405405405405407,,100.0,1.0,100.0,-0.0844029126068006
53.37675350701403,22.405405405405407,,100.0,1.0,100.0,-0.0845328284981866
53.57515030060121,22.405405405405407,,100.0,1.0,100.0,-0.0846621062767771
53.77354709418837,22.405405405405407,,100.0,1.0,100.0,-0.0847907619853305
53.97194388777555,22.405405405405407,,100.0,1.0,100.0,-0.0849188126467127
54.17034068136273,22.405405405405407,,100.0,1.0,100.0,-0.0850462762264541
54.368737474949896,22.405405405405407,,100.0,1.0,100.0,-0.0851731715953326
54.567134268537075,22.405405405405407,,100.0,1.0,100.0,-0.085299518491953
54.765531062124246,22.405405405405407,,100.0,1.0,100.0,-0.0854253374854722
54.96392785571142,22.405405405405407,,100.0,1.0,100.0,-0.085550649938373
55.1623246492986,22.405405405405407,,100.0,1.0,100.0,-0.0856754779694392
55.360721442885776,22.405405405405407,,100.0,1.0,100.0,-0.0857998444169275
55.55911823647295,22.405405405405407,,100.0,1.0,100.0,-0.0859237728019486
55.75751503006013,22.405405405405407,,100.0,1.0,100.0,-0.0860472872921267
55.95591182364729,22.405405405405407,,100.0,1.0,100.0,-0.0861704126655352
56.15430861723447,22.405405405405407,,100.0,1.0,100.0,-0.0862931742750234
56.35270541082165,22.405405405405407,,100.0,1.0,100.0,-0.0864155980128361
56.551102204408814,22.405405405405407,,100.0,1.0,100.0,-0.0865377102756834
56.74949899799599,22.405405405405407,,100.0,1.0,100.0,-0.0866595379301958
56.94789579158316,22.405405405405407,,100.0,1.0,100.0,-0.0867811082788494
57.146292585170336,22.405405405405407,,100.0,1.0,100.0,-0.0869024490263937
57.3446893787575,22.405405405405407,,100.0,1.0,100.0,-0.0870235882467216
57.543086172344694,22.405405405405407,,100.0,1.0,100.0,-0.0871445543503531
57.74148296593185,22.405405405405407,,100.0,1.0,100.0,-0.0872653760523776
57.93987975951904,22.405405405405407,,100.0,1.0,100.0,-0.0873860823410513
58.13827655310623,22.405405405405407,,100.0,1.0,100.0,-0.0875067024469257
58.336673346693395,22.405405405405407,,100.0,1.0,100.0,-0.0876272658126214
58.535070140280574,22.405405405405407,,100.0,1.0,100.0,-0.0877478020632399
58.73346693386774,22.405405405405407,,100.0,1.0,100.0,-0.0878683409773499
58.9318637274549,22.405405405405407,,100.0,1.0,100.0,-0.0879889124587199
59.13026052104208,22.405405405405407,,100.0,1.0,100.0,-0.08810954650867
59.32865731462926,22.405405405405407,,100.0,1.0,100.0,-0.0882302731990911
59.52705410821644,22.405405405405407,,100.0,1.0,100.0,-0.0883511226462084
59.72545090180361,22.405405405405407,,100.0,1.0,100.0,-0.0884721249849731
59.92384769539078,22.405405405405407,,100.0,1.0,100.0,-0.0885933103442327
60.12224448897794,22.405405405405407,,100.0,1.0,100.0,-0.088714708822561
60.32064128256512,22.405405405405407,,100.0,1.0,100.0,-0.088836350464815
60.51903807615231,22.405405405405407,,100.0,1.0,100.0,-0.0889582652394198
60.717434869739485,22.405405405405407,,100.0,1.0,100.0,-0.0890804830163789
60.915831663326664,22.405405405405407,,100.0,1.0,100.0,-0.0892030335459878
61.114228456913835,22.405405405405407,,100.0,1.0,100.0,-0.0893259464382822
61.312625250501,22.405405405405407,,100.0,1.0,100.0,-0.0894492511432177
61.51102204408818,22.405405405405407,,100.0,1.0,100.0,-0.0895729769315323
61.709418837675344,22.405405405405407,,100.0,1.0,100.0,-0.0896971528763683
61.90781563126252,22.405405405405407,,100.0,1.0,100.0,-0.0898218078355697
62.1062124248497,22.405405405405407,,100.0,1.0,100.0,-0.089946970434703
62.30460921843688,22.405405405405407,,100.0,1.0,100.0,-0.0900726690508066
62.50300601202406,22.405405405405407,,100.0,1.0,100.0,-0.0901989317967468
62.701402805611224,22.405405405405407,,100.0,1.0,100.0,-0.0903257865063652
62.89979959919839,22.405405405405407,,100.0,1.0,100.0,-0.0904532607202552
63.09819639278557,22.405405405405407,,100.0,1.0,100.0,-0.0905813816722039
63.296593186372746,22.405405405405407,,100.0,1.0,100.0,-0.0907101762762828
63.494989979959925,22.405405405405407,,100.0,1.0,100.0,-0.090839671114689
63.69338677354709,22.405405405405407,,100.0,1.0,100.0,-0.0909698924260816
63.89178356713427,22.405405405405407,,100.0,1.0,100.0,-0.0911008660946665
64.09018036072143,22.405405405405407,,100.0,1.0,100.0,-0.0912326176398653
64.28857715430863,22.405405405405407,,100.0,1.0,100.0,-0.0913651722065914
64.48697394789579,22.405405405405407,,100.0,1.0,100.0,-0.091498554556141
64.68537074148296,22.405405405405407,,100.0,1.0,100.0,-0.0916327890576798
64.88376753507015,22.405405405405407,,100.0,1.0,100.0,-0.0917678996802564
65.08216432865731,22.405405405405407,,100.0,1.0,100.0,-0.0919039099855135
65.28056112224449,22.405405405405407,,100.0,1.0,100.0,-0.0920408431207968
65.47895791583166,22.405405405405407,,100.0,1.0,100.0,-0.0921787218129299
65.67735470941884,22.405405405405407,,100.0,1.0,100.0,-0.0923175683624613
65.87575150300601,22.405405405405407,,100.0,1.0,100.0,-0.0924574046384826
66.0741482965932,22.405405405405407,,100.0,1.0,100.0,-0.0925982520739401
66.27254509018036,22.405405405405407,,100.0,1.0,100.0,-0.0927401316614173
66.47094188376754,22.405405405405407,,100.0,1.0,100.0,-0.0928830639494712
66.66933867735472,22.405405405405407,,100.0,1.0,100.0,-0.0930270690394208
66.8677354709419,22.405405405405407,,100.0,1.0,100.0,-0.0931721665825918
67.06613226452906,22.405405405405407,,100.0,1.0,100.0,-0.0933183757780612
67.26452905811624,22.405405405405407,,100.0,1.0,100.0,-0.0934657153708142
67.4629258517034,22.405405405405407,,100.0,1.0,100.0,-0.0936142036503976
67.6613226452906,22.405405405405407,,100.0,1.0,100.0,-0.0937638584499416
67.85971943887776,22.405405405405407,,100.0,1.0,100.0,-0.0939146971456603
68.05811623246494,22.405405405405407,,100.0,1.0,100.0,-0.0940667366567603
68.2565130260521,22.405405405405407,,100.0,1.0,100.0,-0.0942199934457083
68.45490981963928,22.405405405405407,,100.0,1.0,100.0,-0.0943744835189734
68.65330661322645,22.405405405405407,,100.0,1.0,100.0,-0.0945302224281181
68.85170340681363,22.405405405405407,,100.0,1.0,100.0,-0.0946872252712779
69.05010020040079,22.405405405405407,,100.0,1.0,100.0,-0.0948455066950273
69.24849699398798,22.405405405405407,,100.0,1.0,100.0,-0.0950050808966099
69.44689378757515,22.405405405405407,,100.0,1.0,100.0,-0.095165961626545
69.64529058116234,22.405405405405407,,100.0,1.0,100.0,-0.0953281621915766
69.84368737474949,22.405405405405407,,100.0,1.0,100.0,-0.0954916954579931
70.04208416833667,22.405405405405407,,100.0,1.0,100.0,-0.095656573855276
70.24048096192385,22.405405405405407,,100.0,1.0,100.0,-0.0958228093801
70.43887775551103,22.405405405405407,,100.0,1.0,100.0,-0.0959904136006781
70.6372745490982,22.405405405405407,,100.0,1.0,100.0,-0.0961593976614159
70.83567134268537,22.405405405405407,,100.0,1.0,100.0,-0.096329772287909
71.03406813627254,22.405405405405407,,100.0,1.0,100.0,-0.0965015477922648
71.23246492985973,22.405405405405407,,100.0,1.0,100.0,-0.0966747340787497
71.4308617234469,22.405405405405407,,100.0,1.0,100.0,-0.0968493406497021
71.62925851703406,22.405405405405407,,100.0,1.0,100.0,-0.0970253766118409
71.82765531062124,22.405405405405407,,100.0,1.0,100.0,-0.0972028506827881
72.0260521042084,22.405405405405407,,100.0,1.0,100.0,-0.0973817711979817
72.2244488977956,22.405405405405407,,100.0,1.0,100.0,-0.0975621461178218
72.42284569138276,22.405405405405407,,100.0,1.0,100.0,-0.0977439830351591
72.62124248496994,22.405405405405407,,100.0,1.0,100.0,-0.097927289183044
72.8196392785571,22.405405405405407,,100.0,1.0,100.0,-0.0981120714428029
73.01803607214428,22.405405405405407,,100.0,1.0,100.0,-0.09829833635237
73.21643286573146,22.405405405405407,,100.0,1.0,100.0,-0.0984860901149424
73.41482965931863,22.405405405405407,,100.0,1.0,100.0,-0.0986753386078674
73.6132264529058,22.405405405405407,,100.0,1.0,100.0,-0.098866087391881
73.81162324649299,22.405405405405407,,100.0,1.0,100.0,-0.0990583417205464
74.01002004008016,22.405405405405407,,100.0,1.0,100.0,-0.0992521065500658
74.20841683366733,22.405405405405407,,100.0,1.0,100.0,-0.0994473865492452
74.40681362725451,22.405405405405407,,100.0,1.0,100.0,-0.0996441861098756
74.60521042084169,22.405405405405407,,100.0,1.0,100.0,-0.0998425093572555
74.80360721442887,22.405405405405407,,100.0,1.0,100.0,-0.1000423601610499
75.00200400801603,22.405405405405407,,100.0,1.0,100.0,-0.100243742146436
75.20040080160321,22.405405405405407,,100.0,1.0,100.0,-0.1004466587054349
75.39879759519039,22.405405405405407,,100.0,1.0,100.0,-0.1006511130085835
75.59719438877755,22.405405405405407,,100.0,1.0,100.0,-0.100857108016835
75.79559118236472,22.405405405405407,,100.0,1.0,100.0,-0.1010646464936992
75.99398797595191,22.405405405405407,,100.0,1.0,100.0,-0.1012737310177128
76.19238476953907,22.405405405405407,,100.0,1.0,100.0,-0.1014843639950465
76.39078156312625,22.405405405405407,,100.0,1.0,100.0,-0.1016965476724887
76.58917835671345,22.405405405405407,,100.0,1.0,100.0,-0.1019102841506061
76.7875751503006,22.405405405405407,,100.0,1.0,100.0,-0.1021255753971412
76.98597194388778,22.405405405405407,,100.0,1.0,100.0,-0.1023424232607645
77.18436873747495,22.405405405405407,,100.0,1.0,100.0,-0.1025608294849123
77.38276553106212,22.405405405405407,,100.0,1.0,100.0,-0.1027807957219962
77.5811623246493,22.405405405405407,,100.0,1.0,100.0,-0.1030023235478118
77.77955911823646,22.405405405405407,,100.0,1.0,100.0,-0.103225414476166
77.97795591182366,22.405405405405407,,100.0,1.0,100.0,-0.1034500699737793
78.1763527054108,22.405405405405407,,100.0,1.0,100.0,-0.1036762914753778
78.374749498998,22.405405405405407,,100.0,1.0,100.0,-0.1039040803990821
78.5731462925852,22.405405405405407,,100.0,1.0,100.0,-0.1041334381619474
78.77154308617234,22.405405405405407,,100.0,1.0,100.0,-0.1043643661958155
78.96993987975952,22.405405405405407,,100.0,1.0,100.0,-0.1045968659633256
79.1683366733467,22.405405405405407,,100.0,1.0,100.0,-0.1048309389742013
79.36673346693387,22.405405405405407,,100.0,1.0,100.0,-0.1050665868017295
79.56513026052104,22.405405405405407,,100.0,1.0,100.0,-0.105303811099457
79.76352705410822,22.405405405405407,,100.0,1.0,100.0,-0.1055426136181431
79.9619238476954,22.405405405405407,,100.0,1.0,100.0,-0.1057829962228977
80.16032064128257,22.405405405405407,,100.0,1.0,100.0,-0.1060249609105246
80.35871743486975,22.405405405405407,,100.0,1.0,100.0,-0.1062685098271279
80.55711422845691,22.405405405405407,,100.0,1.0,100.0,-0.1065136452858843
80.75551102204409,22.405405405405407,,100.0,1.0,100.0,-0.1067603697850239
80.95390781563127,22.405405405405407,,100.0,1.0,100.0,-0.107008686026061
81.15230460921843,22.405405405405407,,100.0,1.0,100.0,-0.1072585969321793
81.35070140280563,22.405405405405407,,100.0,1.0,100.0,-0.107510105666883
81.54909819639279,22.405405405405407,,100.0,1.0,100.0,-0.1077632156527667
81.74749498997996,22.405405405405407,,100.0,1.0,100.0,-0.1080179305905637
81.94589178356713,22.405405405405407,,100.0,1.0,100.0,-0.1082742544783598
82.14428857715431,22.405405405405407,,100.0,1.0,100.0,-0.1085321916310034
82.34268537074149,22.405405405405407,,100.0,1.0,100.0,-0.1087917466997236
82.54108216432866,22.405405405405407,,100.0,1.0,100.0,-0.1090529246919149
82.73947895791585,22.405405405405407,,100.0,1.0,100.0,-0.1093157309911655
82.937875751503,22.405405405405407,,100.0,1.0,100.0,-0.1095801713774282
83.13627254509018,22.405405405405407,,100.0,1.0,100.0,-0.1098462520474032
83.33466933867736,22.405405405405407,,100.0,1.0,100.0,-0.110113979635115
83.53306613226454,22.405405405405407,,100.0,1.0,100.0,-0.1103833612326747
83.7314629258517,22.405405405405407,,100.0,1.0,100.0,-0.1106544044112176
83.92985971943888,22.405405405405407,,100.0,1.0,100.0,-0.110927117242022
84.12825651302606,22.405405405405407,,100.0,1.0,100.0,-0.1112015083178616
84.32665330661322,22.405405405405407,,100.0,1.0,100.0,-0.111477586774471
84.5250501002004,22.405405405405407,,100.0,1.0,100.0,-0.1117553623122573
84.72344689378757,22.405405405405407,,100.0,1.0,100.0,-0.1120348452181447
84.92184368737476,22.405405405405407,,100.0,1.0,100.0,-0.1123160463876342
85.12024048096194,22.405405405405407,,100.0,1.0,100.0,-0.1125989773470425
85.3186372745491,22.405405405405407,,100.0,1.0,100.0,-0.1128836502758945
85.51703406813628,22.405405405405407,,100.0,1.0,100.0,-0.1131700780295305
85.71543086172345,22.405405405405407,,100.0,1.0,100.0,-0.1134582741618868
85.91382765531063,22.405405405405407,,100.0,1.0,100.0,-0.1137482529483979
86.1122244488978,22.405405405405407,,100.0,1.0,100.0,-0.1140400294091948
86.31062124248497,22.405405405405407,,100.0,1.0,100.0,-0.1143336193323772
86.50901803607215,22.405405405405407,,100.0,1.0,100.0,-0.1146290392975215
86.70741482965931,22.405405405405407,,100.0,1.0,100.0,-0.1149263066993372
86.90581162324649,22.405405405405407,,100.0,1.0,100.0,-0.1152254397715153
87.10420841683366,22.405405405405407,,100.0,1.0,100.0,-0.1155264576107886
87.30260521042084,22.405405405405407,,100.0,1.0,100.0,-0.1158293802011132
87.50100200400803,22.405405405405407,,100.0,1.0,100.0,-0.1161342284380756
87.6993987975952,22.405405405405407,,100.0,1.0,100.0,-0.1164410241534634
87.89779559118237,22.405405405405407,,100.0,1.0,100.0,-0.1167497901400246
88.09619238476955,22.405405405405407,,100.0,1.0,100.0,-0.1170605501764036
88.29458917835672,22.405405405405407,,100.0,1.0,100.0,-0.1173733290522608
88.4929859719439,22.405405405405407,,100.0,1.0,100.0,-0.1176881525935888
88.69138276553106,22.405405405405407,,100.0,1.0,100.0,-0.1180050476882191
88.88977955911824,22.405405405405407,,100.0,1.0,100.0,-0.1183240423114466
89.0881763527054,22.405405405405407,,100.0,1.0,100.0,-0.1186451655519607
89.28657314629258,22.405405405405407,,100.0,1.0,100.0,-0.1189684476378792
89.48496993987975,22.405405405405407,,100.0,1.0,100.0,-0.1192939199629684
89.68336673346693,22.405405405405407,,100.0,1.0,100.0,-0.1196216151131273
89.88176352705409,22.405405405405407,,100.0,1.0,100.0,-0.119951566892967
90.08016032064127,22.405405405405407,,100.0,1.0,100.0,-0.1202838103526778
90.27855711422846,22.405405405405407,,100.0,1.0,100.0,-0.1206183818150488
90.47695390781564,22.405405405405407,,100.0,1.0,100.0,-0.120955318902643
90.6753507014028,22.405405405405407,,100.0,1.0,100.0,-0.1212946605652628
90.87374749498998,22.405405405405407,,100.0,1.0,100.0,-0.1216364471075618
91.07214428857715,22.405405405405407,,100.0,1.0,100.0,-0.1219807202168502
91.27054108216433,22.405405405405407,,100.0,1.0,100.0,-0.122327522991143
91.46893787575152,22.405405405405407,,100.0,1.0,100.0,-0.1226768999673995
91.66733466933867,22.405405405405407,,100.0,1.0,100.0,-0.1230288971499548
91.86573146292585,22.405405405405407,,100.0,1.0,100.0,-0.1233835620391938
92.06412825651303,22.405405405405407,,100.0,1.0,100.0,-0.1237409436604286
92.26252505010021,22.405405405405407,,100.0,1.0,100.0,-0.1241010925929835
92.46092184368737,22.405405405405407,,100.0,1.0,100.0,-0.1244640609995227
92.65931863727455,22.405405405405407,,100.0,1.0,100.0,-0.1248299026555603
92.85771543086172,22.405405405405407,,100.0,1.0,100.0,-0.1251986729792467
93.05611222444891,22.405405405405407,,100.0,1.0,100.0,-0.1255704290613633
93.25450901803607,22.405405405405407,,100.0,1.0,100.0,-0.1259452296955036
93.45290581162325,22.405405405405407,,100.0,1.0,100.0,-0.1263231354085756
93.65130260521043,22.405405405405407,,100.0,1.0,100.0,-0.1267042084914875
93.84969939879761,22.405405405405407,,100.0,1.0,100.0,-0.1270885130300436
94.04809619238478,22.405405405405407,,100.0,1.0,100.0,-0.1274761149361524
94.24649298597195,22.405405405405407,,100.0,1.0,100.0,-0.1278670819792796
94.44488977955912,22.405405405405407,,100.0,1.0,100.0,-0.1282614838180523
94.6432865731463,22.405405405405407,,100.0,1.0,100.0,-0.1286593920322647
94.84168336673346,22.405405405405407,,100.0,1.0,100.0,-0.1290608801550123
95.04008016032064,22.405405405405407,,100.0,1.0,100.0,-0.129466023705169
95.2384769539078,22.405405405405407,,100.0,1.0,100.0,-0.1298749002200957
95.43687374749499,22.405405405405407,,100.0,1.0,100.0,-0.130287589288651
95.63527054108215,22.405405405405407,,100.0,1.0,100.0,-0.1307041725843845
95.83366733466936,22.405405405405407,,100.0,1.0,100.0,-0.1311247338991467
96.03206412825652,22.405405405405407,,100.0,1.0,100.0,-0.1315493591768889
96.2304609218437,22.405405405405407,,100.0,1.0,100.0,-0.131978136547714
96.42885771543087,22.405405405405407,,100.0,1.0,100.0,-0.132411156362361
96.62725450901804,22.405405405405407,,100.0,1.0,100.0,-0.1328485112268358
96.82565130260521,22.405405405405407,,100.0,1.0,100.0,-0.1332902960374101
97.02404809619239,22.405405405405407,,100.0,1.0,100.0,-0.133736608015926
97.22244488977958,22.405405405405407,,100.0,1.0,100.0,-0.1341875467453974
97.42084168336673,22.405405405405407,,100.0,1.0,100.0,-0.1346432142059465
97.6192384769539,22.405405405405407,,100.0,1.0,100.0,-0.1351037148109805
97.81763527054107,22.405405405405407,,100.0,1.0,100.0,-0.1355691554438324
98.01603206412825,22.405405405405407,,100.0,1.0,100.0,-0.1360396454945934
98.21442885771542,22.405405405405407,,100.0,1.0,100.0,-0.1365152968973686
98.4128256513026,22.405405405405407,,100.0,1.0,100.0,-0.1369962241678087
98.61122244488979,22.405405405405407,,100.0,1.0,100.0,-0.1374825444410494
98.80961923847698,22.405405405405407,,100.0,1.0,100.0,-0.1379743775099686
99.00801603206413,22.405405405405407,,100.0,1.0,100.0,-0.1384718458637963
99.2064128256513,22.405405405405407,,100.0,1.0,100.0,-0.1389750747270781
99.40480961923848,22.405405405405407,,100.0,1.0,100.0,-0.1394841920990491
99.60320641282564,22.405405405405407,,100.0,1.0,100.0,-0.1399993287933567
99.80160320641282,22.405405405405407,,100.0,1.0,100.0,-0.1405206184781182
100.0,22.405405405405407,,100.0,1.0,100.0,-0.1410481977164823
1.0,25.08108108108108,,100.0,1.0,100.0,-0.2807429930981352
1.1983967935871744,25.08108108108108,,100.0,1.0,100.0,-0.2777701616763554
1.3967935871743486,25.08108108108108,,100.0,1.0,100.0,-0.2748221333789514
1.595190380761523,25.08108108108108,,100.0,1.0,100.0,-0.2718988338721834
1.7935871743486973,25.08108108108108,,100.0,1.0,100.0,-0.2690001926122896
1.9919839679358717,25.08108108108108,,100.0,1.0,100.0,-0.2661261426702502
2.190380761523046,25.08108108108108,,100.0,1.0,100.0,-0.2632766205593222
2.38877755511022,25.08108108108108,,100.0,1.0,100.0,-0.2604515660652801
2.5871743486973946,25.08108108108108,,100.0,1.0,100.0,-0.2576509220793996
2.785571142284569,25.08108108108108,,100.0,1.0,100.0,-0.2548746344341264
2.9839679358717435,25.08108108108108,,100.0,1.0,100.0,-0.2521226517415085
3.182364729458918,25.08108108108108,,100.0,1.0,100.0,-0.2493949252342376
3.380761523046093,25.08108108108108,,100.0,1.0,100.0,-0.2466914086094663
3.579158316633267,25.08108108108108,,100.0,1.0,100.0,-0.2440120578752052
3.7775551102204403,25.08108108108108,,100.0,1.0,100.0,-0.2413568311994728
3.9759519038076157,25.08108108108108,,100.0,1.0,100.0,-0.2387256887620055
4.174348697394789,25.08108108108108,,100.0,1.0,100.0,-0.2361185926086933
4.372745490981964,25.08108108108108,,100.0,1.0,100.0,-0.2335355065085854
4.571142284569138,25.08108108108108,,100.0,1.0,100.0,-0.2309763958135353
4.7695390781563125,25.08108108108108,,100.0,1.0,100.0,-0.2284412273204625
4.967935871743487,25.08108108108108,,100.0,1.0,100.0,-0.2259299691362084
5.166332665330662,25.08108108108108,,100.0,1.0,100.0,-0.2234425905449706
5.364729458917837,25.08108108108108,,100.0,1.0,100.0,-0.2209790618783155
5.563126252505009,25.08108108108108,,100.0,1.0,100.0,-0.2185393543877927
5.761523046092185,25.08108108108108,,100.0,1.0,100.0,-0.2161234401200659
5.959919839679359,25.08108108108108,,100.0,1.0,100.0,-0.2137312917946012
6.158316633266534,25.08108108108108,,100.0,1.0,100.0,-0.2113628826839315
6.356713426853707,25.08108108108108,,100.0,1.0,100.0,-0.209018186496396
6.555110220440882,25.08108108108108,,100.0,1.0,100.0,-0.2066971772614548
6.753507014028057,25.08108108108108,,100.0,1.0,100.0,-0.2043998292174721
6.951903807615231,25.08108108108108,,100.0,1.0,100.0,-0.2021261167020278
7.150300601202405,25.08108108108108,,100.0,1.0,100.0,-0.1998760140447316
7.348697394789579,25.08108108108108,,100.0,1.0,100.0,-0.1976494954624946
7.547094188376754,25.08108108108108,,100.0,1.0,100.0,-0.1954465349573167
7.745490981963927,25.08108108108108,,100.0,1.0,100.0,-0.1932671062165143
7.9438877755511,25.08108108108108,,100.0,1.0,100.0,-0.1911111825154321
8.142284569138276,25.08108108108108,,100.0,1.0,100.0,-0.1889787366225968
8.340681362725451,25.08108108108108,,100.0,1.0,100.0,-0.1868697407073337
8.539078156312625,25.08108108108108,,100.0,1.0,100.0,-0.184784166249811
8.737474949899799,25.08108108108108,,100.0,1.0,100.0,-0.1827219839535358
8.935871743486974,25.08108108108108,,100.0,1.0,100.0,-0.1806831636602476
9.13426853707415,25.08108108108108,,100.0,1.0,100.0,-0.178667674267276
9.332665330661325,25.08108108108108,,100.0,1.0,100.0,-0.1766754836472538
9.531062124248498,25.08108108108108,,100.0,1.0,100.0,-0.1747065585703017
9.729458917835672,25.08108108108108,,100.0,1.0,100.0,-0.1727608646285587
9.927855711422845,25.08108108108108,,100.0,1.0,100.0,-0.1708383661631405
10.126252505010019,25.08108108108108,,100.0,1.0,100.0,-0.1689390261934596
10.324649298597194,25.08108108108108,,100.0,1.0,100.0,-0.1670628063489549
10.52304609218437,25.08108108108108,,100.0,1.0,100.0,-0.165209666803151
10.721442885771543,25.08108108108108,,100.0,1.0,100.0,-0.1633795662101336
10.919839679358718,25.08108108108108,,100.0,1.0,100.0,-0.1615724616433588
11.118236472945892,25.08108108108108,,100.0,1.0,100.0,-0.1597883085367898
11.316633266533067,25.08108108108108,,100.0,1.0,100.0,-0.1580270606284381
11.515030060120242,25.08108108108108,,100.0,1.0,100.0,-0.1562886699061968
11.713426853707414,25.08108108108108,,100.0,1.0,100.0,-0.1545730865560052
11.91182364729459,25.08108108108108,,100.0,1.0,100.0,-0.1528802589123824
12.110220440881761,25.08108108108108,,100.0,1.0,100.0,-0.1512101334112167
12.308617234468937,25.08108108108108,,100.0,1.0,100.0,-0.1495626545448846
12.507014028056114,25.08108108108108,,100.0,1.0,100.0,-0.1479377648197004
12.705410821643287,25.08108108108108,,100.0,1.0,100.0,-0.146335404715596
12.903807615230463,25.08108108108108,,100.0,1.0,100.0,-0.1447555126481274
13.102204408817634,25.08108108108108,,100.0,1.0,100.0,-0.143198024932745
13.30060120240481,25.08108108108108,,100.0,1.0,100.0,-0.1416628757512942
13.498997995991983,25.08108108108108,,100.0,1.0,100.0,-0.1401499971208029
13.697394789579159,25.08108108108108,,100.0,1.0,100.0,-0.1386593188644897
13.895791583166334,25.08108108108108,,100.0,1.0,100.0,-0.1371907685850106
14.094188376753507,25.08108108108108,,100.0,1.0,100.0,-0.1357442716398844
14.292585170340683,25.08108108108108,,100.0,1.0,100.0,-0.1343197511191951
14.490981963927855,25.08108108108108,,100.0,1.0,100.0,-0.1329171278253945
14.689378757515032,25.08108108108108,,100.0,1.0,100.0,-0.1315363202553526
14.887775551102203,25.08108108108108,,100.0,1.0,100.0,-0.1301772445845178
15.086172344689379,25.08108108108108,,100.0,1.0,100.0,-0.128839814653267
15.284569138276554,25.08108108108108,,100.0,1.0,100.0,-0.1275239419553301
15.482965931863726,25.08108108108108,,100.0,1.0,100.0,-0.1262295356283769
15.681362725450903,25.08108108108108,,100.0,1.0,100.0,-0.1249565024466702
15.879759519038075,25.08108108108108,,100.0,1.0,100.0,-0.1237047468158133
16.07815631262525,25.08108108108108,,100.0,1.0,100.0,-0.1224741707695095
16.276553106212425,25.08108108108108,,100.0,1.0,100.0,-0.1212646739684162
16.474949899799597,25.08108108108108,,100.0,1.0,100.0,-0.1200761537009757
16.673346693386772,25.08108108108108,,100.0,1.0,100.0,-0.118908504886224
16.871743486973948,25.08108108108108,,100.0,1.0,100.0,-0.1177616200786275
17.070140280561123,25.08108108108108,,100.0,1.0,100.0,-0.116635389474792
17.2685370741483,25.08108108108108,,100.0,1.0,100.0,-0.1155297009221384
17.466933867735474,25.08108108108108,,100.0,1.0,100.0,-0.1144444399294448
17.66533066132265,25.08108108108108,,100.0,1.0,100.0,-0.1133794896792772
17.86372745490982,25.08108108108108,,100.0,1.0,100.0,-0.1123347310422384
18.062124248496996,25.08108108108108,,100.0,1.0,100.0,-0.1113100425930191
18.260521042084168,25.08108108108108,,100.0,1.0,100.0,-0.1103053006282667
18.458917835671343,25.08108108108108,,100.0,1.0,100.0,-0.1093203791861289
18.657314629258515,25.08108108108108,,100.0,1.0,100.0,-0.1083551500675948
18.85571142284569,25.08108108108108,,100.0,1.0,100.0,-0.1074094828594555
19.054108216432866,25.08108108108108,,100.0,1.0,100.0,-0.1064832449589215
19.252505010020037,25.08108108108108,,100.0,1.0,100.0,-0.1055763015998736
19.450901803607216,25.08108108108108,,100.0,1.0,100.0,-0.1046885158806704
19.649298597194388,25.08108108108108,,100.0,1.0,100.0,-0.1038197487934884
19.847695390781563,25.08108108108108,,100.0,1.0,100.0,-0.1029698592551632
20.04609218436874,25.08108108108108,,100.0,1.0,100.0,-0.1021387041395165
20.244488977955914,25.08108108108108,,100.0,1.0,100.0,-0.1013261383110503
20.442885771543086,25.08108108108108,,100.0,1.0,100.0,-0.1005320146600587
20.64128256513026,25.08108108108108,,100.0,1.0,100.0,-0.0997561841390582
20.839679358717436,25.08108108108108,,100.0,1.0,100.0,-0.0989984958005241
21.03807615230461,25.08108108108108,,100.0,1.0,100.0,-0.0982587968358551
21.236472945891784,25.08108108108108,,100.0,1.0,100.0,-0.0975369326155687
21.43486973947896,25.08108108108108,,100.0,1.0,100.0,-0.096832746730613
21.633266533066134,25.08108108108108,,100.0,1.0,100.0,-0.0961460810348495
21.831663326653306,25.08108108108108,,100.0,1.0,100.0,-0.0954767756885436
22.030060120240485,25.08108108108108,,100.0,1.0,100.0,-0.0948246692029299
22.228456913827657,25.08108108108108,,100.0,1.0,100.0,-0.0941895984857096
22.42685370741483,25.08108108108108,,100.0,1.0,100.0,-0.0935713988874755
22.625250501002007,25.08108108108108,,100.0,1.0,100.0,-0.0929699042490477
22.82364729458918,25.08108108108108,,100.0,1.0,100.0,-0.0923849469495771
23.02204408817635,25.08108108108108,,100.0,1.0,100.0,-0.0918163579555046
23.220440881763523,25.08108108108108,,100.0,1.0,100.0,-0.0912639668701524
23.4188376753507,25.08108108108108,,100.0,1.0,100.0,-0.0907276019840883
23.617234468937873,25.08108108108108,,100.0,1.0,100.0,-0.090207090326052
23.815631262525052,25.08108108108108,,100.0,1.0,100.0,-0.0897022577144981
24.014028056112227,25.08108108108108,,100.0,1.0,100.0,-0.0892129288096473
24.212424849699403,25.08108108108108,,100.0,1.0,100.0,-0.0887389271660318
24.410821643286575,25.08108108108108,,100.0,1.0,100.0,-0.0882800752854774
24.609218436873746,25.08108108108108,,100.0,1.0,100.0,-0.0878361946704327
24.807615230460925,25.08108108108108,,100.0,1.0,100.0,-0.0874071058776883
25.006012024048097,25.08108108108108,,100.0,1.0,100.0,-0.086992628572336
25.20440881763527,25.08108108108108,,100.0,1.0,100.0,-0.0865925815819612
25.402805611222448,25.08108108108108,,100.0,1.0,100.0,-0.086206782951088
25.60120240480962,25.08108108108108,,100.0,1.0,100.0,-0.085835049995694
25.79959919839679,25.08108108108108,,100.0,1.0,100.0,-0.0854771993578693
25.997995991983966,25.08108108108108,,100.0,1.0,100.0,-0.085133047060491
26.196392785571145,25.08108108108108,,100.0,1.0,100.0,-0.0848024085619651
26.394789579158317,25.08108108108108,,100.0,1.0,100.0,-0.0844850988108883
26.59318637274549,25.08108108108108,,100.0,1.0,100.0,-0.0841809323006174
26.791583166332664,25.08108108108108,,100.0,1.0,100.0,-0.0838897231238028
26.98997995991984,25.08108108108108,,100.0,1.0,100.0,-0.0836112850266522
27.188376753507008,25.08108108108108,,100.0,1.0,100.0,-0.0833454314630978
27.386773547094187,25.08108108108108,,100.0,1.0,100.0,-0.0830919756486702
27.585170340681366,25.08108108108108,,100.0,1.0,100.0,-0.0828507306141211
27.783567134268534,25.08108108108108,,100.0,1.0,100.0,-0.0826215092587488
27.98196392785571,25.08108108108108,,100.0,1.0,100.0,-0.0824041244033612
28.180360721442888,25.08108108108108,,100.0,1.0,100.0,-0.0821983888428924
28.378757515030063,25.08108108108108,,100.0,1.0,100.0,-0.0820041153986086
28.577154308617235,25.08108108108108,,100.0,1.0,100.0,-0.0818211169698731
28.7755511022044,25.08108108108108,,100.0,1.0,100.0,-0.081649206585468
28.97394789579158,25.08108108108108,,100.0,1.0,100.0,-0.0814881974544319
29.172344689378757,25.08108108108108,,100.0,1.0,100.0,-0.0813379030163696
29.370741482965926,25.08108108108108,,100.0,1.0,100.0,-0.0811981369912461
29.5691382765531,25.08108108108108,,100.0,1.0,100.0,-0.0810687134286454
29.76753507014028,25.08108108108108,,100.0,1.0,100.0,-0.0809494467564057
29.965931863727448,25.08108108108108,,100.0,1.0,100.0,-0.0808401518287128
30.164328657314627,25.08108108108108,,100.0,1.0,100.0,-0.080740643973579
30.36272545090181,25.08108108108108,,100.0,1.0,100.0,-0.0806507390396731
30.56112224448897,25.08108108108108,,100.0,1.0,100.0,-0.080570253442551
30.759519038076157,25.08108108108108,,100.0,1.0,100.0,-0.080499004210218
30.957915831663332,25.08108108108108,,100.0,1.0,100.0,-0.0804368090280498
31.1563126252505,25.08108108108108,,100.0,1.0,100.0,-0.0803834862830368
31.35470941883768,25.08108108108108,,100.0,1.0,100.0,-0.0803388551073717
31.553106212424858,25.08108108108108,,100.0,1.0,100.0,-0.0803027354213631
31.751503006012022,25.08108108108108,,100.0,1.0,100.0,-0.0802749479756358
31.949899799599194,25.08108108108108,,100.0,1.0,100.0,-0.0802553143927023
32.14829659318637,25.08108108108108,,100.0,1.0,100.0,-0.0802436572078194
32.346693386773545,25.08108108108108,,100.0,1.0,100.0,-0.0802397999091479
32.545090180360724,25.08108108108108,,100.0,1.0,100.0,-0.0802435669772703
32.743486973947896,25.08108108108108,,100.0,1.0,100.0,-0.0802547839239939
32.941883767535074,25.08108108108108,,100.0,1.0,100.0,-0.0802732773304973
33.140280561122246,25.08108108108108,,100.0,1.0,100.0,-0.0802988748847862
33.33867735470942,25.08108108108108,,100.0,1.0,100.0,-0.08033140541851
33.5370741482966,25.08108108108108,,100.0,1.0,100.0,-0.0803706989430911
33.73547094188377,25.08108108108108,,100.0,1.0,100.0,-0.0804165866852005
33.93386773547095,25.08108108108108,,100.0,1.0,100.0,-0.0804689011216309
34.13226452905812,25.08108108108108,,100.0,1.0,100.0,-0.0805274760134431
34.3306613226453,25.08108108108108,,100.0,1.0,100.0,-0.0805921464395792
34.52905811623247,25.08108108108108,,100.0,1.0,100.0,-0.0806627488297846
34.72745490981965,25.08108108108108,,100.0,1.0,100.0,-0.0807391209969525
34.92585170340681,25.08108108108108,,100.0,1.0,100.0,-0.0808211021688435
35.12424849699399,25.08108108108108,,100.0,1.0,100.0,-0.0809085330192228
35.32264529058117,25.08108108108108,,100.0,1.0,100.0,-0.0810012556984081
35.521042084168336,25.08108108108108,,100.0,1.0,100.0,-0.0810991138632395
35.719438877755515,25.08108108108108,,100.0,1.0,100.0,-0.0812019527064781
35.91783567134269,25.08108108108108,,100.0,1.0,100.0,-0.0813096189856595
36.11623246492986,25.08108108108108,,100.0,1.0,100.0,-0.0814219610513716
36.31462925851703,25.08108108108108,,100.0,1.0,100.0,-0.0815388288749998
36.51302605210421,25.08108108108108,,100.0,1.0,100.0,-0.0816600740759573
36.71142284569138,25.08108108108108,,100.0,1.0,100.0,-0.0817855499483261
36.90981963927855,25.08108108108108,,100.0,1.0,100.0,-0.0819151114870562
37.10821643286573,25.08108108108108,,100.0,1.0,100.0,-0.082048615413546
37.3066132264529,25.08108108108108,,100.0,1.0,100.0,-0.0821859202008042
37.505010020040075,25.08108108108108,,100.0,1.0,100.0,-0.0823268860980234
37.703406813627254,25.08108108108108,,100.0,1.0,100.0,-0.0824713751546711
37.90180360721443,25.08108108108108,,100.0,1.0,100.0,-0.0826192512440794
38.100200400801604,25.08108108108108,,100.0,1.0,100.0,-0.0827703800864969
38.298597194388776,25.08108108108108,,100.0,1.0,100.0,-0.0829246292716616
38.496993987975955,25.08108108108108,,100.0,1.0,100.0,-0.0830818682808263
38.69539078156313,25.08108108108108,,100.0,1.0,100.0,-0.0832419685082885
38.8937875751503,25.08108108108108,,100.0,1.0,100.0,-0.0834048032823676
39.09218436873748,25.08108108108108,,100.0,1.0,100.0,-0.0835702478858932
39.29058116232465,25.08108108108108,,100.0,1.0,100.0,-0.0837381795761254
39.48897795591183,25.08108108108108,,100.0,1.0,100.0,-0.0839084776041434
39.687374749499,25.08108108108108,,100.0,1.0,100.0,-0.0840810232336677
39.88577154308617,25.08108108108108,,100.0,1.0,100.0,-0.0842556997593098
40.08416833667335,25.08108108108108,,100.0,1.0,100.0,-0.0844323925242729
40.28256513026052,25.08108108108108,,100.0,1.0,100.0,-0.08461098893742
40.4809619238477,25.08108108108108,,100.0,1.0,100.0,-0.0847913784897675
40.67935871743487,25.08108108108108,,100.0,1.0,100.0,-0.0849734527703334
40.877755511022045,25.08108108108108,,100.0,1.0,100.0,-0.0851571054813529
41.07615230460922,25.08108108108108,,100.0,1.0,100.0,-0.0853422324528357
41.274549098196395,25.08108108108108,,100.0,1.0,100.0,-0.085528731656447
41.47294589178357,25.08108108108108,,100.0,1.0,100.0,-0.0857165032186876
41.671342685370746,25.08108108108108,,100.0,1.0,100.0,-0.0859054494333697
41.86973947895792,25.08108108108108,,100.0,1.0,100.0,-0.0860954747733305
42.06813627254509,25.08108108108108,,100.0,1.0,100.0,-0.0862864859014238
42.26653306613227,25.08108108108108,,100.0,1.0,100.0,-0.0864783916806861
42.46492985971944,25.08108108108108,,100.0,1.0,100.0,-0.0866711031837326
42.66332665330661,25.08108108108108,,100.0,1.0,100.0,-0.0868645337013128
42.861723446893784,25.08108108108108,,100.0,1.0,100.0,-0.0870585987500144
43.06012024048097,25.08108108108108,,100.0,1.0,100.0,-0.0872532160791041
43.25851703406814,25.08108108108108,,100.0,1.0,100.0,-0.0874483056764541
43.45691382765531,25.08108108108108,,100.0,1.0,100.0,-0.0876437897735833
43.655310621242485,25.08108108108108,,100.0,1.0,100.0,-0.0878395928496952
43.85370741482966,25.08108108108108,,100.0,1.0,100.0,-0.0880356416348405
44.05210420841683,25.08108108108108,,100.0,1.0,100.0,-0.0882318651120038
44.250501002004015,25.08108108108108,,100.0,1.0,100.0,-0.088428194518241
44.448897795591186,25.08108108108108,,100.0,1.0,100.0,-0.0886245633447673
44.64729458917836,25.08108108108108,,100.0,1.0,100.0,-0.0888209073360165
44.84569138276553,25.08108108108108,,100.0,1.0,100.0,-0.0890171644875914
45.0440881763527,25.08108108108108,,100.0,1.0,100.0,-0.0892132750431822
45.24248496993987,25.08108108108108,,100.0,1.0,100.0,-0.0894091814903608
45.440881763527045,25.08108108108108,,100.0,1.0,100.0,-0.0896048285552458
45.63927855711423,25.08108108108108,,100.0,1.0,100.0,-0.089800163196073
45.8376753507014,25.08108108108108,,100.0,1.0,100.0,-0.0899951345955846
46.036072144288575,25.08108108108108,,100.0,1.0,100.0,-0.0901896941523193
46.23446893787575,25.08108108108108,,100.0,1.0,100.0,-0.0903837954706721
46.43286573146293,25.08108108108108,,100.0,1.0,100.0,-0.0905773943498613
46.631262525050104,25.08108108108108,,100.0,1.0,100.0,-0.0907704487716559
46.829659318637276,25.08108108108108,,100.0,1.0,100.0,-0.0909629188869827
47.028056112224455,25.08108108108108,,100.0,1.0,100.0,-0.0911547670012963
47.22645290581163,25.08108108108108,,100.0,1.0,100.0,-0.0913459575588578
47.424849699398806,25.08108108108108,,100.0,1.0,100.0,-0.0915364571257199
47.62324649298598,25.08108108108108,,100.0,1.0,100.0,-0.091726234371667
47.82164328657315,25.08108108108108,,100.0,1.0,100.0,-0.091915260050888
48.02004008016032,25.08108108108108,,100.0,1.0,100.0,-0.0921035069815849
48.21843687374749,25.08108108108108,,100.0,1.0,100.0,-0.0922909500243502
48.41683366733468,25.08108108108108,,100.0,1.0,100.0,-0.0924775660594958
48.615230460921836,25.08108108108108,,100.0,1.0,100.0,-0.0926633339632051
48.81362725450902,25.08108108108108,,100.0,1.0,100.0,-0.0928482345826531
49.012024048096194,25.08108108108108,,100.0,1.0,100.0,-0.0930322507099841
49.21042084168337,25.08108108108108,,100.0,1.0,100.0,-0.0932153670552884
49.40881763527054,25.08108108108108,,100.0,1.0,100.0,-0.0933975702185214
49.60721442885771,25.08108108108108,,100.0,1.0,100.0,-0.0935788486604413
49.805611222444895,25.08108108108108,,100.0,1.0,100.0,-0.093759192672553
50.00400801603207,25.08108108108108,,100.0,1.0,100.0,-0.093938594346136
50.20240480961924,25.08108108108108,,100.0,1.0,100.0,-0.0941170475403284
50.40080160320641,25.08108108108108,,100.0,1.0,100.0,-0.094294547849368
50.59919839679358,25.08108108108108,,100.0,1.0,100.0,-0.0944710925689584
50.79759519038077,25.08108108108108,,100.0,1.0,100.0,-0.0946466806618799
50.99599198396793,25.08108108108108,,100.0,1.0,100.0,-0.0948213127227844
51.19438877755511,25.08108108108108,,100.0,1.0,100.0,-0.0949949909422982
51.39278557114229,25.08108108108108,,100.0,1.0,100.0,-0.0951677190704439
51.59118236472946,25.08108108108108,,100.0,1.0,100.0,-0.0953395023794116
51.789579158316634,25.08108108108108,,100.0,1.0,100.0,-0.0955103476257566
51.987975951903806,25.08108108108108,,100.0,1.0,100.0,-0.0956802630120121
52.18637274549098,25.08108108108108,,100.0,1.0,100.0,-0.0958492581478615
52.38476953907816,25.08108108108108,,100.0,1.0,100.0,-0.096017344010774
52.583166332665336,25.08108108108108,,100.0,1.0,100.0,-0.0961845329063257
52.78156312625251,25.08108108108108,,100.0,1.0,100.0,-0.0963508384280831
52.97995991983967,25.08108108108108,,100.0,1.0,100.0,-0.0965162754172292
53.17835671342685,25.08108108108108,,100.0,1.0,100.0,-0.0966808599218954
53.37675350701403,25.08108108108108,,100.0,1.0,100.0,-0.0968446091562996
53.57515030060121,25.08108108108108,,100.0,1.0,100.0,-0.0970075414597305
53.77354709418837,25.08108108108108,,100.0,1.0,100.0,-0.0971696762553916
53.97194388777555,25.08108108108108,,100.0,1.0,100.0,-0.0973310340091927
54.17034068136273,25.08108108108108,,100.0,1.0,100.0,-0.0974916361885315
54.368737474949896,25.08108108108108,,100.0,1.0,100.0,-0.0976515052211011
54.567134268537075,25.08108108108108,,100.0,1.0,100.0,-0.0978106644537717
54.765531062124246,25.08108108108108,,100.0,1.0,100.0,-0.097969138111611
54.96392785571142,25.08108108108108,,100.0,1.0,100.0,-0.0981269512570439
55.1623246492986,25.08108108108108,,100.0,1.0,100.0,-0.0982841297492688
55.360721442885776,25.08108108108108,,100.0,1.0,100.0,-0.0984407002039008
55.55911823647295,25.08108108108108,,100.0,1.0,100.0,-0.0985966899529395
55.75751503006013,25.08108108108108,,100.0,1.0,100.0,-0.0987521270050503
55.95591182364729,25.08108108108108,,100.0,1.0,100.0,-0.0989070400062713
56.15430861723447,25.08108108108108,,100.0,1.0,100.0,-0.0990614582010883
56.35270541082165,25.08108108108108,,100.0,1.0,100.0,-0.0992154113940285
56.551102204408814,25.08108108108108,,100.0,1.0,100.0,-0.0993689299116881
56.74949899799599,25.08108108108108,,100.0,1.0,100.0,-0.0995220445653327
56.94789579158316,25.08108108108108,,100.0,1.0,100.0,-0.0996747866140422
57.146292585170336,25.08108108108108,,100.0,1.0,100.0,-0.0998271877284542
57.3446893787575,25.08108108108108,,100.0,1.0,100.0,-0.0999792799550982
57.543086172344694,25.08108108108108,,100.0,1.0,100.0,-0.1001310956814326
57.74148296593185,25.08108108108108,,100.0,1.0,100.0,-0.1002826676014959
57.93987975951904,25.08108108108108,,100.0,1.0,100.0,-0.100434028682299
58.13827655310623,25.08108108108108,,100.0,1.0,100.0,-0.1005852121309018
58.336673346693395,25.08108108108108,,100.0,1.0,100.0,-0.1007362513622681
58.535070140280574,25.08108108108108,,100.0,1.0,100.0,-0.1008871799678233
58.73346693386774,25.08108108108108,,100.0,1.0,100.0,-0.1010380316848374
58.9318637274549,25.08108108108108,,100.0,1.0,100.0,-0.1011888403665648
59.13026052104208,25.08108108108108,,100.0,1.0,100.0,-0.1013396399531909
59.32865731462926,25.08108108108108,,100.0,1.0,100.0,-0.1014904644435688
59.52705410821644,25.08108108108108,,100.0,1.0,100.0,-0.1016413478678277
59.72545090180361,25.08108108108108,,100.0,1.0,100.0,-0.1017923242607655
59.92384769539078,25.08108108108108,,100.0,1.0,100.0,-0.1019434276360754
60.12224448897794,25.08108108108108,,100.0,1.0,100.0,-0.1020946919614101
60.32064128256512,25.08108108108108,,100.0,1.0,100.0,-0.1022461511343097
60.51903807615231,25.08108108108108,,100.0,1.0,100.0,-0.1023978389589659
60.717434869739485,25.08108108108108,,100.0,1.0,100.0,-0.1025497891237605
60.915831663326664,25.08108108108108,,100.0,1.0,100.0,-0.1027020351797654
61.114228456913835,25.08108108108108,,100.0,1.0,100.0,-0.1028546105199346
61.312625250501,25.08108108108108,,100.0,1.0,100.0,-0.1030075483592535
61.51102204408818,25.08108108108108,,100.0,1.0,100.0,-0.1031608817156229
61.709418837675344,25.08108108108108,,100.0,1.0,100.0,-0.1033146433916182
61.90781563126252,25.08108108108108,,100.0,1.0,100.0,-0.1034688659569921
62.1062124248497,25.08108108108108,,100.0,1.0,100.0,-0.1036235817320654
62.30460921843688,25.08108108108108,,100.0,1.0,100.0,-0.1037788227718543
62.50300601202406,25.08108108108108,,100.0,1.0,100.0,-0.1039346208509454
62.701402805611224,25.08108108108108,,100.0,1.0,100.0,-0.1040910074492311
62.89979959919839,25.08108108108108,,100.0,1.0,100.0,-0.1042480137383153
63.09819639278557,25.08108108108108,,100.0,1.0,100.0,-0.1044056705687004
63.296593186372746,25.08108108108108,,100.0,1.0,100.0,-0.1045640084577098
63.494989979959925,25.08108108108108,,100.0,1.0,100.0,-0.1047230575781147
63.69338677354709,25.08108108108108,,100.0,1.0,100.0,-0.1048828477474539
63.89178356713427,25.08108108108108,,100.0,1.0,100.0,-0.1050434084180407
64.09018036072143,25.08108108108108,,100.0,1.0,100.0,-0.1052047686676903
64.28857715430863,25.08108108108108,,100.0,1.0,100.0,-0.105366957191017
64.48697394789579,25.08108108108108,,100.0,1.0,100.0,-0.1055300022914458
64.68537074148296,25.08108108108108,,100.0,1.0,100.0,-0.1056939318738223
64.88376753507015,25.08108108108108,,100.0,1.0,100.0,-0.1058587734376184
65.08216432865731,25.08108108108108,,100.0,1.0,100.0,-0.1060245540707798
65.28056112224449,25.08108108108108,,100.0,1.0,100.0,-0.1061913004440811
65.47895791583166,25.08108108108108,,100.0,1.0,100.0,-0.1063590388061153
65.67735470941884,25.08108108108108,,100.0,1.0,100.0,-0.1065277949787931
65.87575150300601,25.08108108108108,,100.0,1.0,100.0,-0.1066975943533802
66.0741482965932,25.08108108108108,,100.0,1.0,100.0,-0.1068684618870601
66.27254509018036,25.08108108108108,,100.0,1.0,100.0,-0.1070404221000164
66.47094188376754,25.08108108108108,,100.0,1.0,100.0,-0.1072134990729621
66.66933867735472,25.08108108108108,,100.0,1.0,100.0,-0.1073877164451939
66.8677354709419,25.08108108108108,,100.0,1.0,100.0,-0.1075630974130958
67.06613226452906,25.08108108108108,,100.0,1.0,100.0,-0.107739664729057
67.26452905811624,25.08108108108108,,100.0,1.0,100.0,-0.107917440700887
67.4629258517034,25.08108108108108,,100.0,1.0,100.0,-0.1080964471916352
67.6613226452906,25.08108108108108,,100.0,1.0,100.0,-0.1082767056197735
67.85971943887776,25.08108108108108,,100.0,1.0,100.0,-0.1084582369598723
68.05811623246494,25.08108108108108,,100.0,1.0,100.0,-0.1086410617436065
68.2565130260521,25.08108108108108,,100.0,1.0,100.0,-0.1088252000611504
68.45490981963928,25.08108108108108,,100.0,1.0,100.0,-0.1090106715629665
68.65330661322645,25.08108108108108,,100.0,1.0,100.0,-0.1091974954619504
68.85170340681363,25.08108108108108,,100.0,1.0,100.0,-0.109385690535904
69.05010020040079,25.08108108108108,,100.0,1.0,100.0,-0.1095752751303906
69.24849699398798,25.08108108108108,,100.0,1.0,100.0,-0.1097662671619335
69.44689378757515,25.08108108108108,,100.0,1.0,100.0,-0.109958684121457
69.64529058116234,25.08108108108108,,100.0,1.0,100.0,-0.1101525430782089
69.84368737474949,25.08108108108108,,100.0,1.0,100.0,-0.110347860683835
70.04208416833667,25.08108108108108,,100.0,1.0,100.0,-0.1105446531768774
70.24048096192385,25.08108108108108,,100.0,1.0,100.0,-0.110742936387533
70.43887775551103,25.08108108108108,,100.0,1.0,100.0,-0.1109427257427173
70.6372745490982,25.08108108108108,,100.0,1.0,100.0,-0.1111440362714342
70.83567134268537,25.08108108108108,,100.0,1.0,100.0,-0.1113468826103988
71.03406813627254,25.08108108108108,,100.0,1.0,100.0,-0.1115512790100213
71.23246492985973,25.08108108108108,,100.0,1.0,100.0,-0.1117572393406024
71.4308617234469,25.08108108108108,,100.0,1.0,100.0,-0.1119647770988169
71.62925851703406,25.08108108108108,,100.0,1.0,100.0,-0.1121739054145476
71.82765531062124,25.08108108108108,,100.0,1.0,100.0,-0.1123846370578492
72.0260521042084,25.08108108108108,,100.0,1.0,100.0,-0.1125969844463723
72.2244488977956,25.08108108108108,,100.0,1.0,100.0,-0.1128109596528763
72.42284569138276,25.08108108108108,,100.0,1.0,100.0,-0.113026574413099
72.62124248496994,25.08108108108108,,100.0,1.0,100.0,-0.1132438401339118
72.8196392785571,25.08108108108108,,100.0,1.0,100.0,-0.1134627679016646
73.01803607214428,25.08108108108108,,100.0,1.0,100.0,-0.1136833684908337
73.21643286573146,25.08108108108108,,100.0,1.0,100.0,-0.1139056523729491
73.41482965931863,25.08108108108108,,100.0,1.0,100.0,-0.1141296297257215
73.6132264529058,25.08108108108108,,100.0,1.0,100.0,-0.1143553104424881
73.81162324649299,25.08108108108108,,100.0,1.0,100.0,-0.1145827041418618
74.01002004008016,25.08108108108108,,100.0,1.0,100.0,-0.1148118201776765
74.20841683366733,25.08108108108108,,100.0,1.0,100.0,-0.1150426676491505
74.40681362725451,25.08108108108108,,100.0,1.0,100.0,-0.1152752554113398
74.60521042084169,25.08108108108108,,100.0,1.0,100.0,-0.1155095920857968
74.80360721442887,25.08108108108108,,100.0,1.0,100.0,-0.1157456860715393
75.00200400801603,25.08108108108108,,100.0,1.0,100.0,-0.1159835455562116
75.20040080160321,25.08108108108108,,100.0,1.0,100.0,-0.1162231785275322
75.39879759519039,25.08108108108108,,100.0,1.0,100.0,-0.1164645927849696
75.59719438877755,25.08108108108108,,100.0,1.0,100.0,-0.116707795951674
75.79559118236472,25.08108108108108,,100.0,1.0,100.0,-0.116952795486683
75.99398797595191,25.08108108108108,,100.0,1.0,100.0,-0.1171995986973217
76.19238476953907,25.08108108108108,,100.0,1.0,100.0,-0.1174482127518583
76.39078156312625,25.08108108108108,,100.0,1.0,100.0,-0.1176986446924698
76.58917835671345,25.08108108108108,,100.0,1.0,100.0,-0.117950901448353
76.7875751503006,25.08108108108108,,100.0,1.0,100.0,-0.1182049898491662
76.98597194388778,25.08108108108108,,100.0,1.0,100.0,-0.1184609166386263
77.18436873747495,25.08108108108108,,100.0,1.0,100.0,-0.118718688488449
77.38276553106212,25.08108108108108,,100.0,1.0,100.0,-0.118978312012428
77.5811623246493,25.08108108108108,,100.0,1.0,100.0,-0.1192397937808139
77.77955911823646,25.08108108108108,,100.0,1.0,100.0,-0.1195031403349211
77.97795591182366,25.08108108108108,,100.0,1.0,100.0,-0.1197683582019474
78.1763527054108,25.08108108108108,,100.0,1.0,100.0,-0.1200354539100624
78.374749498998,25.08108108108108,,100.0,1.0,100.0,-0.1203044340037087
78.5731462925852,25.08108108108108,,100.0,1.0,100.0,-0.1205753050591175
78.77154308617234,25.08108108108108,,100.0,1.0,100.0,-0.1208480737000925
78.96993987975952,25.08108108108108,,100.0,1.0,100.0,-0.1211227466140224
79.1683366733467,25.08108108108108,,100.0,1.0,100.0,-0.1213993305680752
79.36673346693387,25.08108108108108,,100.0,1.0,100.0,-0.1216778324256664
79.56513026052104,25.08108108108108,,100.0,1.0,100.0,-0.1219582591631347
79.76352705410822,25.08108108108108,,100.0,1.0,100.0,-0.1222406178866244
79.9619238476954,25.08108108108108,,100.0,1.0,100.0,-0.1225249158492332
80.16032064128257,25.08108108108108,,100.0,1.0,100.0,-0.1228111604683475
80.35871743486975,25.08108108108108,,100.0,1.0,100.0,-0.1230993593431907
80.55711422845691,25.08108108108108,,100.0,1.0,100.0,-0.1233895202726025
80.75551102204409,25.08108108108108,,100.0,1.0,100.0,-0.1236816512730404
80.95390781563127,25.08108108108108,,100.0,1.0,100.0,-0.1239757605967855
81.15230460921843,25.08108108108108,,100.0,1.0,100.0,-0.1242718567503665
81.35070140280563,25.08108108108108,,100.0,1.0,100.0,-0.1245699485131895
81.54909819639279,25.08108108108108,,100.0,1.0,100.0,-0.1248700449563547
81.74749498997996,25.08108108108108,,100.0,1.0,100.0,-0.1251721554617468
81.94589178356713,25.08108108108108,,100.0,1.0,100.0,-0.1254762897412611
82.14428857715431,25.08108108108108,,100.0,1.0,100.0,-0.1257824578562715
82.34268537074149,25.08108108108108,,100.0,1.0,100.0,-0.1260906702373014
82.54108216432866,25.08108108108108,,100.0,1.0,100.0,-0.1264009377038544
82.73947895791585,25.08108108108108,,100.0,1.0,100.0,-0.126713271484541
82.937875751503,25.08108108108108,,100.0,1.0,100.0,-0.1270276832372932
83.13627254509018,25.08108108108108,,100.0,1.0,100.0,-0.1273441850698676
83.33466933867736,25.08108108108108,,100.0,1.0,100.0,-0.127662789560461
83.53306613226454,25.08108108108108,,100.0,1.0,100.0,-0.1279835097786041
83.7314629258517,25.08108108108108,,100.0,1.0,100.0,-0.1283063593062117
83.92985971943888,25.08108108108108,,100.0,1.0,100.0,-0.1286313522588164
84.12825651302606,25.08108108108108,,100.0,1.0,100.0,-0.1289585033070089
84.32665330661322,25.08108108108108,,100.0,1.0,100.0,-0.1292878276980726
84.5250501002004,25.08108108108108,,100.0,1.0,100.0,-0.1296193412778132
84.72344689378757,25.08108108108108,,100.0,1.0,100.0,-0.1299530605125559
84.92184368737476,25.08108108108108,,100.0,1.0,100.0,-0.1302890025113547
85.12024048096194,25.08108108108108,,100.0,1.0,100.0,-0.1306271850483988
85.3186372745491,25.08108108108108,,100.0,1.0,100.0,-0.1309676265855668
85.51703406813628,25.08108108108108,,100.0,1.0,100.0,-0.1313103462952024
85.71543086172345,25.08108108108108,,100.0,1.0,100.0,-0.1316553640831059
85.91382765531063,25.08108108108108,,100.0,1.0,100.0,-0.1320027006116088
86.1122244488978,25.08108108108108,,100.0,1.0,100.0,-0.1323523773229608
86.31062124248497,25.08108108108108,,100.0,1.0,100.0,-0.1327044164628414
86.50901803607215,25.08108108108108,,100.0,1.0,100.0,-0.1330588411040389
86.70741482965931,25.08108108108108,,100.0,1.0,100.0,-0.1334156751703716
86.90581162324649,25.08108108108108,,100.0,1.0,100.0,-0.1337749434607481
87.10420841683366,25.08108108108108,,100.0,1.0,100.0,-0.1341366716734404
87.30260521042084,25.08108108108108,,100.0,1.0,100.0,-0.1345008864305531
87.50100200400803,25.08108108108108,,100.0,1.0,100.0,-0.1348676153026482
87.6993987975952,25.08108108108108,,100.0,1.0,100.0,-0.1352368868335821
87.89779559118237,25.08108108108108,,100.0,1.0,100.0,-0.1356087305655368
88.09619238476955,25.08108108108108,,100.0,1.0,100.0,-0.1359831770642284
88.29458917835672,25.08108108108108,,100.0,1.0,100.0,-0.1363602579443125
88.4929859719439,25.08108108108108,,100.0,1.0,100.0,-0.1367400058949545
88.69138276553106,25.08108108108108,,100.0,1.0,100.0,-0.1371224547056754
88.88977955911824,25.08108108108108,,100.0,1.0,100.0,-0.1375076392922573
89.0881763527054,25.08108108108108,,100.0,1.0,100.0,-0.1378955957229856
89.28657314629258,25.08108108108108,,100.0,1.0,100.0,-0.1382863612449864
89.48496993987975,25.08108108108108,,100.0,1.0,100.0,-0.138679974310793
89.68336673346693,25.08108108108108,,100.0,1.0,100.0,-0.1390764746051477
89.88176352705409,25.08108108108108,,100.0,1.0,100.0,-0.1394759030719359
90.08016032064127,25.08108108108108,,100.0,1.0,100.0,-0.1398783019413596
90.27855711422846,25.08108108108108,,100.0,1.0,100.0,-0.1402837147573431
90.47695390781564,25.08108108108108,,100.0,1.0,100.0,-0.1406921864050787
90.6753507014028,25.08108108108108,,100.0,1.0,100.0,-0.1411037631388166
90.87374749498998,25.08108108108108,,100.0,1.0,100.0,-0.1415184926098883
91.07214428857715,25.08108108108108,,100.0,1.0,100.0,-0.1419364238948758
91.27054108216433,25.08108108108108,,100.0,1.0,100.0,-0.1423576075240621
91.46893787575152,25.08108108108108,,100.0,1.0,100.0,-0.1427820955100378
91.66733466933867,25.08108108108108,,100.0,1.0,100.0,-0.1432099413765802
91.86573146292585,25.08108108108108,,100.0,1.0,100.0,-0.1436412001877269
92.06412825651303,25.08108108108108,,100.0,1.0,100.0,-0.1440759285770375
92.26252505010021,25.08108108108108,,100.0,1.0,100.0,-0.1445141847771426
92.46092184368737,25.08108108108108,,100.0,1.0,100.0,-0.1449560286494894
92.65931863727455,25.08108108108108,,100.0,1.0,100.0,-0.1454015217143106
92.85771543086172,25.08108108108108,,100.0,1.0,100.0,-0.1458507271808508
93.05611222444891,25.08108108108108,,100.0,1.0,100.0,-0.1463037099778024
93.25450901803607,25.08108108108108,,100.0,1.0,100.0,-0.1467605367839868
93.45290581162325,25.08108108108108,,100.0,1.0,100.0,-0.1472212760592885
93.65130260521043,25.08108108108108,,100.0,1.0,100.0,-0.1476859980758554
93.84969939879761,25.08108108108108,,100.0,1.0,100.0,-0.14815477494949
94.04809619238478,25.08108108108108,,100.0,1.0,100.0,-0.1486276806713197
94.24649298597195,25.08108108108108,,100.0,1.0,100.0,-0.1491047911397668
94.44488977955912,25.08108108108108,,100.0,1.0,100.0,-0.1495861841926854
94.6432865731463,25.08108108108108,,100.0,1.0,100.0,-0.1500719396398689
94.84168336673346,25.08108108108108,,100.0,1.0,100.0,-0.1505621392957391
95.04008016032064,25.08108108108108,,100.0,1.0,100.0,-0.1510568670123093
95.2384769539078,25.08108108108108,,100.0,1.0,100.0,-0.1515562087125097
95.43687374749499,25.08108108108108,,100.0,1.0,100.0,-0.1520602524236761
95.63527054108215,25.08108108108108,,100.0,1.0,100.0,-0.1525690883113882
95.83366733466936,25.08108108108108,,100.0,1.0,100.0,-0.1530828087135782
96.03206412825652,25.08108108108108,,100.0,1.0,100.0,-0.1536015081749462
96.2304609218437,25.08108108108108,,100.0,1.0,100.0,-0.1541252834816138
96.42885771543087,25.08108108108108,,100.0,1.0,100.0,-0.154654233696152
96.62725450901804,25.08108108108108,,100.0,1.0,100.0,-0.1551884601928866
96.82565130260521,25.08108108108108,,100.0,1.0,100.0,-0.1557280666934432
97.02404809619239,25.08108108108108,,100.0,1.0,100.0,-0.1562731593027486
97.22244488977958,25.08108108108108,,100.0,1.0,100.0,-0.1568238465451784
97.42084168336673,25.08108108108108,,100.0,1.0,100.0,-0.1573802394012055
97.6192384769539,25.08108108108108,,100.0,1.0,100.0,-0.1579424513442126
97.81763527054107,25.08108108108108,,100.0,1.0,100.0,-0.1585105983777409
98.01603206412825,25.08108108108108,,100.0,1.0,100.0,-0.1590847990730471
98.21442885771542,25.08108108108108,,100.0,1.0,100.0,-0.1596651746070175
98.4128256513026,25.08108108108108,,100.0,1.0,100.0,-0.1602518488003921
98.61122244488979,25.08108108108108,,100.0,1.0,100.0,-0.1608449481563578
98.80961923847698,25.08108108108108,,100.0,1.0,100.0,-0.1614446018995698
99.00801603206413,25.08108108108108,,100.0,1.0,100.0,-0.1620509420154181
99.2064128256513,25.08108108108108,,100.0,1.0,100.0,-0.1626641032897543
99.40480961923848,25.08108108108108,,100.0,1.0,100.0,-0.1632842233489864
99.60320641282564,25.08108108108108,,100.0,1.0,100.0,-0.1639114427004921
99.80160320641282,25.08108108108108,,100.0,1.0,100.0,-0.1645459047735294
100.0,25.08108108108108,,100.0,1.0,100.0,-0.1651877559604264
1.0,27.756756756756758,,100.0,1.0,100.0,-0.2877357299888966
1.1983967935871744,27.756756756756758,,100.0,1.0,100.0,-0.2847385328797253
1.3967935871743486,27.756756756756758,,100.0,1.0,100.0,-0.2817664353719765
1.595190380761523,27.756756756756758,,100.0,1.0,100.0,-0.2788193802504563
1.7935871743486973,27.756756756756758,,100.0,1.0,100.0,-0.2758973134950089
1.9919839679358717,27.756756756756758,,100.0,1.0,100.0,-0.2730001841159869
2.190380761523046,27.756756756756758,,100.0,1.0,100.0,-0.2701279439923598
2.38877755511022,27.756756756756758,,100.0,1.0,100.0,-0.2672805477125059
2.5871743486973946,27.756756756756758,,100.0,1.0,100.0,-0.2644579524176482
2.785571142284569,27.756756756756758,,100.0,1.0,100.0,-0.2616601176478974
2.9839679358717435,27.756756756756758,,100.0,1.0,100.0,-0.2588870051909284
3.182364729458918,27.756756756756758,,100.0,1.0,100.0,-0.2561385789332727
3.380761523046093,27.756756756756758,,100.0,1.0,100.0,-0.2534148047141829
3.579158316633267,27.756756756756758,,100.0,1.0,100.0,-0.2507156501820693
3.7775551102204403,27.756756756756758,,100.0,1.0,100.0,-0.2480410846535191
3.9759519038076157,27.756756756756758,,100.0,1.0,100.0,-0.2453910789748475
4.174348697394789,27.756756756756758,,100.0,1.0,100.0,-0.2427656053861951
4.372745490981964,27.756756756756758,,100.0,1.0,100.0,-0.2401646373881702
4.571142284569138,27.756756756756758,,100.0,1.0,100.0,-0.2375881496109544
4.7695390781563125,27.756756756756758,,100.0,1.0,100.0,-0.2350361176859594
4.967935871743487,27.756756756756758,,100.0,1.0,100.0,-0.2325085181199599
5.166332665330662,27.756756756756758,,100.0,1.0,100.0,-0.2300053281716845
5.364729458917837,27.756756756756758,,100.0,1.0,100.0,-0.2275265257308995
5.563126252505009,27.756756756756758,,100.0,1.0,100.0,-0.2250720891999424
5.761523046092185,27.756756756756758,,100.0,1.0,100.0,-0.2226419973776842
5.959919839679359,27.756756756756758,,100.0,1.0,100.0,-0.2202362293459721
6.158316633266534,27.756756756756758,,100.0,1.0,100.0,-0.2178547643584449
6.356713426853707,27.756756756756758,,100.0,1.0,100.0,-0.2154975817318048
6.555110220440882,27.756756756756758,,100.0,1.0,100.0,-0.2131646607394818
6.753507014028057,27.756756756756758,,100.0,1.0,100.0,-0.2108559805077069
6.951903807615231,27.756756756756758,,100.0,1.0,100.0,-0.2085715199139459
7.150300601202405,27.756756756756758,,100.0,1.0,100.0,-0.2063112574877756
7.348697394789579,27.756756756756758,,100.0,1.0,100.0,-0.2040751713140672
7.547094188376754,27.756756756756758,,100.0,1.0,100.0,-0.2018632389385889
7.745490981963927,27.756756756756758,,100.0,1.0,100.0,-0.1996754372759237
7.9438877755511,27.756756756756758,,100.0,1.0,100.0,-0.1975117425197889
8.142284569138276,27.756756756756758,,100.0,1.0,100.0,-0.1953721300556588
8.340681362725451,27.756756756756758,,100.0,1.0,100.0,-0.1932565743757347
8.539078156312625,27.756756756756758,,100.0,1.0,100.0,-0.1911650489962776
8.737474949899799,27.756756756756758,,100.0,1.0,100.0,-0.1890975263772074
8.935871743486974,27.756756756756758,,100.0,1.0,100.0,-0.1870539778441046
9.13426853707415,27.756756756756758,,100.0,1.0,100.0,-0.1850343735124164
9.332665330661325,27.756756756756758,,100.0,1.0,100.0,-0.1830386822140838
9.531062124248498,27.756756756756758,,100.0,1.0,100.0,-0.18106687142639
9.729458917835672,27.756756756756758,,100.0,1.0,100.0,-0.1791189072031402
9.927855711422845,27.756756756756758,,100.0,1.0,100.0,-0.1771947541081175
10.126252505010019,27.756756756756758,,100.0,1.0,100.0,-0.1752943751508367
10.324649298597194,27.756756756756758,,100.0,1.0,100.0,-0.1734177317245557
10.52304609218437,27.756756756756758,,100.0,1.0,100.0,-0.1715647835466045
10.721442885771543,27.756756756756758,,100.0,1.0,100.0,-0.169735488600903
10.919839679358718,27.756756756756758,,100.0,1.0,100.0,-0.1679298030828336
11.118236472945892,27.756756756756758,,100.0,1.0,100.0,-0.1661476813462943
11.316633266533067,27.756756756756758,,100.0,1.0,100.0,-0.1643890758530536
11.515030060120242,27.756756756756758,,100.0,1.0,100.0,-0.1626539371243039
11.713426853707414,27.756756756756758,,100.0,1.0,100.0,-0.160942213694497
11.91182364729459,27.756756756756758,,100.0,1.0,100.0,-0.1592538520673748
12.110220440881761,27.756756756756758,,100.0,1.0,100.0,-0.157588796674244
12.308617234468937,27.756756756756758,,100.0,1.0,100.0,-0.1559469898344525
12.507014028056114,27.756756756756758,,100.0,1.0,100.0,-0.1543283717180799
12.705410821643287,27.756756756756758,,100.0,1.0,100.0,-0.1527328803108601
12.903807615230463,27.756756756756758,,100.0,1.0,100.0,-0.1511604513812177
13.102204408817634,27.756756756756758,,100.0,1.0,100.0,-0.1496110184495874
13.30060120240481,27.756756756756758,,100.0,1.0,100.0,-0.1480845127598243
13.498997995991983,27.756756756756758,,100.0,1.0,100.0,-0.1465808632528273
13.697394789579159,27.756756756756758,,100.0,1.0,100.0,-0.1450999965422962
13.895791583166334,27.756756756756758,,100.0,1.0,100.0,-0.1436418368926471
14.094188376753507,27.756756756756758,,100.0,1.0,100.0,-0.1422063061990485
14.292585170340683,27.756756756756758,,100.0,1.0,100.0,-0.1407933239695743
14.490981963927855,27.756756756756758,,100.0,1.0,100.0,-0.1394028073094678
14.689378757515032,27.756756756756758,,100.0,1.0,100.0,-0.1380346709075178
14.887775551102203,27.756756756756758,,100.0,1.0,100.0,-0.1366888270244783
15.086172344689379,27.756756756756758,,100.0,1.0,100.0,-0.1353651854835803
15.284569138276554,27.756756756756758,,100.0,1.0,100.0,-0.1340636536630776
15.482965931863726,27.756756756756758,,100.0,1.0,100.0,-0.1327841364908299
15.681362725450903,27.756756756756758,,100.0,1.0,100.0,-0.1315265364409049
15.879759519038075,27.756756756756758,,100.0,1.0,100.0,-0.1302907535321615
16.07815631262525,27.756756756756758,,100.0,1.0,100.0,-0.1290766853288197
16.276553106212425,27.756756756756758,,100.0,1.0,100.0,-0.1278842269429914
16.474949899799597,27.756756756756758,,100.0,1.0,100.0,-0.1267132710391258
16.673346693386772,27.756756756756758,,100.0,1.0,100.0,-0.1255637078403867
16.871743486973948,27.756756756756758,,100.0,1.0,100.0,-0.1244354251369207
17.070140280561123,27.756756756756758,,100.0,1.0,100.0,-0.1233283082959597
17.2685370741483,27.756756756756758,,100.0,1.0,100.0,-0.1222422402738057
17.466933867735474,27.756756756756758,,100.0,1.0,100.0,-0.1211771016296009
17.66533066132265,27.756756756756758,,100.0,1.0,100.0,-0.1201327705408981
17.86372745490982,27.756756756756758,,100.0,1.0,100.0,-0.119109122820956
18.062124248496996,27.756756756756758,,100.0,1.0,100.0,-0.1181060319378329
18.260521042084168,27.756756756756758,,100.0,1.0,100.0,-0.1171233690351013
18.458917835671343,27.756756756756758,,100.0,1.0,100.0,-0.1161610029542724
18.657314629258515,27.756756756756758,,100.0,1.0,100.0,-0.1152188002588491
18.85571142284569,27.756756756756758,,100.0,1.0,100.0,-0.1142966252599734
19.054108216432866,27.756756756756758,,100.0,1.0,100.0,-0.1133943400436374
19.252505010020037,27.756756756756758,,100.0,1.0,100.0,-0.1125118044994318
19.450901803607216,27.756756756756758,,100.0,1.0,100.0,-0.1116488763507914
19.649298597194388,27.756756756756758,,100.0,1.0,100.0,-0.1108054111866803
19.847695390781563,27.756756756756758,,100.0,1.0,100.0,-0.1099812624947128
20.04609218436874,27.756756756756758,,100.0,1.0,100.0,-0.109176281695645
20.244488977955914,27.756756756756758,,100.0,1.0,100.0,-0.1083903181791988
20.442885771543086,27.756756756756758,,100.0,1.0,100.0,-0.1076232193412036
20.64128256513026,27.756756756756758,,100.0,1.0,100.0,-0.1068748306219579
20.839679358717436,27.756756756756758,,100.0,1.0,100.0,-0.1061449955458376
21.03807615230461,27.756756756756758,,100.0,1.0,100.0,-0.1054335557620617
21.236472945891784,27.756756756756758,,100.0,1.0,100.0,-0.1047403510865729
21.43486973947896,27.756756756756758,,100.0,1.0,100.0,-0.1040652195449951
21.633266533066134,27.756756756756758,,100.0,1.0,100.0,-0.1034079974166614
21.831663326653306,27.756756756756758,,100.0,1.0,100.0,-0.102768519279573
22.030060120240485,27.756756756756758,,100.0,1.0,100.0,-0.1021466180563508
22.228456913827657,27.756756756756758,,100.0,1.0,100.0,-0.101542125061062
22.42685370741483,27.756756756756758,,100.0,1.0,100.0,-0.1009548700468737
22.625250501002007,27.756756756756758,,100.0,1.0,100.0,-0.1003846812545463
22.82364729458918,27.756756756756758,,100.0,1.0,100.0,-0.0998313854616349
23.02204408817635,27.756756756756758,,100.0,1.0,100.0,-0.0992948080324438
23.220440881763523,27.756756756756758,,100.0,1.0,100.0,-0.0987747729685915
23.4188376753507,27.756756756756758,,100.0,1.0,100.0,-0.0982711029602029
23.617234468937873,27.756756756756758,,100.0,1.0,100.0,-0.0977836194376559
23.815631262525052,27.756756756756758,,100.0,1.0,100.0,-0.0973121426238489
24.014028056112227,27.756756756756758,,100.0,1.0,100.0,-0.0968564915869156
24.212424849699403,27.756756756756758,,100.0,1.0,100.0,-0.0964164842933628
24.410821643286575,27.756756756756758,,100.0,1.0,100.0,-0.0959919376615708
24.609218436873746,27.756756756756758,,100.0,1.0,100.0,-0.0955826676156315
24.807615230460925,27.756756756756758,,100.0,1.0,100.0,-0.0951884891394255
25.006012024048097,27.756756756756758,,100.0,1.0,100.0,-0.094809216330965
25.20440881763527,27.756756756756758,,100.0,1.0,100.0,-0.0944446624568934
25.402805611222448,27.756756756756758,,100.0,1.0,100.0,-0.0940946400071344
25.60120240480962,27.756756756756758,,100.0,1.0,100.0,-0.0937589607496298
25.79959919839679,27.756756756756758,,100.0,1.0,100.0,-0.0934374357851338
25.997995991983966,27.756756756756758,,100.0,1.0,100.0,-0.0931298756019982
26.196392785571145,27.756756756756758,,100.0,1.0,100.0,-0.092836090130957
26.394789579158317,27.756756756756758,,100.0,1.0,100.0,-0.0925558887998011
26.59318637274549,27.756756756756758,,100.0,1.0,100.0,-0.092289080587961
26.791583166332664,27.756756756756758,,100.0,1.0,100.0,-0.0920354740809553
26.98997995991984,27.756756756756758,,100.0,1.0,100.0,-0.091794877524598
27.188376753507008,27.756756756756758,,100.0,1.0,100.0,-0.0915670988790604
27.386773547094187,27.756756756756758,,100.0,1.0,100.0,-0.0913519458725898
27.585170340681366,27.756756756756758,,100.0,1.0,100.0,-0.0911492260550237
27.783567134268534,27.756756756756758,,100.0,1.0,100.0,-0.0909587468509235
27.98196392785571,27.756756756756758,,100.0,1.0,100.0,-0.0907803156123757
28.180360721442888,27.756756756756758,,100.0,1.0,100.0,-0.0906137396714281
28.378757515030063,27.756756756756758,,100.0,1.0,100.0,-0.0904588263920918
28.577154308617235,27.756756756756758,,100.0,1.0,100.0,-0.0903153832219651
28.7755511022044,27.756756756756758,,100.0,1.0,100.0,-0.0901832177433115
28.97394789579158,27.756756756756758,,100.0,1.0,100.0,-0.0900621377237745
29.172344689378757,27.756756756756758,,100.0,1.0,100.0,-0.0899519511665023
29.370741482965926,27.756756756756758,,100.0,1.0,100.0,-0.0898524663598013
29.5691382765531,27.756756756756758,,100.0,1.0,100.0,-0.0897634919262441
29.76753507014028,27.756756756756758,,100.0,1.0,100.0,-0.0896848368712591
29.965931863727448,27.756756756756758,,100.0,1.0,100.0,-0.0896163106310817
30.164328657314627,27.756756756756758,,100.0,1.0,100.0,-0.089557723120222
30.36272545090181,27.756756756756758,,100.0,1.0,100.0,-0.0895088847782903
30.56112224448897,27.756756756756758,,100.0,1.0,100.0,-0.0894696066162344
30.759519038076157,27.756756756756758,,100.0,1.0,100.0,-0.0894397002620013
30.957915831663332,27.756756756756758,,100.0,1.0,100.0,-0.089418978005539
31.1563126252505,27.756756756756758,,100.0,1.0,100.0,-0.0894072528432338
31.35470941883768,27.756756756756758,,100.0,1.0,100.0,-0.0894043385217275
31.553106212424858,27.756756756756758,,100.0,1.0,100.0,-0.0894100495810589
31.751503006012022,27.756756756756758,,100.0,1.0,100.0,-0.0894242013972629
31.949899799599194,27.756756756756758,,100.0,1.0,100.0,-0.0894466102242822
32.14829659318637,27.756756756756758,,100.0,1.0,100.0,-0.089477093235304
32.346693386773545,27.756756756756758,,100.0,1.0,100.0,-0.0895154685634742
32.545090180360724,27.756756756756758,,100.0,1.0,100.0,-0.0895615553419648
32.743486973947896,27.756756756756758,,100.0,1.0,100.0,-0.0896151737434801
32.941883767535074,27.756756756756758,,100.0,1.0,100.0,-0.0896761450191472
33.140280561122246,27.756756756756758,,100.0,1.0,100.0,-0.0897442915367712
33.33867735470942,27.756756756756758,,100.0,1.0,100.0,-0.0898194368185582
33.5370741482966,27.756756756756758,,100.0,1.0,100.0,-0.0899014055782212
33.73547094188377,27.756756756756758,,100.0,1.0,100.0,-0.0899900237575226
33.93386773547095,27.756756756756758,,100.0,1.0,100.0,-0.0900851185622398
34.13226452905812,27.756756756756758,,100.0,1.0,100.0,-0.0901865184975847
34.3306613226453,27.756756756756758,,100.0,1.0,100.0,-0.0902940534030757
34.52905811623247,27.756756756756758,,100.0,1.0,100.0,-0.0904075544868513
34.72745490981965,27.756756756756758,,100.0,1.0,100.0,-0.0905268543594706
34.92585170340681,27.756756756756758,,100.0,1.0,100.0,-0.090651787067168
35.12424849699399,27.756756756756758,,100.0,1.0,100.0,-0.0907821881246383
35.32264529058117,27.756756756756758,,100.0,1.0,100.0,-0.0909178945472543
35.521042084168336,27.756756756756758,,100.0,1.0,100.0,-0.0910587448828307
35.719438877755515,27.756756756756758,,100.0,1.0,100.0,-0.091204579242867
35.91783567134269,27.756756756756758,,100.0,1.0,100.0,-0.0913552393333348
36.11623246492986,27.756756756756758,,100.0,1.0,100.0,-0.0915105684849603
36.31462925851703,27.756756756756758,,100.0,1.0,100.0,-0.0916704116830364
36.51302605210421,27.756756756756758,,100.0,1.0,100.0,-0.0918346155967704
36.71142284569138,27.756756756756758,,100.0,1.0,100.0,-0.0920030286081621
36.90981963927855,27.756756756756758,,100.0,1.0,100.0,-0.0921755008404279
37.10821643286573,27.756756756756758,,100.0,1.0,100.0,-0.0923518841859379
37.3066132264529,27.756756756756758,,100.0,1.0,100.0,-0.0925320323337072
37.505010020040075,27.756756756756758,,100.0,1.0,100.0,-0.0927158007964272
37.703406813627254,27.756756756756758,,100.0,1.0,100.0,-0.0929030469370097
37.90180360721443,27.756756756756758,,100.0,1.0,100.0,-0.0930936299946826
38.100200400801604,27.756756756756758,,100.0,1.0,100.0,-0.0932874111106022
38.298597194388776,27.756756756756758,,100.0,1.0,100.0,-0.0934842533529785
38.496993987975955,27.756756756756758,,100.0,1.0,100.0,-0.093684021741718
38.69539078156313,27.756756756756758,,100.0,1.0,100.0,-0.0938865832725941
38.8937875751503,27.756756756756758,,100.0,1.0,100.0,-0.0940918069408375
39.09218436873748,27.756756756756758,,100.0,1.0,100.0,-0.0942995637643
39.29058116232465,27.756756756756758,,100.0,1.0,100.0,-0.0945097268060159
39.48897795591183,27.756756756756758,,100.0,1.0,100.0,-0.0947221711962625
39.687374749499,27.756756756756758,,100.0,1.0,100.0,-0.0949367741540068
39.88577154308617,27.756756756756758,,100.0,1.0,100.0,-0.0951534150078465
40.08416833667335,27.756756756756758,,100.0,1.0,100.0,-0.0953719752162761
40.28256513026052,27.756756756756758,,100.0,1.0,100.0,-0.0955923383873857
40.4809619238477,27.756756756756758,,100.0,1.0,100.0,-0.0958143902979127
40.67935871743487,27.756756756756758,,100.0,1.0,100.0,-0.0960380189116234
40.877755511022045,27.756756756756758,,100.0,1.0,100.0,-0.0962631143970129
41.07615230460922,27.756756756756758,,100.0,1.0,100.0,-0.096489569144325
41.274549098196395,27.756756756756758,,100.0,1.0,100.0,-0.0967172777817989
41.47294589178357,27.756756756756758,,100.0,1.0,100.0,-0.0969461371912018
41.671342685370746,27.756756756756758,,100.0,1.0,100.0,-0.097176046522541
41.86973947895792,27.756756756756758,,100.0,1.0,100.0,-0.0974069072080181
42.06813627254509,27.756756756756758,,100.0,1.0,100.0,-0.0976386229750894
42.26653306613227,27.756756756756758,,100.0,1.0,100.0,-0.0978710998587063
42.46492985971944,27.756756756756758,,100.0,1.0,100.0,-0.0981042462126426
42.66332665330661,27.756756756756758,,100.0,1.0,100.0,-0.098337972719933
42.861723446893784,27.756756756756758,,100.0,1.0,100.0,-0.0985721924023145
43.06012024048097,27.756756756756758,,100.0,1.0,100.0,-0.0988068206287361
43.25851703406814,27.756756756756758,,100.0,1.0,100.0,-0.0990417751228764
43.45691382765531,27.756756756756758,,100.0,1.0,100.0,-0.0992769759695703
43.655310621242485,27.756756756756758,,100.0,1.0,100.0,-0.0995123456202452
43.85370741482966,27.756756756756758,,100.0,1.0,100.0,-0.0997478088972675
44.05210420841683,27.756756756756758,,100.0,1.0,100.0,-0.0999832929971377
44.250501002004015,27.756756756756758,,100.0,1.0,100.0,-0.1002187274925933
44.448897795591186,27.756756756756758,,100.0,1.0,100.0,-0.1004540443335707
44.64729458917836,27.756756756756758,,100.0,1.0,100.0,-0.1006891778469396
44.84569138276553,27.756756756756758,,100.0,1.0,100.0,-0.1009240647350984
45.0440881763527,27.756756756756758,,100.0,1.0,100.0,-0.1011586440733145
45.24248496993987,27.756756756756758,,100.0,1.0,100.0,-0.1013928573058433
45.440881763527045,27.756756756756758,,100.0,1.0,100.0,-0.1016266482407983
45.63927855711423,27.756756756756758,,100.0,1.0,100.0,-0.1018599630437517
45.8376753507014,27.756756756756758,,100.0,1.0,100.0,-0.1020927502300709
46.036072144288575,27.756756756756758,,100.0,1.0,100.0,-0.1023249606559394
46.23446893787575,27.756756756756758,,100.0,1.0,100.0,-0.1025565475081078
46.43286573146293,27.756756756756758,,100.0,1.0,100.0,-0.1027874662923329
46.631262525050104,27.756756756756758,,100.0,1.0,100.0,-0.1030176748205021
46.829659318637276,27.756756756756758,,100.0,1.0,100.0,-0.1032471331964431
47.028056112224455,27.756756756756758,,100.0,1.0,100.0,-0.1034758038004416
47.22645290581163,27.756756756756758,,100.0,1.0,100.0,-0.1037036512724439
47.424849699398806,27.756756756756758,,100.0,1.0,100.0,-0.1039306424939376
47.62324649298598,27.756756756756758,,100.0,1.0,100.0,-0.1041567465685516
47.82164328657315,27.756756756756758,,100.0,1.0,100.0,-0.1043819348014096
48.02004008016032,27.756756756756758,,100.0,1.0,100.0,-0.1046061806771114
48.21843687374749,27.756756756756758,,100.0,1.0,100.0,-0.1048294598365541
48.41683366733468,27.756756756756758,,100.0,1.0,100.0,-0.1050517500524501
48.615230460921836,27.756756756756758,,100.0,1.0,100.0,-0.1052730312036678
48.81362725450902,27.756756756756758,,100.0,1.0,100.0,-0.1054932852483239
49.012024048096194,27.756756756756758,,100.0,1.0,100.0,-0.1057124961957353
49.21042084168337,27.756756756756758,,100.0,1.0,100.0,-0.1059306500772194
49.40881763527054,27.756756756756758,,100.0,1.0,100.0,-0.1061477349157614
49.60721442885771,27.756756756756758,,100.0,1.0,100.0,-0.1063637406945903
49.805611222444895,27.756756756756758,,100.0,1.0,100.0,-0.1065786593247338
50.00400801603207,27.756756756756758,,100.0,1.0,100.0,-0.1067924846115199
50.20240480961924,27.756756756756758,,100.0,1.0,100.0,-0.1070052122201108
50.40080160320641,27.756756756756758,,100.0,1.0,100.0,-0.1072168396401043
50.59919839679358,27.756756756756758,,100.0,1.0,100.0,-0.1074273661492312
50.79759519038077,27.756756756756758,,100.0,1.0,100.0,-0.1076367927761942
50.99599198396793,27.756756756756758,,100.0,1.0,100.0,-0.1078451222627127
51.19438877755511,27.756756756756758,,100.0,1.0,100.0,-0.1080523590247695
51.39278557114229,27.756756756756758,,100.0,1.0,100.0,-0.1082585091132078
51.59118236472946,27.756756756756758,,100.0,1.0,100.0,-0.1084635801735851
51.789579158316634,27.756756756756758,,100.0,1.0,100.0,-0.1086675814054715
51.987975951903806,27.756756756756758,,100.0,1.0,100.0,-0.1088705235211751
52.18637274549098,27.756756756756758,,100.0,1.0,100.0,-0.1090724187039221
52.38476953907816,27.756756756756758,,100.0,1.0,100.0,-0.1092732805656291
52.583166332665336,27.756756756756758,,100.0,1.0,100.0,-0.1094731241042501
52.78156312625251,27.756756756756758,,100.0,1.0,100.0,-0.1096719656607553
52.97995991983967,27.756756756756758,,100.0,1.0,100.0,-0.1098698228758632
53.17835671342685,27.756756756756758,,100.0,1.0,100.0,-0.1100667146464817
53.37675350701403,27.756756756756758,,100.0,1.0,100.0,-0.1102626610820111
53.57515030060121,27.756756756756758,,100.0,1.0,100.0,-0.1104576834604758
53.77354709418837,27.756756756756758,,100.0,1.0,100.0,-0.1106518041846219
53.97194388777555,27.756756756756758,,100.0,1.0,100.0,-0.1108450467379535
54.17034068136273,27.756756756756758,,100.0,1.0,100.0,-0.1110374356408385
54.368737474949896,27.756756756756758,,100.0,1.0,100.0,-0.1112289964066728
54.567134268537075,27.756756756756758,,100.0,1.0,100.0,-0.111419755498178
54.765531062124246,27.756756756756758,,100.0,1.0,100.0,-0.1116097402839356
54.96392785571142,27.756756756756758,,100.0,1.0,100.0,-0.1117989789950668
55.1623246492986,27.756756756756758,,100.0,1.0,100.0,-0.1119875006823118
55.360721442885776,27.756756756756758,,100.0,1.0,100.0,-0.1121753351733424
55.55911823647295,27.756756756756758,,100.0,1.0,100.0,-0.112362513030523
55.75751503006013,27.756756756756758,,100.0,1.0,100.0,-0.112549065509054
55.95591182364729,27.756756756756758,,100.0,1.0,100.0,-0.1127350245156224
56.15430861723447,27.756756756756758,,100.0,1.0,100.0,-0.112920422567509
56.35270541082165,27.756756756756758,,100.0,1.0,100.0,-0.1131052927522886
56.551102204408814,27.756756756756758,,100.0,1.0,100.0,-0.113289668688118
56.74949899799599,27.756756756756758,,100.0,1.0,100.0,-0.1134735844845967
56.94789579158316,27.756756756756758,,100.0,1.0,100.0,-0.1136570747043416
57.146292585170336,27.756756756756758,,100.0,1.0,100.0,-0.1138401743252122
57.3446893787575,27.756756756756758,,100.0,1.0,100.0,-0.1140229187032692
57.543086172344694,27.756756756756758,,100.0,1.0,100.0,-0.1142053435364846
57.74148296593185,27.756756756756758,,100.0,1.0,100.0,-0.1143874848291969
57.93987975951904,27.756756756756758,,100.0,1.0,100.0,-0.1145693788573996
58.13827655310623,27.756756756756758,,100.0,1.0,100.0,-0.1147510621348127
58.336673346693395,27.756756756756758,,100.0,1.0,100.0,-0.1149325713798136
58.535070140280574,27.756756756756758,,100.0,1.0,100.0,-0.1151139434832065
58.73346693386774,27.756756756756758,,100.0,1.0,100.0,-0.1152952154768689
58.9318637274549,27.756756756756758,,100.0,1.0,100.0,-0.115476424503297
59.13026052104208,27.756756756756758,,100.0,1.0,100.0,-0.1156576077859944
59.32865731462926,27.756756756756758,,100.0,1.0,100.0,-0.115838802600841
59.52705410821644,27.756756756756758,,100.0,1.0,100.0,-0.1160200462482927
59.72545090180361,27.756756756756758,,100.0,1.0,100.0,-0.1162013760265378
59.92384769539078,27.756756756756758,,100.0,1.0,100.0,-0.1163828292056062
60.12224448897794,27.756756756756758,,100.0,1.0,100.0,-0.1165644430023128
60.32064128256512,27.756756756756758,,100.0,1.0,100.0,-0.1167462545561949
60.51903807615231,27.756756756756758,,100.0,1.0,100.0,-0.1169283009063562
60.717434869739485,27.756756756756758,,100.0,1.0,100.0,-0.1171106189691864
60.915831663326664,27.756756756756758,,100.0,1.0,100.0,-0.11729324551706
61.114228456913835,27.756756756756758,,100.0,1.0,100.0,-0.1174762171578699
61.312625250501,27.756756756756758,,100.0,1.0,100.0,-0.1176595703155062
61.51102204408818,27.756756756756758,,100.0,1.0,100.0,-0.1178433412111964
61.709418837675344,27.756756756756758,,100.0,1.0,100.0,-0.1180275658457495
61.90781563126252,27.756756756756758,,100.0,1.0,100.0,-0.1182122799826378
62.1062124248497,27.756756756756758,,100.0,1.0,100.0,-0.1183975191319514
62.30460921843688,27.756756756756758,,100.0,1.0,100.0,-0.1185833185351991
62.50300601202406,27.756756756756758,,100.0,1.0,100.0,-0.1187697131508863
62.701402805611224,27.756756756756758,,100.0,1.0,100.0,-0.1189567376409992
62.89979959919839,27.756756756756758,,100.0,1.0,100.0,-0.1191444263581846
63.09819639278557,27.756756756756758,,100.0,1.0,100.0,-0.119332813333755
63.296593186372746,27.756756756756758,,100.0,1.0,100.0,-0.1195219322664754
63.494989979959925,27.756756756756758,,100.0,1.0,100.0,-0.1197118165120564
63.69338677354709,27.756756756756758,,100.0,1.0,100.0,-0.1199024990733862
63.89178356713427,27.756756756756758,,100.0,1.0,100.0,-0.120094012591471
64.09018036072143,27.756756756756758,,100.0,1.0,100.0,-0.1202863893370931
64.28857715430863,27.756756756756758,,100.0,1.0,100.0,-0.1204796612030894
64.48697394789579,27.756756756756758,,100.0,1.0,100.0,-0.1206738596973135
64.68537074148296,27.756756756756758,,100.0,1.0,100.0,-0.1208690159362408
64.88376753507015,27.756756756756758,,100.0,1.0,100.0,-0.1210651606391791
65.08216432865731,27.756756756756758,,100.0,1.0,100.0,-0.12126232412306
65.28056112224449,27.756756756756758,,100.0,1.0,100.0,-0.1214605362978346
65.47895791583166,27.756756756756758,,100.0,1.0,100.0,-0.121659826662426
65.67735470941884,27.756756756756758,,100.0,1.0,100.0,-0.1218602243012013
65.87575150300601,27.756756756756758,,100.0,1.0,100.0,-0.1220617578810326
66.0741482965932,27.756756756756758,,100.0,1.0,100.0,-0.1222644556487657
66.27254509018036,27.756756756756758,,100.0,1.0,100.0,-0.1224683454292876
66.47094188376754,27.756756756756758,,100.0,1.0,100.0,-0.1226734546240057
66.66933867735472,27.756756756756758,,100.0,1.0,100.0,-0.1228798102098022
66.8677354709419,27.756756756756758,,100.0,1.0,100.0,-0.1230874387384429
67.06613226452906,27.756756756756758,,100.0,1.0,100.0,-0.1232963663364091
67.26452905811624,27.756756756756758,,100.0,1.0,100.0,-0.1235066187051487
67.4629258517034,27.756756756756758,,100.0,1.0,100.0,-0.1237182211217421
67.6613226452906,27.756756756756758,,100.0,1.0,100.0,-0.1239311984399205
67.85971943887776,27.756756756756758,,100.0,1.0,100.0,-0.1241455750915185
68.05811623246494,27.756756756756758,,100.0,1.0,100.0,-0.1243613750882526
68.2565130260521,27.756756756756758,,100.0,1.0,100.0,-0.1245786220238621
68.45490981963928,27.756756756756758,,100.0,1.0,100.0,-0.1247973390766025
68.65330661322645,27.756756756756758,,100.0,1.0,100.0,-0.1250175490120725
68.85170340681363,27.756756756756758,,100.0,1.0,100.0,-0.1252392741863648
69.05010020040079,27.756756756756758,,100.0,1.0,100.0,-0.1254625365495332
69.24849699398798,27.756756756756758,,100.0,1.0,100.0,-0.125687357649369
69.44689378757515,27.756756756756758,,100.0,1.0,100.0,-0.1259137586354575
69.64529058116234,27.756756756756758,,100.0,1.0,100.0,-0.1261417602636027
69.84368737474949,27.756756756756758,,100.0,1.0,100.0,-0.126371382900424
70.04208416833667,27.756756756756758,,100.0,1.0,100.0,-0.1266026465283326
70.24048096192385,27.756756756756758,,100.0,1.0,100.0,-0.1268355707507418
70.43887775551103,27.756756756756758,,100.0,1.0,100.0,-0.1270701747975638
70.6372745490982,27.756756756756758,,100.0,1.0,100.0,-0.1273064775309375
70.83567134268537,27.756756756756758,,100.0,1.0,100.0,-0.1275444974512778
71.03406813627254,27.756756756756758,,100.0,1.0,100.0,-0.1277842527035383
71.23246492985973,27.756756756756758,,100.0,1.0,100.0,-0.1280257610837457
71.4308617234469,27.756756756756758,,100.0,1.0,100.0,-0.1282690400457876
71.62925851703406,27.756756756756758,,100.0,1.0,100.0,-0.1285141067084514
71.82765531062124,27.756756756756758,,100.0,1.0,100.0,-0.1287609778627081
72.0260521042084,27.756756756756758,,100.0,1.0,100.0,-0.1290096699792533
72.2244488977956,27.756756756756758,,100.0,1.0,100.0,-0.1292601992162747
72.42284569138276,27.756756756756758,,100.0,1.0,100.0,-0.1295125814274703
72.62124248496994,27.756756756756758,,100.0,1.0,100.0,-0.1297668321703494
72.8196392785571,27.756756756756758,,100.0,1.0,100.0,-0.1300229667146901
73.01803607214428,27.756756756756758,,100.0,1.0,100.0,-0.1302810000513278
73.21643286573146,27.756756756756758,,100.0,1.0,100.0,-0.1305409469011154
73.41482965931863,27.756756756756758,,100.0,1.0,100.0,-0.1308028217241821
73.6132264529058,27.756756756756758,,100.0,1.0,100.0,-0.1310666387293944
73.81162324649299,27.756756756756758,,100.0,1.0,100.0,-0.1313324118840431
74.01002004008016,27.756756756756758,,100.0,1.0,100.0,-0.1316001549238423
74.20841683366733,27.756756756756758,,100.0,1.0,100.0,-0.1318698813630743
74.40681362725451,27.756756756756758,,100.0,1.0,100.0,-0.1321416045050579
74.60521042084169,27.756756756756758,,100.0,1.0,100.0,-0.1324153374527843
74.80360721442887,27.756756756756758,,100.0,1.0,100.0,-0.1326910931198703
75.00200400801603,27.756756756756758,,100.0,1.0,100.0,-0.1329688842416913
75.20040080160321,27.756756756756758,,100.0,1.0,100.0,-0.1332487233867665
75.39879759519039,27.756756756756758,,100.0,1.0,100.0,-0.1335306229684135
75.59719438877755,27.756756756756758,,100.0,1.0,100.0,-0.1338145952566153
75.79559118236472,27.756756756756758,,100.0,1.0,100.0,-0.1341006523901478
75.99398797595191,27.756756756756758,,100.0,1.0,100.0,-0.134388806388914
76.19238476953907,27.756756756756758,,100.0,1.0,100.0,-0.1346790691665825
76.39078156312625,27.756756756756758,,100.0,1.0,100.0,-0.1349714525433923
76.58917835671345,27.756756756756758,,100.0,1.0,100.0,-0.135265968259268
76.7875751503006,27.756756756756758,,100.0,1.0,100.0,-0.1355626279871116
76.98597194388778,27.756756756756758,,100.0,1.0,100.0,-0.1358614433463825
77.18436873747495,27.756756756756758,,100.0,1.0,100.0,-0.1361624259169074
77.38276553106212,27.756756756756758,,100.0,1.0,100.0,-0.1364655872529185
77.5811623246493,27.756756756756758,,100.0,1.0,100.0,-0.1367709388973151
77.77955911823646,27.756756756756758,,100.0,1.0,100.0,-0.1370784923962168
77.97795591182366,27.756756756756758,,100.0,1.0,100.0,-0.1373882593137037
78.1763527054108,27.756756756756758,,100.0,1.0,100.0,-0.1377002512468176
78.374749498998,27.756756756756758,,100.0,1.0,100.0,-0.138014479840794
78.5731462925852,27.756756756756758,,100.0,1.0,100.0,-0.138330956804518
78.77154308617234,27.756756756756758,,100.0,1.0,100.0,-0.1386496939262558
78.96993987975952,27.756756756756758,,100.0,1.0,100.0,-0.138970703089551
79.1683366733467,27.756756756756758,,100.0,1.0,100.0,-0.1392939962894226
79.36673346693387,27.756756756756758,,100.0,1.0,100.0,-0.1396195856487536
79.56513026052104,27.756756756756758,,100.0,1.0,100.0,-0.1399474834349284
79.76352705410822,27.756756756756758,,100.0,1.0,100.0,-0.1402777020766735
79.9619238476954,27.756756756756758,,100.0,1.0,100.0,-0.1406102541811509
80.16032064128257,27.756756756756758,,100.0,1.0,100.0,-0.1409451525512899
80.35871743486975,27.756756756756758,,100.0,1.0,100.0,-0.1412824102032825
80.55711422845691,27.756756756756758,,100.0,1.0,100.0,-0.1416220403843844
80.75551102204409,27.756756756756758,,100.0,1.0,100.0,-0.1419640565908758
80.95390781563127,27.756756756756758,,100.0,1.0,100.0,-0.1423084725862835
81.15230460921843,27.756756756756758,,100.0,1.0,100.0,-0.1426553024197751
81.35070140280563,27.756756756756758,,100.0,1.0,100.0,-0.1430045604448158
81.54909819639279,27.756756756756758,,100.0,1.0,100.0,-0.1433562613380342
81.74749498997996,27.756756756756758,,100.0,1.0,100.0,-0.1437104201182859
81.94589178356713,27.756756756756758,,100.0,1.0,100.0,-0.1440670521659308
82.14428857715431,27.756756756756758,,100.0,1.0,100.0,-0.1444261732423439
82.34268537074149,27.756756756756758,,100.0,1.0,100.0,-0.1447877995096367
82.54108216432866,27.756756756756758,,100.0,1.0,100.0,-0.1451519475505378
82.73947895791585,27.756756756756758,,100.0,1.0,100.0,-0.1455186343885568
82.937875751503,27.756756756756758,,100.0,1.0,100.0,-0.1458878775082948
83.13627254509018,27.756756756756758,,100.0,1.0,100.0,-0.146259694876001
83.33466933867736,27.756756756756758,,100.0,1.0,100.0,-0.146634104960314
83.53306613226454,27.756756756756758,,100.0,1.0,100.0,-0.1470111267532026
83.7314629258517,27.756756756756758,,100.0,1.0,100.0,-0.1473907797911211
83.92985971943888,27.756756756756758,,100.0,1.0,100.0,-0.1477730841763554
84.12825651302606,27.756756756756758,,100.0,1.0,100.0,-0.1481580605985897
84.32665330661322,27.756756756756758,,100.0,1.0,100.0,-0.1485457303566332
84.5250501002004,27.756756756756758,,100.0,1.0,100.0,-0.1489361153804042
84.72344689378757,27.756756756756758,,100.0,1.0,100.0,-0.1493292382530489
84.92184368737476,27.756756756756758,,100.0,1.0,100.0,-0.1497251222332898
85.12024048096194,27.756756756756758,,100.0,1.0,100.0,-0.1501237912779914
85.3186372745491,27.756756756756758,,100.0,1.0,100.0,-0.1505252700648742
85.51703406813628,27.756756756756758,,100.0,1.0,100.0,-0.1509295840154384
85.71543086172345,27.756756756756758,,100.0,1.0,100.0,-0.1513367593181337
85.91382765531063,27.756756756756758,,100.0,1.0,100.0,-0.1517468229516404
86.1122244488978,27.756756756756758,,100.0,1.0,100.0,-0.1521598027084068
86.31062124248497,27.756756756756758,,100.0,1.0,100.0,-0.1525757272183536
86.50901803607215,27.756756756756758,,100.0,1.0,100.0,-0.1529946259728001
86.70741482965931,27.756756756756758,,100.0,1.0,100.0,-0.1534165293485248
86.90581162324649,27.756756756756758,,100.0,1.0,100.0,-0.1538414686320953
87.10420841683366,27.756756756756758,,100.0,1.0,100.0,-0.1542694760443507
87.30260521042084,27.756756756756758,,100.0,1.0,100.0,-0.1547005847650734
87.50100200400803,27.756756756756758,,100.0,1.0,100.0,-0.1551348289578932
87.6993987975952,27.756756756756758,,100.0,1.0,100.0,-0.1555722437953149
87.89779559118237,27.756756756756758,,100.0,1.0,100.0,-0.1560128654840715
88.09619238476955,27.756756756756758,,100.0,1.0,100.0,-0.1564567312905137
88.29458917835672,27.756756756756758,,100.0,1.0,100.0,-0.1569038795663199
88.4929859719439,27.756756756756758,,100.0,1.0,100.0,-0.1573543497743488
88.69138276553106,27.756756756756758,,100.0,1.0,100.0,-0.1578081825147216
88.88977955911824,27.756756756756758,,100.0,1.0,100.0,-0.1582654195510612
89.0881763527054,27.756756756756758,,100.0,1.0,100.0,-0.158726103836988
89.28657314629258,27.756756756756758,,100.0,1.0,100.0,-0.1591902795427725
89.48496993987975,27.756756756756758,,100.0,1.0,100.0,-0.1596579920822218
89.68336673346693,27.756756756756758,,100.0,1.0,100.0,-0.1601292881397579
89.88176352705409,27.756756756756758,,100.0,1.0,100.0,-0.1606042156977184
90.08016032064127,27.756756756756758,,100.0,1.0,100.0,-0.1610828240637988
90.27855711422846,27.756756756756758,,100.0,1.0,100.0,-0.1615651638988724
90.47695390781564,27.756756756756758,,100.0,1.0,100.0,-0.1620512872447999
90.6753507014028,27.756756756756758,,100.0,1.0,100.0,-0.1625412475526032
90.87374749498998,27.756756756756758,,100.0,1.0,100.0,-0.1630350997108636
91.07214428857715,27.756756756756758,,100.0,1.0,100.0,-0.1635329000741988
91.27054108216433,27.756756756756758,,100.0,1.0,100.0,-0.1640347064921377
91.46893787575152,27.756756756756758,,100.0,1.0,100.0,-0.1645405783380836
91.66733466933867,27.756756756756758,,100.0,1.0,100.0,-0.1650505765385794
91.86573146292585,27.756756756756758,,100.0,1.0,100.0,-0.1655647636027521
92.06412825651303,27.756756756756758,,100.0,1.0,100.0,-0.1660832036519995
92.26252505010021,27.756756756756758,,100.0,1.0,100.0,-0.1666059624499505
92.46092184368737,27.756756756756758,,100.0,1.0,100.0,-0.1671331074326143
92.65931863727455,27.756756756756758,,100.0,1.0,100.0,-0.1676647077387374
92.85771543086172,27.756756756756758,,100.0,1.0,100.0,-0.1682008342405069
93.05611222444891,27.756756756756758,,100.0,1.0,100.0,-0.1687415595744252
93.25450901803607,27.756756756756758,,100.0,1.0,100.0,-0.1692869581723763
93.45290581162325,27.756756756756758,,100.0,1.0,100.0,-0.1698371062930742
93.65130260521043,27.756756756756758,,100.0,1.0,100.0,-0.1703920820536809
93.84969939879761,27.756756756756758,,100.0,1.0,100.0,-0.1709519654616801
94.04809619238478,27.756756756756758,,100.0,1.0,100.0,-0.1715168384470234
94.24649298597195,27.756756756756758,,100.0,1.0,100.0,-0.1720867848945626
94.44488977955912,27.756756756756758,,100.0,1.0,100.0,-0.1726618906767213
94.6432865731463,27.756756756756758,,100.0,1.0,100.0,-0.1732422436864308
94.84168336673346,27.756756756756758,,100.0,1.0,100.0,-0.1738279338703768
95.04008016032064,27.756756756756758,,100.0,1.0,100.0,-0.1744190532624652
95.2384769539078,27.756756756756758,,100.0,1.0,100.0,-0.1750156960176412
95.43687374749499,27.756756756756758,,100.0,1.0,100.0,-0.1756179584459419
95.63527054108215,27.756756756756758,,100.0,1.0,100.0,-0.1762259390468415
95.83366733466936,27.756756756756758,,100.0,1.0,100.0,-0.1768397385439235
96.03206412825652,27.756756756756758,,100.0,1.0,100.0,-0.1774594599198226
96.2304609218437,27.756756756756758,,100.0,1.0,100.0,-0.1780852084514849
96.42885771543087,27.756756756756758,,100.0,1.0,100.0,-0.1787170917457187
96.62725450901804,27.756756756756758,,100.0,1.0,100.0,-0.1793552197750636
96.82565130260521,27.756756756756758,,100.0,1.0,100.0,-0.1799997049139969
97.02404809619239,27.756756756756758,,100.0,1.0,100.0,-0.1806506619754213
97.22244488977958,27.756756756756758,,100.0,1.0,100.0,-0.181308208247531
97.42084168336673,27.756756756756758,,100.0,1.0,100.0,-0.1819724635309394
97.6192384769539,27.756756756756758,,100.0,1.0,100.0,-0.1826435501762054
97.81763527054107,27.756756756756758,,100.0,1.0,100.0,-0.1833215931216824
98.01603206412825,27.756756756756758,,100.0,1.0,100.0,-0.184006719931696
98.21442885771542,27.756756756756758,,100.0,1.0,100.0,-0.1846990608350871
98.4128256513026,27.756756756756758,,100.0,1.0,100.0,-0.1853987487640986
98.61122244488979,27.756756756756758,,100.0,1.0,100.0,-0.1861059193936842
98.80961923847698,27.756756756756758,,100.0,1.0,100.0,-0.1868207111810692
99.00801603206413,27.756756756756758,,100.0,1.0,100.0,-0.1875432654058104
99.2064128256513,27.756756756756758,,100.0,1.0,100.0,-0.1882737262101455
99.40480961923848,27.756756756756758,,100.0,1.0,100.0,-0.1890122406397818
99.60320641282564,27.756756756756758,,100.0,1.0,100.0,-0.1897589586850523
99.80160320641282,27.756756756756758,,100.0,1.0,100.0,-0.1905140333224653
100.0,27.756756756756758,,100.0,1.0,100.0,-0.1912776205566733
1.0,30.43243243243243,,100.0,1.0,100.0,-0.2958450973413452
1.1983967935871744,30.43243243243243,,100.0,1.0,100.0,-0.2928326410010581
1.3967935871743486,30.43243243243243,,100.0,1.0,100.0,-0.2898455491218054
1.595190380761523,30.43243243243243,,100.0,1.0,100.0,-0.2868837790325066
1.7935871743486973,30.43243243243243,,100.0,1.0,100.0,-0.2839472906932068
1.9919839679358717,30.43243243243243,,100.0,1.0,100.0,-0.2810360465416369
2.190380761523046,30.43243243243243,,100.0,1.0,100.0,-0.2781500113423512
2.38877755511022,30.43243243243243,,100.0,1.0,100.0,-0.2752891520384126
2.5871743486973946,30.43243243243243,,100.0,1.0,100.0,-0.2724534376056824
2.785571142284569,30.43243243243243,,100.0,1.0,100.0,-0.2696428389095722
2.9839679358717435,30.43243243243243,,100.0,1.0,100.0,-0.2668573285644
3.182364729458918,30.43243243243243,,100.0,1.0,100.0,-0.2640968807952038
3.380761523046093,30.43243243243243,,100.0,1.0,100.0,-0.2613614713020323
3.579158316633267,30.43243243243243,,100.0,1.0,100.0,-0.2586510771267619
3.7775551102204403,30.43243243243243,,100.0,1.0,100.0,-0.2559656765223336
3.9759519038076157,30.43243243243243,,100.0,1.0,100.0,-0.2533052488244559
4.174348697394789,30.43243243243243,,100.0,1.0,100.0,-0.2506697743257043
4.372745490981964,30.43243243243243,,100.0,1.0,100.0,-0.2480592341520934
4.571142284569138,30.43243243243243,,100.0,1.0,100.0,-0.2454736101420216
4.7695390781563125,30.43243243243243,,100.0,1.0,100.0,-0.2429128847275725
4.967935871743487,30.43243243243243,,100.0,1.0,100.0,-0.2403770408182818
5.166332665330662,30.43243243243243,,100.0,1.0,100.0,-0.2378660616871895
5.364729458917837,30.43243243243243,,100.0,1.0,100.0,-0.2353799308592818
5.563126252505009,30.43243243243243,,100.0,1.0,100.0,-0.2329186320022793
5.761523046092185,30.43243243243243,,100.0,1.0,100.0,-0.2304821488197358
5.959919839679359,30.43243243243243,,100.0,1.0,100.0,-0.2280704649464879
6.158316633266534,30.43243243243243,,100.0,1.0,100.0,-0.225683563846384
6.356713426853707,30.43243243243243,,100.0,1.0,100.0,-0.2233214287123442
6.555110220440882,30.43243243243243,,100.0,1.0,100.0,-0.2209840423686903
6.753507014028057,30.43243243243243,,100.0,1.0,100.0,-0.218671387175763
6.951903807615231,30.43243243243243,,100.0,1.0,100.0,-0.2163834449368309
7.150300601202405,30.43243243243243,,100.0,1.0,100.0,-0.2141201968072314
7.348697394789579,30.43243243243243,,100.0,1.0,100.0,-0.211881623205801
7.547094188376754,30.43243243243243,,100.0,1.0,100.0,-0.2096677037285411
7.745490981963927,30.43243243243243,,100.0,1.0,100.0,-0.2074784170645281
7.9438877755511,30.43243243243243,,100.0,1.0,100.0,-0.2053137409140477
8.142284569138276,30.43243243243243,,100.0,1.0,100.0,-0.2031736519089824
8.340681362725451,30.43243243243243,,100.0,1.0,100.0,-0.2010581255354021
8.539078156312625,30.43243243243243,,100.0,1.0,100.0,-0.1989671360583664
8.737474949899799,30.43243243243243,,100.0,1.0,100.0,-0.1969006564489514
8.935871743486974,30.43243243243243,,100.0,1.0,100.0,-0.1948586583134789
9.13426853707415,30.43243243243243,,100.0,1.0,100.0,-0.1928411118249139
9.332665330661325,30.43243243243243,,100.0,1.0,100.0,-0.1908479856564982
9.531062124248498,30.43243243243243,,100.0,1.0,100.0,-0.1888792469175392
9.729458917835672,30.43243243243243,,100.0,1.0,100.0,-0.1869348610913938
9.927855711422845,30.43243243243243,,100.0,1.0,100.0,-0.1850147919756113
10.126252505010019,30.43243243243243,,100.0,1.0,100.0,-0.1831190016242703
10.324649298597194,30.43243243243243,,100.0,1.0,100.0,-0.1812474502924552
10.52304609218437,30.43243243243243,,100.0,1.0,100.0,-0.1794000963829296
10.721442885771543,30.43243243243243,,100.0,1.0,100.0,-0.1775768963949056
10.919839679358718,30.43243243243243,,100.0,1.0,100.0,-0.1757778048750223
11.118236472945892,30.43243243243243,,100.0,1.0,100.0,-0.1740027743704322
11.316633266533067,30.43243243243243,,100.0,1.0,100.0,-0.172251755384032
11.515030060120242,30.43243243243243,,100.0,1.0,100.0,-0.170524696331823
11.713426853707414,30.43243243243243,,100.0,1.0,100.0,-0.1688215435024228
11.91182364729459,30.43243243243243,,100.0,1.0,100.0,-0.1671422410186548
12.110220440881761,30.43243243243243,,100.0,1.0,100.0,-0.1654867308012719
12.308617234468937,30.43243243243243,,100.0,1.0,100.0,-0.1638549525347982
12.507014028056114,30.43243243243243,,100.0,1.0,100.0,-0.1622468436354448
12.705410821643287,30.43243243243243,,100.0,1.0,100.0,-0.1606623392211424
12.903807615230463,30.43243243243243,,100.0,1.0,100.0,-0.1591013720836263
13.102204408817634,30.43243243243243,,100.0,1.0,100.0,-0.1575638726626277
13.30060120240481,30.43243243243243,,100.0,1.0,100.0,-0.1560497690221066
13.498997995991983,30.43243243243243,,100.0,1.0,100.0,-0.1545589868285652
13.697394789579159,30.43243243243243,,100.0,1.0,100.0,-0.1530914493313717
13.895791583166334,30.43243243243243,,100.0,1.0,100.0,-0.1516470773451702
14.094188376753507,30.43243243243243,,100.0,1.0,100.0,-0.1502257892342585
14.292585170340683,30.43243243243243,,100.0,1.0,100.0,-0.1488275008990274
14.490981963927855,30.43243243243243,,100.0,1.0,100.0,-0.1474521257643677
14.689378757515032,30.43243243243243,,100.0,1.0,100.0,-0.1460995747700838
14.887775551102203,30.43243243243243,,100.0,1.0,100.0,-0.1447697563632651
15.086172344689379,30.43243243243243,,100.0,1.0,100.0,-0.1434625764926309
15.284569138276554,30.43243243243243,,100.0,1.0,100.0,-0.1421779386048046
15.482965931863726,30.43243243243243,,100.0,1.0,100.0,-0.1409157436425205
15.681362725450903,30.43243243243243,,100.0,1.0,100.0,-0.1396758900447319
15.879759519038075,30.43243243243243,,100.0,1.0,100.0,-0.1384582737486348
16.07815631262525,30.43243243243243,,100.0,1.0,100.0,-0.137262788193517
16.276553106212425,30.43243243243243,,100.0,1.0,100.0,-0.1360893243265158
16.474949899799597,30.43243243243243,,100.0,1.0,100.0,-0.1349377706101512
16.673346693386772,30.43243243243243,,100.0,1.0,100.0,-0.1338080130317104
16.871743486973948,30.43243243243243,,100.0,1.0,100.0,-0.1326999351143893
17.070140280561123,30.43243243243243,,100.0,1.0,100.0,-0.1316134179302374
17.2685370741483,30.43243243243243,,100.0,1.0,100.0,-0.1305483401147728
17.466933867735474,30.43243243243243,,100.0,1.0,100.0,-0.1295045778833595
17.66533066132265,30.43243243243243,,100.0,1.0,100.0,-0.1284820050492887
17.86372745490982,30.43243243243243,,100.0,1.0,100.0,-0.1274804930434386
18.062124248496996,30.43243243243243,,100.0,1.0,100.0,-0.1264999109356548
18.260521042084168,30.43243243243243,,100.0,1.0,100.0,-0.1255401254576511
18.458917835671343,30.43243243243243,,100.0,1.0,100.0,-0.124601001027528
18.657314629258515,30.43243243243243,,100.0,1.0,100.0,-0.12368239977581
18.85571142284569,30.43243243243243,,100.0,1.0,100.0,-0.1227841815729858
19.054108216432866,30.43243243243243,,100.0,1.0,100.0,-0.1219062040585161
19.252505010020037,30.43243243243243,,100.0,1.0,100.0,-0.121048322671283
19.450901803607216,30.43243243243243,,100.0,1.0,100.0,-0.1202103906814283
19.649298597194388,30.43243243243243,,100.0,1.0,100.0,-0.1193922592235638
19.847695390781563,30.43243243243243,,100.0,1.0,100.0,-0.118593777331312
20.04609218436874,30.43243243243243,,100.0,1.0,100.0,-0.1178147919731054
20.244488977955914,30.43243243243243,,100.0,1.0,100.0,-0.117055148089274
20.442885771543086,30.43243243243243,,100.0,1.0,100.0,-0.1163146886303083
20.64128256513026,30.43243243243243,,100.0,1.0,100.0,-0.1155932545962941
20.839679358717436,30.43243243243243,,100.0,1.0,100.0,-0.1148906850774978
21.03807615230461,30.43243243243243,,100.0,1.0,100.0,-0.1142068172960055
21.236472945891784,30.43243243243243,,100.0,1.0,100.0,-0.1135414866484267
21.43486973947896,30.43243243243243,,100.0,1.0,100.0,-0.1128945267495712
21.633266533066134,30.43243243243243,,100.0,1.0,100.0,-0.1122657694771002
21.831663326653306,30.43243243243243,,100.0,1.0,100.0,-0.111655045017095
22.030060120240485,30.43243243243243,,100.0,1.0,100.0,-0.1110621819104633
22.228456913827657,30.43243243243243,,100.0,1.0,100.0,-0.1104870071001906
22.42685370741483,30.43243243243243,,100.0,1.0,100.0,-0.1099293459793555
22.625250501002007,30.43243243243243,,100.0,1.0,100.0,-0.1093890224398804
22.82364729458918,30.43243243243243,,100.0,1.0,100.0,-0.1088658589219615
23.02204408817635,30.43243243243243,,100.0,1.0,100.0,-0.1083596764641624
23.220440881763523,30.43243243243243,,100.0,1.0,100.0,-0.1078702947540439
23.4188376753507,30.43243243243243,,100.0,1.0,100.0,-0.1073975321794197
23.617234468937873,30.43243243243243,,100.0,1.0,100.0,-0.106941205880036
23.815631262525052,30.43243243243243,,100.0,1.0,100.0,-0.1065011317997594
24.014028056112227,30.43243243243243,,100.0,1.0,100.0,-0.1060771247391922
24.212424849699403,30.43243243243243,,100.0,1.0,100.0,-0.1056689984085665
24.410821643286575,30.43243243243243,,100.0,1.0,100.0,-0.105276565481074
24.609218436873746,30.43243243243243,,100.0,1.0,100.0,-0.1048996376463849
24.807615230460925,30.43243243243243,,100.0,1.0,100.0,-0.1045380256644549
25.006012024048097,30.43243243243243,,100.0,1.0,100.0,-0.1041915394194982
25.20440881763527,30.43243243243243,,100.0,1.0,100.0,-0.1038599879741236
25.402805611222448,30.43243243243243,,100.0,1.0,100.0,-0.1035431796235825
25.60120240480962,30.43243243243243,,100.0,1.0,100.0,-0.1032409219500713
25.79959919839679,30.43243243243243,,100.0,1.0,100.0,-0.1029530218770759
25.997995991983966,30.43243243243243,,100.0,1.0,100.0,-0.1026792857236984
26.196392785571145,30.43243243243243,,100.0,1.0,100.0,-0.1024195192589602
26.394789579158317,30.43243243243243,,100.0,1.0,100.0,-0.1021735277559593
26.59318637274549,30.43243243243243,,100.0,1.0,100.0,-0.1019411160459899
26.791583166332664,30.43243243243243,,100.0,1.0,100.0,-0.1017220885724668
26.98997995991984,30.43243243243243,,100.0,1.0,100.0,-0.1015162494446428
27.188376753507008,30.43243243243243,,100.0,1.0,100.0,-0.101323402491164
27.386773547094187,30.43243243243243,,100.0,1.0,100.0,-0.1011433513133091
27.585170340681366,30.43243243243243,,100.0,1.0,100.0,-0.1009758993380121
27.783567134268534,30.43243243243243,,100.0,1.0,100.0,-0.1008208498705531
27.98196392785571,30.43243243243243,,100.0,1.0,100.0,-0.1006780061469097
28.180360721442888,30.43243243243243,,100.0,1.0,100.0,-0.1005471713857651
28.378757515030063,30.43243243243243,,100.0,1.0,100.0,-0.1004281488401237
28.577154308617235,30.43243243243243,,100.0,1.0,100.0,-0.1003207418485701
28.7755511022044,30.43243243243243,,100.0,1.0,100.0,-0.1002247538860179
28.97394789579158,30.43243243243243,,100.0,1.0,100.0,-0.1001399886141248
29.172344689378757,30.43243243243243,,100.0,1.0,100.0,-0.1000662499311673
29.370741482965926,30.43243243243243,,100.0,1.0,100.0,-0.1000033420214826
29.5691382765531,30.43243243243243,,100.0,1.0,100.0,-0.0999510694044124
29.76753507014028,30.43243243243243,,100.0,1.0,100.0,-0.0999092369827577
29.965931863727448,30.43243243243243,,100.0,1.0,100.0,-0.0998776500907031
30.164328657314627,30.43243243243243,,100.0,1.0,100.0,-0.0998561145412341
30.36272545090181,30.43243243243243,,100.0,1.0,100.0,-0.0998444366730422
30.56112224448897,30.43243243243243,,100.0,1.0,100.0,-0.0998424233968482
30.759519038076157,30.43243243243243,,100.0,1.0,100.0,-0.099849882241232
30.957915831663332,30.43243243243243,,100.0,1.0,100.0,-0.0998666213978901
31.1563126252505,30.43243243243243,,100.0,1.0,100.0,-0.0998924497663609
31.35470941883768,30.43243243243243,,100.0,1.0,100.0,-0.0999271769981743
31.553106212424858,30.43243243243243,,100.0,1.0,100.0,-0.0999706135404974
31.751503006012022,30.43243243243243,,100.0,1.0,100.0,-0.1000225706791873
31.949899799599194,30.43243243243243,,100.0,1.0,100.0,-0.1000828605812939
32.14829659318637,30.43243243243243,,100.0,1.0,100.0,-0.1001512963370626
32.346693386773545,30.43243243243243,,100.0,1.0,100.0,-0.1002276920013629
32.545090180360724,30.43243243243243,,100.0,1.0,100.0,-0.1003118626345637
32.743486973947896,30.43243243243243,,100.0,1.0,100.0,-0.1004036243429054
32.941883767535074,30.43243243243243,,100.0,1.0,100.0,-0.100502794318341
33.140280561122246,30.43243243243243,,100.0,1.0,100.0,-0.1006091908778274
33.33867735470942,30.43243243243243,,100.0,1.0,100.0,-0.1007226335021418
33.5370741482966,30.43243243243243,,100.0,1.0,100.0,-0.1008429428741611
33.73547094188377,30.43243243243243,,100.0,1.0,100.0,-0.1009699409166438
33.93386773547095,30.43243243243243,,100.0,1.0,100.0,-0.1011034508295241
34.13226452905812,30.43243243243243,,100.0,1.0,100.0,-0.1012432971267239
34.3306613226453,30.43243243243243,,100.0,1.0,100.0,-0.1013893056724644
34.52905811623247,30.43243243243243,,100.0,1.0,100.0,-0.1015413037171288
34.72745490981965,30.43243243243243,,100.0,1.0,100.0,-0.1016991199326409
34.92585170340681,30.43243243243243,,100.0,1.0,100.0,-0.1018625844473933
35.12424849699399,30.43243243243243,,100.0,1.0,100.0,-0.1020315288807174
35.32264529058117,30.43243243243243,,100.0,1.0,100.0,-0.1022057863769182
35.521042084168336,30.43243243243243,,100.0,1.0,100.0,-0.102385191638833
35.719438877755515,30.43243243243243,,100.0,1.0,100.0,-0.1025695809609864
35.91783567134269,30.43243243243243,,100.0,1.0,100.0,-0.1027587922622921
36.11623246492986,30.43243243243243,,100.0,1.0,100.0,-0.102952665118338
36.31462925851703,30.43243243243243,,100.0,1.0,100.0,-0.1031510407932043
36.51302605210421,30.43243243243243,,100.0,1.0,100.0,-0.1033537622708686
36.71142284569138,30.43243243243243,,100.0,1.0,100.0,-0.1035606742862172
36.90981963927855,30.43243243243243,,100.0,1.0,100.0,-0.1037716233555603
37.10821643286573,30.43243243243243,,100.0,1.0,100.0,-0.1039864578067278
37.3066132264529,30.43243243243243,,100.0,1.0,100.0,-0.1042050278087739
37.505010020040075,30.43243243243243,,100.0,1.0,100.0,-0.1044271854011661
37.703406813627254,30.43243243243243,,100.0,1.0,100.0,-0.1046527845225527
37.90180360721443,30.43243243243243,,100.0,1.0,100.0,-0.1048816810391003
38.100200400801604,30.43243243243243,,100.0,1.0,100.0,-0.105113732772283
38.298597194388776,30.43243243243243,,100.0,1.0,100.0,-0.1053487995262685
38.496993987975955,30.43243243243243,,100.0,1.0,100.0,-0.1055867431147832
38.69539078156313,30.43243243243243,,100.0,1.0,100.0,-0.1058274273874306
38.8937875751503,30.43243243243243,,100.0,1.0,100.0,-0.1060707182555592
39.09218436873748,30.43243243243243,,100.0,1.0,100.0,-0.1063164837175292
39.29058116232465,30.43243243243243,,100.0,1.0,100.0,-0.1065645938834597
39.48897795591183,30.43243243243243,,100.0,1.0,100.0,-0.1068149209993747
39.687374749499,30.43243243243243,,100.0,1.0,100.0,-0.1070673394707703
39.88577154308617,30.43243243243243,,100.0,1.0,100.0,-0.1073217258855508
40.08416833667335,30.43243243243243,,100.0,1.0,100.0,-0.1075779590363409
40.28256513026052,30.43243243243243,,100.0,1.0,100.0,-0.107835919942083
40.4809619238477,30.43243243243243,,100.0,1.0,100.0,-0.108095491869036
40.67935871743487,30.43243243243243,,100.0,1.0,100.0,-0.1083565603509457
40.877755511022045,30.43243243243243,,100.0,1.0,100.0,-0.1086190132085556
41.07615230460922,30.43243243243243,,100.0,1.0,100.0,-0.1088827405682882
41.274549098196395,30.43243243243243,,100.0,1.0,100.0,-0.1091476348801905
41.47294589178357,30.43243243243243,,100.0,1.0,100.0,-0.1094135909349613
41.671342685370746,30.43243243243243,,100.0,1.0,100.0,-0.1096805058802061
41.86973947895792,30.43243243243243,,100.0,1.0,100.0,-0.109948279235724
42.06813627254509,30.43243243243243,,100.0,1.0,100.0,-0.1102168129079523
42.26653306613227,30.43243243243243,,100.0,1.0,100.0,-0.110486011203377
42.46492985971944,30.43243243243243,,100.0,1.0,100.0,-0.1107557808410344
42.66332665330661,30.43243243243243,,100.0,1.0,100.0,-0.1110260309639418
42.861723446893784,30.43243243243243,,100.0,1.0,100.0,-0.1112966731495213
43.06012024048097,30.43243243243243,,100.0,1.0,100.0,-0.1115676214189386
43.25851703406814,30.43243243243243,,100.0,1.0,100.0,-0.1118387922453489
43.45691382765531,30.43243243243243,,100.0,1.0,100.0,-0.1121101045609825
43.655310621242485,30.43243243243243,,100.0,1.0,100.0,-0.1123814797630865
43.85370741482966,30.43243243243243,,100.0,1.0,100.0,-0.112652841718717
44.05210420841683,30.43243243243243,,100.0,1.0,100.0,-0.1129241167682407
44.250501002004015,30.43243243243243,,100.0,1.0,100.0,-0.113195233727674
44.448897795591186,30.43243243243243,,100.0,1.0,100.0,-0.1134661238897097
44.64729458917836,30.43243243243243,,100.0,1.0,100.0,-0.1137367210234691
44.84569138276553,30.43243243243243,,100.0,1.0,100.0,-0.114006961372979
45.0440881763527,30.43243243243243,,100.0,1.0,100.0,-0.114276783654287
45.24248496993987,30.43243243243243,,100.0,1.0,100.0,-0.1145461290512581
45.440881763527045,30.43243243243243,,100.0,1.0,100.0,-0.1148149412099945
45.63927855711423,30.43243243243243,,100.0,1.0,100.0,-0.1150831662318981
45.8376753507014,30.43243243243243,,100.0,1.0,100.0,-0.1153507526653783
46.036072144288575,30.43243243243243,,100.0,1.0,100.0,-0.1156176514961009
46.23446893787575,30.43243243243243,,100.0,1.0,100.0,-0.1158838161359014
46.43286573146293,30.43243243243243,,100.0,1.0,100.0,-0.1161492024102839
46.631262525050104,30.43243243243243,,100.0,1.0,100.0,-0.1164137685444769
46.829659318637276,30.43243243243243,,100.0,1.0,100.0,-0.116677475148138
47.028056112224455,30.43243243243243,,100.0,1.0,100.0,-0.1169402851986326
47.22645290581163,30.43243243243243,,100.0,1.0,100.0,-0.1172021640229082
47.424849699398806,30.43243243243243,,100.0,1.0,100.0,-0.1174630792780005
47.62324649298598,30.43243243243243,,100.0,1.0,100.0,-0.1177230009301519
47.82164328657315,30.43243243243243,,100.0,1.0,100.0,-0.1179819012325729
48.02004008016032,30.43243243243243,,100.0,1.0,100.0,-0.1182397547018558
48.21843687374749,30.43243243243243,,100.0,1.0,100.0,-0.1184965380930436
48.41683366733468,30.43243243243243,,100.0,1.0,100.0,-0.1187522303734212
48.615230460921836,30.43243243243243,,100.0,1.0,100.0,-0.1190068126950039
48.81362725450902,30.43243243243243,,100.0,1.0,100.0,-0.1192602683657753
49.012024048096194,30.43243243243243,,100.0,1.0,100.0,-0.1195125828196949
49.21042084168337,30.43243243243243,,100.0,1.0,100.0,-0.1197637435855045
49.40881763527054,30.43243243243243,,100.0,1.0,100.0,-0.1200137402543916
49.60721442885771,30.43243243243243,,100.0,1.0,100.0,-0.1202625644465085
49.805611222444895,30.43243243243243,,100.0,1.0,100.0,-0.120510209776412
50.00400801603207,30.43243243243243,,100.0,1.0,100.0,-0.1207566718174509
50.20240480961924,30.43243243243243,,100.0,1.0,100.0,-0.1210019480651528
50.40080160320641,30.43243243243243,,100.0,1.0,100.0,-0.1212460378996754
50.59919839679358,30.43243243243243,,100.0,1.0,100.0,-0.1214889425472937
50.79759519038077,30.43243243243243,,100.0,1.0,100.0,-0.121730665041063
50.99599198396793,30.43243243243243,,100.0,1.0,100.0,-0.1219712101806654
51.19438877755511,30.43243243243243,,100.0,1.0,100.0,-0.1222105844914887
51.39278557114229,30.43243243243243,,100.0,1.0,100.0,-0.1224487961829799
51.59118236472946,30.43243243243243,,100.0,1.0,100.0,-0.1226858551063723
51.789579158316634,30.43243243243243,,100.0,1.0,100.0,-0.1229217727117744
51.987975951903806,30.43243243243243,,100.0,1.0,100.0,-0.1231565620047745
52.18637274549098,30.43243243243243,,100.0,1.0,100.0,-0.1233902375024785
52.38476953907816,30.43243243243243,,100.0,1.0,100.0,-0.123622815189197
52.583166332665336,30.43243243243243,,100.0,1.0,100.0,-0.1238543124716966
52.78156312625251,30.43243243243243,,100.0,1.0,100.0,-0.1240847481341687
52.97995991983967,30.43243243243243,,100.0,1.0,100.0,-0.1243141422929573
53.17835671342685,30.43243243243243,,100.0,1.0,100.0,-0.1245425163510359
53.37675350701403,30.43243243243243,,100.0,1.0,100.0,-0.1247698929524201
53.57515030060121,30.43243243243243,,100.0,1.0,100.0,-0.1249962959364159
53.77354709418837,30.43243243243243,,100.0,1.0,100.0,-0.1252217502919265
53.97194388777555,30.43243243243243,,100.0,1.0,100.0,-0.1254462821117214
54.17034068136273,30.43243243243243,,100.0,1.0,100.0,-0.1256699185468519
54.368737474949896,30.43243243243243,,100.0,1.0,100.0,-0.125892687761168
54.567134268537075,30.43243243243243,,100.0,1.0,100.0,-0.1261146188860563
54.765531062124246,30.43243243243243,,100.0,1.0,100.0,-0.1263357419754499
54.96392785571142,30.43243243243243,,100.0,1.0,100.0,-0.1265560879610796
55.1623246492986,30.43243243243243,,100.0,1.0,100.0,-0.1267756886081376
55.360721442885776,30.43243243243243,,100.0,1.0,100.0,-0.1269945764713343
55.55911823647295,30.43243243243243,,100.0,1.0,100.0,-0.1272127848513878
55.75751503006013,30.43243243243243,,100.0,1.0,100.0,-0.1274303477520091
55.95591182364729,30.43243243243243,,100.0,1.0,100.0,-0.1276472998374556
56.15430861723447,30.43243243243243,,100.0,1.0,100.0,-0.1278636763906447
56.35270541082165,30.43243243243243,,100.0,1.0,100.0,-0.1280795132718784
56.551102204408814,30.43243243243243,,100.0,1.0,100.0,-0.1282948468782516
56.74949899799599,30.43243243243243,,100.0,1.0,100.0,-0.1285097141037624
56.94789579158316,30.43243243243243,,100.0,1.0,100.0,-0.1287241523000973
57.146292585170336,30.43243243243243,,100.0,1.0,100.0,-0.1289381992382907
57.3446893787575,30.43243243243243,,100.0,1.0,100.0,-0.1291518930710224
57.543086172344694,30.43243243243243,,100.0,1.0,100.0,-0.1293652722958562
57.74148296593185,30.43243243243243,,100.0,1.0,100.0,-0.1295783757192776
57.93987975951904,30.43243243243243,,100.0,1.0,100.0,-0.1297912424216032
58.13827655310623,30.43243243243243,,100.0,1.0,100.0,-0.1300039117227485
58.336673346693395,30.43243243243243,,100.0,1.0,100.0,-0.1302164231489553
58.535070140280574,30.43243243243243,,100.0,1.0,100.0,-0.1304288164003791
58.73346693386774,30.43243243243243,,100.0,1.0,100.0,-0.1306411313196649
58.9318637274549,30.43243243243243,,100.0,1.0,100.0,-0.130853407861415
59.13026052104208,30.43243243243243,,100.0,1.0,100.0,-0.1310656860626907
59.32865731462926,30.43243243243243,,100.0,1.0,100.0,-0.1312780060143545
59.52705410821644,30.43243243243243,,100.0,1.0,100.0,-0.1314904078335107
59.72545090180361,30.43243243243243,,100.0,1.0,100.0,-0.1317029316368269
59.92384769539078,30.43243243243243,,100.0,1.0,100.0,-0.1319156175148751
60.12224448897794,30.43243243243243,,100.0,1.0,100.0,-0.1321285055073991
60.32064128256512,30.43243243243243,,100.0,1.0,100.0,-0.1323416355796119
60.51903807615231,30.43243243243243,,100.0,1.0,100.0,-0.1325550475993943
60.717434869739485,30.43243243243243,,100.0,1.0,100.0,-0.1327687813155077
60.915831663326664,30.43243243243243,,100.0,1.0,100.0,-0.1329828763366898
61.114228456913835,30.43243243243243,,100.0,1.0,100.0,-0.1331973721117915
61.312625250501,30.43243243243243,,100.0,1.0,100.0,-0.1334123079107497
61.51102204408818,30.43243243243243,,100.0,1.0,100.0,-0.1336277228065198
61.709418837675344,30.43243243243243,,100.0,1.0,100.0,-0.1338436556579257
61.90781563126252,30.43243243243243,,100.0,1.0,100.0,-0.134060145093399
62.1062124248497,30.43243243243243,,100.0,1.0,100.0,-0.1342772294955614
62.30460921843688,30.43243243243243,,100.0,1.0,100.0,-0.134494946986742
62.50300601202406,30.43243243243243,,100.0,1.0,100.0,-0.1347133354152443
62.701402805611224,30.43243243243243,,100.0,1.0,100.0,-0.1349324323425236
62.89979959919839,30.43243243243243,,100.0,1.0,100.0,-0.1351522750311479
63.09819639278557,30.43243243243243,,100.0,1.0,100.0,-0.1353729004335243
63.296593186372746,30.43243243243243,,100.0,1.0,100.0,-0.1355943451814092
63.494989979959925,30.43243243243243,,100.0,1.0,100.0,-0.1358166455762067
63.69338677354709,30.43243243243243,,100.0,1.0,100.0,-0.1360398375799354
63.89178356713427,30.43243243243243,,100.0,1.0,100.0,-0.1362639568069722
64.09018036072143,30.43243243243243,,100.0,1.0,100.0,-0.1364890385164122
64.28857715430863,30.43243243243243,,100.0,1.0,100.0,-0.1367151176051745
64.48697394789579,30.43243243243243,,100.0,1.0,100.0,-0.1369422286016987
64.68537074148296,30.43243243243243,,100.0,1.0,100.0,-0.137170405660312
64.88376753507015,30.43243243243243,,100.0,1.0,100.0,-0.1373996825561781
65.08216432865731,30.43243243243243,,100.0,1.0,100.0,-0.1376300926808363
65.28056112224449,30.43243243243243,,100.0,1.0,100.0,-0.1378616690383376
65.47895791583166,30.43243243243243,,100.0,1.0,100.0,-0.1380944442418696
65.67735470941884,30.43243243243243,,100.0,1.0,100.0,-0.1383284505110092
65.87575150300601,30.43243243243243,,100.0,1.0,100.0,-0.1385637196693724
66.0741482965932,30.43243243243243,,100.0,1.0,100.0,-0.1388002831428541
66.27254509018036,30.43243243243243,,100.0,1.0,100.0,-0.1390381719582668
66.47094188376754,30.43243243243243,,100.0,1.0,100.0,-0.1392774167425138
66.66933867735472,30.43243243243243,,100.0,1.0,100.0,-0.1395180477221285
66.8677354709419,30.43243243243243,,100.0,1.0,100.0,-0.1397600947233013
67.06613226452906,30.43243243243243,,100.0,1.0,100.0,-0.1400035871722781
67.26452905811624,30.43243243243243,,100.0,1.0,100.0,-0.1402485540961686
67.4629258517034,30.43243243243243,,100.0,1.0,100.0,-0.1404950241241392
67.6613226452906,30.43243243243243,,100.0,1.0,100.0,-0.1407430254889662
67.85971943887776,30.43243243243243,,100.0,1.0,100.0,-0.1409925860289432
68.05811623246494,30.43243243243243,,100.0,1.0,100.0,-0.141243733190165
68.2565130260521,30.43243243243243,,100.0,1.0,100.0,-0.1414964940290775
68.45490981963928,30.43243243243243,,100.0,1.0,100.0,-0.1417508952154144
68.65330661322645,30.43243243243243,,100.0,1.0,100.0,-0.1420069630354143
68.85170340681363,30.43243243243243,,100.0,1.0,100.0,-0.1422647233953433
69.05010020040079,30.43243243243243,,100.0,1.0,100.0,-0.1425242018253074
69.24849699398798,30.43243243243243,,100.0,1.0,100.0,-0.1427854234833965
69.44689378757515,30.43243243243243,,100.0,1.0,100.0,-0.1430484131599914
69.64529058116234,30.43243243243243,,100.0,1.0,100.0,-0.1433131952824875
69.84368737474949,30.43243243243243,,100.0,1.0,100.0,-0.1435797939201999
70.04208416833667,30.43243243243243,,100.0,1.0,100.0,-0.1438482327895287
70.24048096192385,30.43243243243243,,100.0,1.0,100.0,-0.1441185352594022
70.43887775551103,30.43243243243243,,100.0,1.0,100.0,-0.1443907243569713
70.6372745490982,30.43243243243243,,100.0,1.0,100.0,-0.1446648227735456
70.83567134268537,30.43243243243243,,100.0,1.0,100.0,-0.1449408528707595
71.03406813627254,30.43243243243243,,100.0,1.0,100.0,-0.145218836687018
71.23246492985973,30.43243243243243,,100.0,1.0,100.0,-0.1454987959440968
71.4308617234469,30.43243243243243,,100.0,1.0,100.0,-0.1457807520541199
71.62925851703406,30.43243243243243,,100.0,1.0,100.0,-0.1460647261266068
71.82765531062124,30.43243243243243,,100.0,1.0,100.0,-0.1463507389758787
72.0260521042084,30.43243243243243,,100.0,1.0,100.0,-0.146638811128636
72.2244488977956,30.43243243243243,,100.0,1.0,100.0,-0.1469289628317897
72.42284569138276,30.43243243243243,,100.0,1.0,100.0,-0.1472212140604868
72.62124248496994,30.43243243243243,,100.0,1.0,100.0,-0.1475155845264327
72.8196392785571,30.43243243243243,,100.0,1.0,100.0,-0.1478120936863696
73.01803607214428,30.43243243243243,,100.0,1.0,100.0,-0.1481107607508428
73.21643286573146,30.43243243243243,,100.0,1.0,100.0,-0.1484116046931568
73.41482965931863,30.43243243243243,,100.0,1.0,100.0,-0.1487146442585865
73.6132264529058,30.43243243243243,,100.0,1.0,100.0,-0.1490198979738108
73.81162324649299,30.43243243243243,,100.0,1.0,100.0,-0.1493273841565813
74.01002004008016,30.43243243243243,,100.0,1.0,100.0,-0.1496371209256125
74.20841683366733,30.43243243243243,,100.0,1.0,100.0,-0.1499491262107366
74.40681362725451,30.43243243243243,,100.0,1.0,100.0,-0.150263417763232
74.60521042084169,30.43243243243243,,100.0,1.0,100.0,-0.1505800131664632
74.80360721442887,30.43243243243243,,100.0,1.0,100.0,-0.1508989298466881
75.00200400801603,30.43243243243243,,100.0,1.0,100.0,-0.1512201850841714
75.20040080160321,30.43243243243243,,100.0,1.0,100.0,-0.1515437960244373
75.39879759519039,30.43243243243243,,100.0,1.0,100.0,-0.1518697796898702
75.59719438877755,30.43243243243243,,100.0,1.0,100.0,-0.1521981529914766
75.79559118236472,30.43243243243243,,100.0,1.0,100.0,-0.1525289327409357
75.99398797595191,30.43243243243243,,100.0,1.0,100.0,-0.1528621356628265
76.19238476953907,30.43243243243243,,100.0,1.0,100.0,-0.1531977784071833
76.39078156312625,30.43243243243243,,100.0,1.0,100.0,-0.1535358775622146
76.58917835671345,30.43243243243243,,100.0,1.0,100.0,-0.1538764496673001
76.7875751503006,30.43243243243243,,100.0,1.0,100.0,-0.1542195112262344
76.98597194388778,30.43243243243243,,100.0,1.0,100.0,-0.1545650787206789
77.18436873747495,30.43243243243243,,100.0,1.0,100.0,-0.1549131686239153
77.38276553106212,30.43243243243243,,100.0,1.0,100.0,-0.1552637974147666
77.5811623246493,30.43243243243243,,100.0,1.0,100.0,-0.1556169815918017
77.77955911823646,30.43243243243243,,100.0,1.0,100.0,-0.1559727376878041
77.97795591182366,30.43243243243243,,100.0,1.0,100.0,-0.1563310822844442
78.1763527054108,30.43243243243243,,100.0,1.0,100.0,-0.1566920320271744
78.374749498998,30.43243243243243,,100.0,1.0,100.0,-0.157055603640431
78.5731462925852,30.43243243243243,,100.0,1.0,100.0,-0.1574218139430033
78.77154308617234,30.43243243243243,,100.0,1.0,100.0,-0.1577906798637264
78.96993987975952,30.43243243243243,,100.0,1.0,100.0,-0.1581622184573025
79.1683366733467,30.43243243243243,,100.0,1.0,100.0,-0.1585364469204743
79.36673346693387,30.43243243243243,,100.0,1.0,100.0,-0.1589133826083244
79.56513026052104,30.43243243243243,,100.0,1.0,100.0,-0.1592930430509247
79.76352705410822,30.43243243243243,,100.0,1.0,100.0,-0.1596754459701095
79.9619238476954,30.43243243243243,,100.0,1.0,100.0,-0.160060609296585
80.16032064128257,30.43243243243243,,100.0,1.0,100.0,-0.1604485511871575
80.35871743486975,30.43243243243243,,100.0,1.0,100.0,-0.1608392900423073
80.55711422845691,30.43243243243243,,100.0,1.0,100.0,-0.1612328445239217
80.75551102204409,30.43243243243243,,100.0,1.0,100.0,-0.1616292335732775
80.95390781563127,30.43243243243243,,100.0,1.0,100.0,-0.162028476429245
81.15230460921843,30.43243243243243,,100.0,1.0,100.0,-0.1624305926467149
81.35070140280563,30.43243243243243,,100.0,1.0,100.0,-0.1628356021152608
81.54909819639279,30.43243243243243,,100.0,1.0,100.0,-0.1632435250780363
81.74749498997996,30.43243243243243,,100.0,1.0,100.0,-0.1636543821508431
81.94589178356713,30.43243243243243,,100.0,1.0,100.0,-0.164068194341487
82.14428857715431,30.43243243243243,,100.0,1.0,100.0,-0.1644849830692908
82.34268537074149,30.43243243243243,,100.0,1.0,100.0,-0.1649047701848853
82.54108216432866,30.43243243243243,,100.0,1.0,100.0,-0.1653275779901385
82.73947895791585,30.43243243243243,,100.0,1.0,100.0,-0.1657534292583929
82.937875751503,30.43243243243243,,100.0,1.0,100.0,-0.1661823472548539
83.13627254509018,30.43243243243243,,100.0,1.0,100.0,-0.1666143557571759
83.33466933867736,30.43243243243243,,100.0,1.0,100.0,-0.167049479076356
83.53306613226454,30.43243243243243,,100.0,1.0,100.0,-0.1674877420777082
83.7314629258517,30.43243243243243,,100.0,1.0,100.0,-0.1679291702021391
83.92985971943888,30.43243243243243,,100.0,1.0,100.0,-0.1683737894876092
84.12825651302606,30.43243243243243,,100.0,1.0,100.0,-0.1688216265907861
84.32665330661322,30.43243243243243,,100.0,1.0,100.0,-0.1692727088089061
84.5250501002004,30.43243243243243,,100.0,1.0,100.0,-0.1697270641018782
84.72344689378757,30.43243243243243,,100.0,1.0,100.0,-0.1701847211145162
84.92184368737476,30.43243243243243,,100.0,1.0,100.0,-0.1706457091990685
85.12024048096194,30.43243243243243,,100.0,1.0,100.0,-0.1711100584378679
85.3186372745491,30.43243243243243,,100.0,1.0,100.0,-0.1715777996662602
85.51703406813628,30.43243243243243,,100.0,1.0,100.0,-0.1720489644956266
85.71543086172345,30.43243243243243,,100.0,1.0,100.0,-0.1725235853367757
85.91382765531063,30.43243243243243,,100.0,1.0,100.0,-0.1730016954233327
86.1122244488978,30.43243243243243,,100.0,1.0,100.0,-0.1734833288355175
86.31062124248497,30.43243243243243,,100.0,1.0,100.0,-0.1739685205239838
86.50901803607215,30.43243243243243,,100.0,1.0,100.0,-0.1744573063339485
86.70741482965931,30.43243243243243,,100.0,1.0,100.0,-0.174949723029488
86.90581162324649,30.43243243243243,,100.0,1.0,100.0,-0.1754458083180211
87.10420841683366,30.43243243243243,,100.0,1.0,100.0,-0.1759456008750143
87.30260521042084,30.43243243243243,,100.0,1.0,100.0,-0.1764491403688967
87.50100200400803,30.43243243243243,,100.0,1.0,100.0,-0.1769564674861536
87.6993987975952,30.43243243243243,,100.0,1.0,100.0,-0.1774676239566333
87.89779559118237,30.43243243243243,,100.0,1.0,100.0,-0.1779826525790419
88.09619238476955,30.43243243243243,,100.0,1.0,100.0,-0.1785015972467071
88.29458917835672,30.43243243243243,,100.0,1.0,100.0,-0.1790245029734379
88.4929859719439,30.43243243243243,,100.0,1.0,100.0,-0.17955141591967
88.69138276553106,30.43243243243243,,100.0,1.0,100.0,-0.1800823834188007
88.88977955911824,30.43243243243243,,100.0,1.0,100.0,-0.1806174540037268
89.0881763527054,30.43243243243243,,100.0,1.0,100.0,-0.1811566774335833
89.28657314629258,30.43243243243243,,100.0,1.0,100.0,-0.1817001047206775
89.48496993987975,30.43243243243243,,100.0,1.0,100.0,-0.1822477881577068
89.68336673346693,30.43243243243243,,100.0,1.0,100.0,-0.1827997813450913
89.88176352705409,30.43243243243243,,100.0,1.0,100.0,-0.1833561392185891
90.08016032064127,30.43243243243243,,100.0,1.0,100.0,-0.1839169180770812
90.27855711422846,30.43243243243243,,100.0,1.0,100.0,-0.1844821756106315
90.47695390781564,30.43243243243243,,100.0,1.0,100.0,-0.1850519709286838
90.6753507014028,30.43243243243243,,100.0,1.0,100.0,-0.1856263645885872
90.87374749498998,30.43243243243243,,100.0,1.0,100.0,-0.186205418624231
91.07214428857715,30.43243243243243,,100.0,1.0,100.0,-0.1867891965749897
91.27054108216433,30.43243243243243,,100.0,1.0,100.0,-0.1873777635148371
91.46893787575152,30.43243243243243,,100.0,1.0,100.0,-0.1879711860817315
91.66733466933867,30.43243243243243,,100.0,1.0,100.0,-0.1885695325072294
91.86573146292585,30.43243243243243,,100.0,1.0,100.0,-0.1891728726463063
92.06412825651303,30.43243243243243,,100.0,1.0,100.0,-0.1897812780074103
92.26252505010021,30.43243243243243,,100.0,1.0,100.0,-0.1903948217828128
92.46092184368737,30.43243243243243,,100.0,1.0,100.0,-0.1910135788791247
92.65931863727455,30.43243243243243,,100.0,1.0,100.0,-0.1916376259481356
92.85771543086172,30.43243243243243,,100.0,1.0,100.0,-0.1922670414178174
93.05611222444891,30.43243243243243,,100.0,1.0,100.0,-0.1929019055236457
93.25450901803607,30.43243243243243,,100.0,1.0,100.0,-0.1935423003401351
93.45290581162325,30.43243243243243,,100.0,1.0,100.0,-0.1941883098126742
93.65130260521043,30.43243243243243,,100.0,1.0,100.0,-0.1948400197895542
93.84969939879761,30.43243243243243,,100.0,1.0,100.0,-0.1954975180543372
94.04809619238478,30.43243243243243,,100.0,1.0,100.0,-0.1961608943584154
94.24649298597195,30.43243243243243,,100.0,1.0,100.0,-0.1968302404539086
94.44488977955912,30.43243243243243,,100.0,1.0,100.0,-0.197505650126797
94.6432865731463,30.43243243243243,,100.0,1.0,100.0,-0.1981872192303341
94.84168336673346,30.43243243243243,,100.0,1.0,100.0,-0.1988750457187574
95.04008016032064,30.43243243243243,,100.0,1.0,100.0,-0.1995692296812606
95.2384769539078,30.43243243243243,,100.0,1.0,100.0,-0.2002698733762804
95.43687374749499,30.43243243243243,,100.0,1.0,100.0,-0.2009770812660594
95.63527054108215,30.43243243243243,,100.0,1.0,100.0,-0.2016909600515167
95.83366733466936,30.43243243243243,,100.0,1.0,100.0,-0.2024116187073851
96.03206412825652,30.43243243243243,,100.0,1.0,100.0,-0.2031391685177639
96.2304609218437,30.43243243243243,,100.0,1.0,100.0,-0.2038737231117746
96.42885771543087,30.43243243243243,,100.0,1.0,100.0,-0.2046153984997722
96.62725450901804,30.43243243243243,,100.0,1.0,100.0,-0.2053643131097152
96.82565130260521,30.43243243243243,,100.0,1.0,100.0,-0.2061205878238977
97.02404809619239,30.43243243243243,,100.0,1.0,100.0,-0.2068843460160384
97.22244488977958,30.43243243243243,,100.0,1.0,100.0,-0.2076557135886761
97.42084168336673,30.43243243243243,,100.0,1.0,100.0,-0.2084348190109047
97.6192384769539,30.43243243243243,,100.0,1.0,100.0,-0.2092217933564684
97.81763527054107,30.43243243243243,,100.0,1.0,100.0,-0.2100167703421869
98.01603206412825,30.43243243243243,,100.0,1.0,100.0,-0.2108198863667527
98.21442885771542,30.43243243243243,,100.0,1.0,100.0,-0.2116312805498716
98.4128256513026,30.43243243243243,,100.0,1.0,100.0,-0.2124510947717544
98.61122244488979,30.43243243243243,,100.0,1.0,100.0,-0.2132794737130431
98.80961923847698,30.43243243243243,,100.0,1.0,100.0,-0.2141165648950471
99.00801603206413,30.43243243243243,,100.0,1.0,100.0,-0.2149625187203574
99.2064128256513,30.43243243243243,,100.0,1.0,100.0,-0.215817488513911
99.40480961923848,30.43243243243243,,100.0,1.0,100.0,-0.2166816305643754
99.60320641282564,30.43243243243243,,100.0,1.0,100.0,-0.217555104166044
99.80160320641282,30.43243243243243,,100.0,1.0,100.0,-0.218438071660931
100.0,30.43243243243243,,100.0,1.0,100.0,-0.2193306984815395
1.0,33.108108108108105,,100.0,1.0,100.0,-0.3050389524333677
1.1983967935871744,33.108108108108105,,100.0,1.0,100.0,-0.3020182353736141
1.3967935871743486,33.108108108108105,,100.0,1.0,100.0,-0.2990231185344466
1.595190380761523,33.108108108108105,,100.0,1.0,100.0,-0.2960535717908276
1.7935871743486973,33.108108108108105,,100.0,1.0,100.0,-0.2931095671184061
1.9919839679358717,33.108108108108105,,100.0,1.0,100.0,-0.2901910784512117
2.190380761523046,33.108108108108105,,100.0,1.0,100.0,-0.2872980815418064
2.38877755511022,33.108108108108105,,100.0,1.0,100.0,-0.284430553823935
2.5871743486973946,33.108108108108105,,100.0,1.0,100.0,-0.2815884742776395
2.785571142284569,33.108108108108105,,100.0,1.0,100.0,-0.2787718232967793
2.9839679358717435,33.108108108108105,,100.0,1.0,100.0,-0.275980582559016
3.182364729458918,33.108108108108105,,100.0,1.0,100.0,-0.2732147348981886
3.380761523046093,33.108108108108105,,100.0,1.0,100.0,-0.2704742641790499
3.579158316633267,33.108108108108105,,100.0,1.0,100.0,-0.2677591551744012
3.7775551102204403,33.108108108108105,,100.0,1.0,100.0,-0.2650693934445903
3.9759519038076157,33.108108108108105,,100.0,1.0,100.0,-0.2624049652193164
4.174348697394789,33.108108108108105,,100.0,1.0,100.0,-0.2597658572817554
4.372745490981964,33.108108108108105,,100.0,1.0,100.0,-0.2571520568550526
4.571142284569138,33.108108108108105,,100.0,1.0,100.0,-0.254563551491028
4.7695390781563125,33.108108108108105,,100.0,1.0,100.0,-0.2520003289612093
4.967935871743487,33.108108108108105,,100.0,1.0,100.0,-0.2494623771501369
5.166332665330662,33.108108108108105,,100.0,1.0,100.0,-0.2469496839508767
5.364729458917837,33.108108108108105,,100.0,1.0,100.0,-0.2444622371628295
5.563126252505009,33.108108108108105,,100.0,1.0,100.0,-0.2420000243917239
5.761523046092185,33.108108108108105,,100.0,1.0,100.0,-0.2395630329518433
5.959919839679359,33.108108108108105,,100.0,1.0,100.0,-0.2371512497704615
6.158316633266534,33.108108108108105,,100.0,1.0,100.0,-0.2347646612944651
6.356713426853707,33.108108108108105,,100.0,1.0,100.0,-0.2324032533991667
6.555110220440882,33.108108108108105,,100.0,1.0,100.0,-0.2300670112992945
6.753507014028057,33.108108108108105,,100.0,1.0,100.0,-0.2277559194621232
6.951903807615231,33.108108108108105,,100.0,1.0,100.0,-0.2254699615227933
7.150300601202405,33.108108108108105,,100.0,1.0,100.0,-0.2232091202017475
7.348697394789579,33.108108108108105,,100.0,1.0,100.0,-0.2209733772243433
7.547094188376754,33.108108108108105,,100.0,1.0,100.0,-0.2187627132425452
7.745490981963927,33.108108108108105,,100.0,1.0,100.0,-0.2165771077587943
7.9438877755511,33.108108108108105,,100.0,1.0,100.0,-0.2144165390519274
8.142284569138276,33.108108108108105,,100.0,1.0,100.0,-0.2122809841052949
8.340681362725451,33.108108108108105,,100.0,1.0,100.0,-0.2101704185368761
8.539078156312625,33.108108108108105,,100.0,1.0,100.0,-0.2080848165315837
8.737474949899799,33.108108108108105,,100.0,1.0,100.0,-0.2060241507755757
8.935871743486974,33.108108108108105,,100.0,1.0,100.0,-0.2039883923927321
9.13426853707415,33.108108108108105,,100.0,1.0,100.0,-0.201977510883126
9.332665330661325,33.108108108108105,,100.0,1.0,100.0,-0.1999914740636329
9.531062124248498,33.108108108108105,,100.0,1.0,100.0,-0.1980302480105605
9.729458917835672,33.108108108108105,,100.0,1.0,100.0,-0.1960937970043612
9.927855711422845,33.108108108108105,,100.0,1.0,100.0,-0.1941820834764007
10.126252505010019,33.108108108108105,,100.0,1.0,100.0,-0.1922950679577595
10.324649298597194,33.108108108108105,,100.0,1.0,100.0,-0.1904327090300907
10.52304609218437,33.108108108108105,,100.0,1.0,100.0,-0.1885949632785148
10.721442885771543,33.108108108108105,,100.0,1.0,100.0,-0.1867817852465469
10.919839679358718,33.108108108108105,,100.0,1.0,100.0,-0.1849931273930595
11.118236472945892,33.108108108108105,,100.0,1.0,100.0,-0.1832289400512357
11.316633266533067,33.108108108108105,,100.0,1.0,100.0,-0.181489171389593
11.515030060120242,33.108108108108105,,100.0,1.0,100.0,-0.1797737673749687
11.713426853707414,33.108108108108105,,100.0,1.0,100.0,-0.178082671737546
11.91182364729459,33.108108108108105,,100.0,1.0,100.0,-0.176415825937843
12.110220440881761,33.108108108108105,,100.0,1.0,100.0,-0.1747731691357394
12.308617234468937,33.108108108108105,,100.0,1.0,100.0,-0.1731546381614394
12.507014028056114,33.108108108108105,,100.0,1.0,100.0,-0.1715601674884541
12.705410821643287,33.108108108108105,,100.0,1.0,100.0,-0.1699896892085385
12.903807615230463,33.108108108108105,,100.0,1.0,100.0,-0.168443133008569
13.102204408817634,33.108108108108105,,100.0,1.0,100.0,-0.1669204261494289
13.30060120240481,33.108108108108105,,100.0,1.0,100.0,-0.1654214934467884
13.498997995991983,33.108108108108105,,100.0,1.0,100.0,-0.1639462572538426
13.697394789579159,33.108108108108105,,100.0,1.0,100.0,-0.162494637445988
13.895791583166334,33.108108108108105,,100.0,1.0,100.0,-0.1610665514073862
14.094188376753507,33.108108108108105,,100.0,1.0,100.0,-0.1596619140194609
14.292585170340683,33.108108108108105,,100.0,1.0,100.0,-0.1582806376512693
14.490981963927855,33.108108108108105,,100.0,1.0,100.0,-0.1569226321517718
14.689378757515032,33.108108108108105,,100.0,1.0,100.0,-0.1555878048439596
14.887775551102203,33.108108108108105,,100.0,1.0,100.0,-0.1542760605208218
15.086172344689379,33.108108108108105,,100.0,1.0,100.0,-0.1529873014431946
15.284569138276554,33.108108108108105,,100.0,1.0,100.0,-0.1517214273394015
15.482965931863726,33.108108108108105,,100.0,1.0,100.0,-0.1504783354067039
15.681362725450903,33.108108108108105,,100.0,1.0,100.0,-0.1492579203145586
15.879759519038075,33.108108108108105,,100.0,1.0,100.0,-0.1480600742096536
16.07815631262525,33.108108108108105,,100.0,1.0,100.0,-0.1468846867226676
16.276553106212425,33.108108108108105,,100.0,1.0,100.0,-0.1457316449768284
16.474949899799597,33.108108108108105,,100.0,1.0,100.0,-0.1446008335980947
16.673346693386772,33.108108108108105,,100.0,1.0,100.0,-0.1434921347271276
16.871743486973948,33.108108108108105,,100.0,1.0,100.0,-0.1424054280328911
17.070140280561123,33.108108108108105,,100.0,1.0,100.0,-0.1413405907278925
17.2685370741483,33.108108108108105,,100.0,1.0,100.0,-0.1402974975850693
17.466933867735474,33.108108108108105,,100.0,1.0,100.0,-0.1392760209562789
17.66533066132265,33.108108108108105,,100.0,1.0,100.0,-0.1382760307923554
17.86372745490982,33.108108108108105,,100.0,1.0,100.0,-0.1372973946647085
18.062124248496996,33.108108108108105,,100.0,1.0,100.0,-0.1363399777884454
18.260521042084168,33.108108108108105,,100.0,1.0,100.0,-0.1354036430470341
18.458917835671343,33.108108108108105,,100.0,1.0,100.0,-0.1344882510183335
18.657314629258515,33.108108108108105,,100.0,1.0,100.0,-0.1335936600021394
18.85571142284569,33.108108108108105,,100.0,1.0,100.0,-0.1327197260491094
19.054108216432866,33.108108108108105,,100.0,1.0,100.0,-0.1318663029910178
19.252505010020037,33.108108108108105,,100.0,1.0,100.0,-0.131033242472412
19.450901803607216,33.108108108108105,,100.0,1.0,100.0,-0.1302203939835217
19.649298597194388,33.108108108108105,,100.0,1.0,100.0,-0.129427604894445
19.847695390781563,33.108108108108105,,100.0,1.0,100.0,-0.1286547204905831
20.04609218436874,33.108108108108105,,100.0,1.0,100.0,-0.1279015840092471
20.244488977955914,33.108108108108105,,100.0,1.0,100.0,-0.1271680366774412
20.442885771543086,33.108108108108105,,100.0,1.0,100.0,-0.1264539177507422
20.64128256513026,33.108108108108105,,100.0,1.0,100.0,-0.1257590645533065
20.839679358717436,33.108108108108105,,100.0,1.0,100.0,-0.1250833125188517
21.03807615230461,33.108108108108105,,100.0,1.0,100.0,-0.1244264952327125
21.236472945891784,33.108108108108105,,100.0,1.0,100.0,-0.1237884444748055
21.43486973947896,33.108108108108105,,100.0,1.0,100.0,-0.1231689902635405
21.633266533066134,33.108108108108105,,100.0,1.0,100.0,-0.1225679609006102
21.831663326653306,33.108108108108105,,100.0,1.0,100.0,-0.1219851830166109
22.030060120240485,33.108108108108105,,100.0,1.0,100.0,-0.1214204816174805
22.228456913827657,33.108108108108105,,100.0,1.0,100.0,-0.1208736801316632
22.42685370741483,33.108108108108105,,100.0,1.0,100.0,-0.1203446004580062
22.625250501002007,33.108108108108105,,100.0,1.0,100.0,-0.1198330630143362
22.82364729458918,33.108108108108105,,100.0,1.0,100.0,-0.1193388867866387
23.02204408817635,33.108108108108105,,100.0,1.0,100.0,-0.1188618893788421
23.220440881763523,33.108108108108105,,100.0,1.0,100.0,-0.1184018870631279
23.4188376753507,33.108108108108105,,100.0,1.0,100.0,-0.1179586948307943
23.617234468937873,33.108108108108105,,100.0,1.0,100.0,-0.1175321264434608
23.815631262525052,33.108108108108105,,100.0,1.0,100.0,-0.1171219944848565
24.014028056112227,33.108108108108105,,100.0,1.0,100.0,-0.1167281104128212
24.212424849699403,33.108108108108105,,100.0,1.0,100.0,-0.1163502846117532
24.410821643286575,33.108108108108105,,100.0,1.0,100.0,-0.1159883264452974
24.609218436873746,33.108108108108105,,100.0,1.0,100.0,-0.1156420443092958
24.807615230460925,33.108108108108105,,100.0,1.0,100.0,-0.1153112456849607
25.006012024048097,33.108108108108105,,100.0,1.0,100.0,-0.1149957371922151
25.20440881763527,33.108108108108105,,100.0,1.0,100.0,-0.1146953246431481
25.402805611222448,33.108108108108105,,100.0,1.0,100.0,-0.114409813095616
25.60120240480962,33.108108108108105,,100.0,1.0,100.0,-0.114139006906869
25.79959919839679,33.108108108108105,,100.0,1.0,100.0,-0.1138827097871941
25.997995991983966,33.108108108108105,,100.0,1.0,100.0,-0.1136407248535855
26.196392785571145,33.108108108108105,,100.0,1.0,100.0,-0.1134128546833336
26.394789579158317,33.108108108108105,,100.0,1.0,100.0,-0.1131989013675695
26.59318637274549,33.108108108108105,,100.0,1.0,100.0,-0.1129986665646664
26.791583166332664,33.108108108108105,,100.0,1.0,100.0,-0.1128119515535375
26.98997995991984,33.108108108108105,,100.0,1.0,100.0,-0.1126385572867362
27.188376753507008,33.108108108108105,,100.0,1.0,100.0,-0.1124782844433774
27.386773547094187,33.108108108108105,,100.0,1.0,100.0,-0.1123309334818173
27.585170340681366,33.108108108108105,,100.0,1.0,100.0,-0.1121963046921082
27.783567134268534,33.108108108108105,,100.0,1.0,100.0,-0.1120741982481454
27.98196392785571,33.108108108108105,,100.0,1.0,100.0,-0.1119644142595712
28.180360721442888,33.108108108108105,,100.0,1.0,100.0,-0.1118667528232787
28.378757515030063,33.108108108108105,,100.0,1.0,100.0,-0.1117810140746373
28.577154308617235,33.108108108108105,,100.0,1.0,100.0,-0.1117069982383843
28.7755511022044,33.108108108108105,,100.0,1.0,100.0,-0.111644505679037
28.97394789579158,33.108108108108105,,100.0,1.0,100.0,-0.1115933369510281
29.172344689378757,33.108108108108105,,100.0,1.0,100.0,-0.1115532928483534
29.370741482965926,33.108108108108105,,100.0,1.0,100.0,-0.1115241744538452
29.5691382765531,33.108108108108105,,100.0,1.0,100.0,-0.1115057831880033
29.76753507014028,33.108108108108105,,100.0,1.0,100.0,-0.1114979208573596
29.965931863727448,33.108108108108105,,100.0,1.0,100.0,-0.111500389702437
30.164328657314627,33.108108108108105,,100.0,1.0,100.0,-0.1115129924451964
30.36272545090181,33.108108108108105,,100.0,1.0,100.0,-0.1115355323360636
30.56112224448897,33.108108108108105,,100.0,1.0,100.0,-0.1115678132004589
30.759519038076157,33.108108108108105,,100.0,1.0,100.0,-0.1116096394848608
30.957915831663332,33.108108108108105,,100.0,1.0,100.0,-0.1116608163023645
31.1563126252505,33.108108108108105,,100.0,1.0,100.0,-0.1117211494778134
31.35470941883768,33.108108108108105,,100.0,1.0,100.0,-0.1117904455923872
31.553106212424858,33.108108108108105,,100.0,1.0,100.0,-0.1118685120277642
31.751503006012022,33.108108108108105,,100.0,1.0,100.0,-0.1119551570097476
31.949899799599194,33.108108108108105,,100.0,1.0,100.0,-0.112050189651443
32.14829659318637,33.108108108108105,,100.0,1.0,100.0,-0.112153419995963
32.346693386773545,33.108108108108105,,100.0,1.0,100.0,-0.1122646590586415
32.545090180360724,33.108108108108105,,100.0,1.0,100.0,-0.1123837188687738
32.743486973947896,33.108108108108105,,100.0,1.0,100.0,-0.1125104125109093
32.941883767535074,33.108108108108105,,100.0,1.0,100.0,-0.1126445541656411
33.140280561122246,33.108108108108105,,100.0,1.0,100.0,-0.1127859591500064
33.33867735470942,33.108108108108105,,100.0,1.0,100.0,-0.1129344439573588
33.5370741482966,33.108108108108105,,100.0,1.0,100.0,-0.113089826296846
33.73547094188377,33.108108108108105,,100.0,1.0,100.0,-0.1132519251323856
33.93386773547095,33.108108108108105,,100.0,1.0,100.0,-0.113420560721292
34.13226452905812,33.108108108108105,,100.0,1.0,100.0,-0.1135955546523938
34.3306613226453,33.108108108108105,,100.0,1.0,100.0,-0.1137767298837444
34.52905811623247,33.108108108108105,,100.0,1.0,100.0,-0.1139639107799191
34.72745490981965,33.108108108108105,,100.0,1.0,100.0,-0.1141569231488828
34.92585170340681,33.108108108108105,,100.0,1.0,100.0,-0.1143555942784536
35.12424849699399,33.108108108108105,,100.0,1.0,100.0,-0.1145597529723407
35.32264529058117,33.108108108108105,,100.0,1.0,100.0,-0.114769229585777
35.521042084168336,33.108108108108105,,100.0,1.0,100.0,-0.1149838560607205
35.719438877755515,33.108108108108105,,100.0,1.0,100.0,-0.1152034659607039
35.91783567134269,33.108108108108105,,100.0,1.0,100.0,-0.1154278945052079
36.11623246492986,33.108108108108105,,100.0,1.0,100.0,-0.115656978603661
36.31462925851703,33.108108108108105,,100.0,1.0,100.0,-0.1158905568890338
36.51302605210421,33.108108108108105,,100.0,1.0,100.0,-0.1161284697509855
36.71142284569138,33.108108108108105,,100.0,1.0,100.0,-0.116370559368616
36.90981963927855,33.108108108108105,,100.0,1.0,100.0,-0.1166166697427948
37.10821643286573,33.108108108108105,,100.0,1.0,100.0,-0.1168666467280137
37.3066132264529,33.108108108108105,,100.0,1.0,100.0,-0.1171203380638805
37.505010020040075,33.108108108108105,,100.0,1.0,100.0,-0.1173775934060438
37.703406813627254,33.108108108108105,,100.0,1.0,100.0,-0.1176382643568009
37.90180360721443,33.108108108108105,,100.0,1.0,100.0,-0.1179022044950928
38.100200400801604,33.108108108108105,,100.0,1.0,100.0,-0.118169269406093
38.298597194388776,33.108108108108105,,100.0,1.0,100.0,-0.1184393167102791
38.496993987975955,33.108108108108105,,100.0,1.0,100.0,-0.1187122060919758
38.69539078156313,33.108108108108105,,100.0,1.0,100.0,-0.118987799327338
38.8937875751503,33.108108108108105,,100.0,1.0,100.0,-0.1192659603118316
39.09218436873748,33.108108108108105,,100.0,1.0,100.0,-0.1195465550870993
39.29058116232465,33.108108108108105,,100.0,1.0,100.0,-0.1198294518672251
39.48897795591183,33.108108108108105,,100.0,1.0,100.0,-0.1201145210643908
39.687374749499,33.108108108108105,,100.0,1.0,100.0,-0.120401635313877
39.88577154308617,33.108108108108105,,100.0,1.0,100.0,-0.120690669498405
40.08416833667335,33.108108108108105,,100.0,1.0,100.0,-0.1209815007717728
40.28256513026052,33.108108108108105,,100.0,1.0,100.0,-0.1212740085817452
40.4809619238477,33.108108108108105,,100.0,1.0,100.0,-0.1215680746922442
40.67935871743487,33.108108108108105,,100.0,1.0,100.0,-0.1218635832046926
40.877755511022045,33.108108108108105,,100.0,1.0,100.0,-0.1221604205785744
41.07615230460922,33.108108108108105,,100.0,1.0,100.0,-0.122458475651175
41.274549098196395,33.108108108108105,,100.0,1.0,100.0,-0.122757639656398
41.47294589178357,33.108108108108105,,100.0,1.0,100.0,-0.1230578062426935
41.671342685370746,33.108108108108105,,100.0,1.0,100.0,-0.1233588714901006
41.86973947895792,33.108108108108105,,100.0,1.0,100.0,-0.1236607339262114
42.06813627254509,33.108108108108105,,100.0,1.0,100.0,-0.1239632945412425
42.26653306613227,33.108108108108105,,100.0,1.0,100.0,-0.1242664568020021
42.46492985971944,33.108108108108105,,100.0,1.0,100.0,-0.1245701266648162
42.66332665330661,33.108108108108105,,100.0,1.0,100.0,-0.1248742125873689
42.861723446893784,33.108108108108105,,100.0,1.0,100.0,-0.1251786255393668
43.06012024048097,33.108108108108105,,100.0,1.0,100.0,-0.1254832790121185
43.25851703406814,33.108108108108105,,100.0,1.0,100.0,-0.1257880890268392
43.45691382765531,33.108108108108105,,100.0,1.0,100.0,-0.1260929741418216
43.655310621242485,33.108108108108105,,100.0,1.0,100.0,-0.1263978554582906
43.85370741482966,33.108108108108105,,100.0,1.0,100.0,-0.1267026566250226
44.05210420841683,33.108108108108105,,100.0,1.0,100.0,-0.1270073038416779
44.250501002004015,33.108108108108105,,100.0,1.0,100.0,-0.1273117258607365
44.448897795591186,33.108108108108105,,100.0,1.0,100.0,-0.1276158539882231
44.64729458917836,33.108108108108105,,100.0,1.0,100.0,-0.1279196220829132
44.84569138276553,33.108108108108105,,100.0,1.0,100.0,-0.1282229665542661
45.0440881763527,33.108108108108105,,100.0,1.0,100.0,-0.1285258263589015
45.24248496993987,33.108108108108105,,100.0,1.0,100.0,-0.1288281429956739
45.440881763527045,33.108108108108105,,100.0,1.0,100.0,-0.1291298604993179
45.63927855711423,33.108108108108105,,100.0,1.0,100.0,-0.1294309254326284
45.8376753507014,33.108108108108105,,100.0,1.0,100.0,-0.1297312868772282
46.036072144288575,33.108108108108105,,100.0,1.0,100.0,-0.1300308964228496
46.23446893787575,33.108108108108105,,100.0,1.0,100.0,-0.1303297081551448
46.43286573146293,33.108108108108105,,100.0,1.0,100.0,-0.1306276786420629
46.631262525050104,33.108108108108105,,100.0,1.0,100.0,-0.1309247669187638
46.829659318637276,33.108108108108105,,100.0,1.0,100.0,-0.131220934470999
47.028056112224455,33.108108108108105,,100.0,1.0,100.0,-0.1315161452171762
47.22645290581163,33.108108108108105,,100.0,1.0,100.0,-0.1318103654888415
47.424849699398806,33.108108108108105,,100.0,1.0,100.0,-0.1321035640098197
47.62324649298598,33.108108108108105,,100.0,1.0,100.0,-0.1323957118738977
47.82164328657315,33.108108108108105,,100.0,1.0,100.0,-0.1326867825211114
48.02004008016032,33.108108108108105,,100.0,1.0,100.0,-0.1329767517126723
48.21843687374749,33.108108108108105,,100.0,1.0,100.0,-0.133265597504484
48.41683366733468,33.108108108108105,,100.0,1.0,100.0,-0.1335533002194086
48.615230460921836,33.108108108108105,,100.0,1.0,100.0,-0.1338398424181426
48.81362725450902,33.108108108108105,,100.0,1.0,100.0,-0.1341252088688538
49.012024048096194,33.108108108108105,,100.0,1.0,100.0,-0.1344093865155852
49.21042084168337,33.108108108108105,,100.0,1.0,100.0,-0.1346923644454607
49.40881763527054,33.108108108108105,,100.0,1.0,100.0,-0.1349741338546608
49.60721442885771,33.108108108108105,,100.0,1.0,100.0,-0.1352546880133287
49.805611222444895,33.108108108108105,,100.0,1.0,100.0,-0.1355340222293887
50.00400801603207,33.108108108108105,,100.0,1.0,100.0,-0.1358121338112786
50.20240480961924,33.108108108108105,,100.0,1.0,100.0,-0.1360890220297299
50.40080160320641,33.108108108108105,,100.0,1.0,100.0,-0.1363646880785648
50.59919839679358,33.108108108108105,,100.0,1.0,100.0,-0.1366391350346312
50.79759519038077,33.108108108108105,,100.0,1.0,100.0,-0.1369123678168554
50.99599198396793,33.108108108108105,,100.0,1.0,100.0,-0.1371843931445265
51.19438877755511,33.108108108108105,,100.0,1.0,100.0,-0.1374552194948501
51.39278557114229,33.108108108108105,,100.0,1.0,100.0,-0.137724857059779
51.59118236472946,33.108108108108105,,100.0,1.0,100.0,-0.1379933177022654
51.789579158316634,33.108108108108105,,100.0,1.0,100.0,-0.1382606149119061
51.987975951903806,33.108108108108105,,100.0,1.0,100.0,-0.1385267637601344
52.18637274549098,33.108108108108105,,100.0,1.0,100.0,-0.1387917808548798
52.38476953907816,33.108108108108105,,100.0,1.0,100.0,-0.1390556842949276
52.583166332665336,33.108108108108105,,100.0,1.0,100.0,-0.1393184936238758
52.78156312625251,33.108108108108105,,100.0,1.0,100.0,-0.1395802297838783
52.97995991983967,33.108108108108105,,100.0,1.0,100.0,-0.1398409150691322
53.17835671342685,33.108108108108105,,100.0,1.0,100.0,-0.1401005730792607
53.37675350701403,33.108108108108105,,100.0,1.0,100.0,-0.1403592286725717
53.57515030060121,33.108108108108105,,100.0,1.0,100.0,-0.1406169079193038
53.77354709418837,33.108108108108105,,100.0,1.0,100.0,-0.1408736380548968
53.97194388777555,33.108108108108105,,100.0,1.0,100.0,-0.1411294474333702
54.17034068136273,33.108108108108105,,100.0,1.0,100.0,-0.1413843654807937
54.368737474949896,33.108108108108105,,100.0,1.0,100.0,-0.1416384226490247
54.567134268537075,33.108108108108105,,100.0,1.0,100.0,-0.141891650369626
54.765531062124246,33.108108108108105,,100.0,1.0,100.0,-0.1421440810081883
54.96392785571142,33.108108108108105,,100.0,1.0,100.0,-0.1423957478189088
55.1623246492986,33.108108108108105,,100.0,1.0,100.0,-0.1426466848996422
55.360721442885776,33.108108108108105,,100.0,1.0,100.0,-0.1428969271474299
55.55911823647295,33.108108108108105,,100.0,1.0,100.0,-0.1431465102144651
55.75751503006013,33.108108108108105,,100.0,1.0,100.0,-0.1433954704646748
55.95591182364729,33.108108108108105,,100.0,1.0,100.0,-0.1436438449308757
56.15430861723447,33.108108108108105,,100.0,1.0,100.0,-0.1438916712725378
56.35270541082165,33.108108108108105,,100.0,1.0,100.0,-0.1441389877342974
56.551102204408814,33.108108108108105,,100.0,1.0,100.0,-0.1443858331051036
56.74949899799599,33.108108108108105,,100.0,1.0,100.0,-0.1446322466781601
56.94789579158316,33.108108108108105,,100.0,1.0,100.0,-0.144878268211633
57.146292585170336,33.108108108108105,,100.0,1.0,100.0,-0.1451239378901736
57.3446893787575,33.108108108108105,,100.0,1.0,100.0,-0.1453692962873009
57.543086172344694,33.108108108108105,,100.0,1.0,100.0,-0.1456143843285899
57.74148296593185,33.108108108108105,,100.0,1.0,100.0,-0.1458592432558182
57.93987975951904,33.108108108108105,,100.0,1.0,100.0,-0.1461039145919848
58.13827655310623,33.108108108108105,,100.0,1.0,100.0,-0.1463484401072581
58.336673346693395,33.108108108108105,,100.0,1.0,100.0,-0.1465928617858832
58.535070140280574,33.108108108108105,,100.0,1.0,100.0,-0.1468372217940371
58.73346693386774,33.108108108108105,,100.0,1.0,100.0,-0.1470815624486634
58.9318637274549,33.108108108108105,,100.0,1.0,100.0,-0.1473259261872831
59.13026052104208,33.108108108108105,,100.0,1.0,100.0,-0.1475703555387788
59.32865731462926,33.108108108108105,,100.0,1.0,100.0,-0.1478148930952072
59.52705410821644,33.108108108108105,,100.0,1.0,100.0,-0.1480595814845762
59.72545090180361,33.108108108108105,,100.0,1.0,100.0,-0.1483044633446333
59.92384769539078,33.108108108108105,,100.0,1.0,100.0,-0.1485495812976466
60.12224448897794,33.108108108108105,,100.0,1.0,100.0,-0.1487949779262014
60.32064128256512,33.108108108108105,,100.0,1.0,100.0,-0.1490406957499199
60.51903807615231,33.108108108108105,,100.0,1.0,100.0,-0.1492867772032767
60.717434869739485,33.108108108108105,,100.0,1.0,100.0,-0.1495332646142677
60.915831663326664,33.108108108108105,,100.0,1.0,100.0,-0.14978020018414
61.114228456913835,33.108108108108105,,100.0,1.0,100.0,-0.1500276259680329
61.312625250501,33.108108108108105,,100.0,1.0,100.0,-0.15027558385654
61.51102204408818,33.108108108108105,,100.0,1.0,100.0,-0.1505241155582778
61.709418837675344,33.108108108108105,,100.0,1.0,100.0,-0.1507732625832856
61.90781563126252,33.108108108108105,,100.0,1.0,100.0,-0.1510230662273738
62.1062124248497,33.108108108108105,,100.0,1.0,100.0,-0.1512735675573345
62.30460921843688,33.108108108108105,,100.0,1.0,100.0,-0.1515248073970168
62.50300601202406,33.108108108108105,,100.0,1.0,100.0,-0.1517768263142839
62.701402805611224,33.108108108108105,,100.0,1.0,100.0,-0.1520296646087212
62.89979959919839,33.108108108108105,,100.0,1.0,100.0,-0.1522833623002343
63.09819639278557,33.108108108108105,,100.0,1.0,100.0,-0.1525379591183778
63.296593186372746,33.108108108108105,,100.0,1.0,100.0,-0.1527934944924428
63.494989979959925,33.108108108108105,,100.0,1.0,100.0,-0.1530500075423859
63.69338677354709,33.108108108108105,,100.0,1.0,100.0,-0.1533075370703216
63.89178356713427,33.108108108108105,,100.0,1.0,100.0,-0.1535661215528637
64.09018036072143,33.108108108108105,,100.0,1.0,100.0,-0.1538257991340771
64.28857715430863,33.108108108108105,,100.0,1.0,100.0,-0.1540866076190713
64.48697394789579,33.108108108108105,,100.0,1.0,100.0,-0.1543485844682772
64.68537074148296,33.108108108108105,,100.0,1.0,100.0,-0.1546117667923355
64.88376753507015,33.108108108108105,,100.0,1.0,100.0,-0.1548761913475256
65.08216432865731,33.108108108108105,,100.0,1.0,100.0,-0.1551418945318478
65.28056112224449,33.108108108108105,,100.0,1.0,100.0,-0.1554089123816029
65.47895791583166,33.108108108108105,,100.0,1.0,100.0,-0.1556772805684935
65.67735470941884,33.108108108108105,,100.0,1.0,100.0,-0.1559470343973207
65.87575150300601,33.108108108108105,,100.0,1.0,100.0,-0.1562182088040853
66.0741482965932,33.108108108108105,,100.0,1.0,100.0,-0.1564908383545943
66.27254509018036,33.108108108108105,,100.0,1.0,100.0,-0.1567649572435492
66.47094188376754,33.108108108108105,,100.0,1.0,100.0,-0.15704059929406
66.66933867735472,33.108108108108105,,100.0,1.0,100.0,-0.1573177979575737
66.8677354709419,33.108108108108105,,100.0,1.0,100.0,-0.1575965863141963
67.06613226452906,33.108108108108105,,100.0,1.0,100.0,-0.1578769970734733
67.26452905811624,33.108108108108105,,100.0,1.0,100.0,-0.1581590625754476
67.4629258517034,33.108108108108105,,100.0,1.0,100.0,-0.1584428147921923
67.6613226452906,33.108108108108105,,100.0,1.0,100.0,-0.1587282853295724
67.85971943887776,33.108108108108105,,100.0,1.0,100.0,-0.1590155054294757
68.05811623246494,33.108108108108105,,100.0,1.0,100.0,-0.1593045059722395
68.2565130260521,33.108108108108105,,100.0,1.0,100.0,-0.1595953174795082
68.45490981963928,33.108108108108105,,100.0,1.0,100.0,-0.1598879701172885
68.65330661322645,33.108108108108105,,100.0,1.0,100.0,-0.1601824936994139
68.85170340681363,33.108108108108105,,100.0,1.0,100.0,-0.1604789176911707
69.05010020040079,33.108108108108105,,100.0,1.0,100.0,-0.1607772712132986
69.24849699398798,33.108108108108105,,100.0,1.0,100.0,-0.1610775830462574
69.44689378757515,33.108108108108105,,100.0,1.0,100.0,-0.1613798816346308
69.64529058116234,33.108108108108105,,100.0,1.0,100.0,-0.161684195091994
69.84368737474949,33.108108108108105,,100.0,1.0,100.0,-0.1619905512058566
70.04208416833667,33.108108108108105,,100.0,1.0,100.0,-0.1622989774429094
70.24048096192385,33.108108108108105,,100.0,1.0,100.0,-0.1626095009545743
70.43887775551103,33.108108108108105,,100.0,1.0,100.0,-0.1629221485826923
70.6372745490982,33.108108108108105,,100.0,1.0,100.0,-0.1632369468655088
70.83567134268537,33.108108108108105,,100.0,1.0,100.0,-0.1635539220438825
71.03406813627254,33.108108108108105,,100.0,1.0,100.0,-0.1638731000676873
71.23246492985973,33.108108108108105,,100.0,1.0,100.0,-0.1641945066024958
71.4308617234469,33.108108108108105,,100.0,1.0,100.0,-0.1645181670364635
71.62925851703406,33.108108108108105,,100.0,1.0,100.0,-0.1648441064874233
71.82765531062124,33.108108108108105,,100.0,1.0,100.0,-0.1651723498102099
72.0260521042084,33.108108108108105,,100.0,1.0,100.0,-0.16550292160425
72.2244488977956,33.108108108108105,,100.0,1.0,100.0,-0.1658358462213138
72.42284569138276,33.108108108108105,,100.0,1.0,100.0,-0.1661711477734956
72.62124248496994,33.108108108108105,,100.0,1.0,100.0,-0.1665088501414957
72.8196392785571,33.108108108108105,,100.0,1.0,100.0,-0.1668489769830418
73.01803607214428,33.108108108108105,,100.0,1.0,100.0,-0.16719155174152
73.21643286573146,33.108108108108105,,100.0,1.0,100.0,-0.1675365976549527
73.41482965931863,33.108108108108105,,100.0,1.0,100.0,-0.1678841377650707
73.6132264529058,33.108108108108105,,100.0,1.0,100.0,-0.1682341949266755
73.81162324649299,33.108108108108105,,100.0,1.0,100.0,-0.1685867918172293
74.01002004008016,33.108108108108105,,100.0,1.0,100.0,-0.1689419509466656
74.20841683366733,33.108108108108105,,100.0,1.0,100.0,-0.1692996946674271
74.40681362725451,33.108108108108105,,100.0,1.0,100.0,-0.1696600451847331
74.60521042084169,33.108108108108105,,100.0,1.0,100.0,-0.170023024567109
74.80360721442887,33.108108108108105,,100.0,1.0,100.0,-0.1703886547571047
75.00200400801603,33.108108108108105,,100.0,1.0,100.0,-0.1707569575823105
75.20040080160321,33.108108108108105,,100.0,1.0,100.0,-0.1711279547665157
75.39879759519039,33.108108108108105,,100.0,1.0,100.0,-0.1715016679412169
75.59719438877755,33.108108108108105,,100.0,1.0,100.0,-0.1718781186573003
75.79559118236472,33.108108108108105,,100.0,1.0,100.0,-0.1722573283969558
75.99398797595191,33.108108108108105,,100.0,1.0,100.0,-0.1726393185858787
76.19238476953907,33.108108108108105,,100.0,1.0,100.0,-0.1730241106056713
76.39078156312625,33.108108108108105,,100.0,1.0,100.0,-0.1734117258065213
76.58917835671345,33.108108108108105,,100.0,1.0,100.0,-0.1738021855201104
76.7875751503006,33.108108108108105,,100.0,1.0,100.0,-0.1741955110727201
76.98597194388778,33.108108108108105,,100.0,1.0,100.0,-0.1745917237986849
77.18436873747495,33.108108108108105,,100.0,1.0,100.0,-0.1749908450540409
77.38276553106212,33.108108108108105,,100.0,1.0,100.0,-0.1753928962303269
77.5811623246493,33.108108108108105,,100.0,1.0,100.0,-0.175797898768799
77.77955911823646,33.108108108108105,,100.0,1.0,100.0,-0.1762058741747713
77.97795591182366,33.108108108108105,,100.0,1.0,100.0,-0.1766168440322603
78.1763527054108,33.108108108108105,,100.0,1.0,100.0,-0.1770308300188082
78.374749498998,33.108108108108105,,100.0,1.0,100.0,-0.177447853920668
78.5731462925852,33.108108108108105,,100.0,1.0,100.0,-0.1778679376480821
78.77154308617234,33.108108108108105,,100.0,1.0,100.0,-0.1782911032509169
78.96993987975952,33.108108108108105,,100.0,1.0,100.0,-0.1787173729345287
79.1683366733467,33.108108108108105,,100.0,1.0,100.0,-0.1791467690758115
79.36673346693387,33.108108108108105,,100.0,1.0,100.0,-0.1795793142395412
79.56513026052104,33.108108108108105,,100.0,1.0,100.0,-0.1800150311949493
79.76352705410822,33.108108108108105,,100.0,1.0,100.0,-0.1804539429325073
79.9619238476954,33.108108108108105,,100.0,1.0,100.0,-0.1808960726810113
80.16032064128257,33.108108108108105,,100.0,1.0,100.0,-0.1813414439248246
80.35871743486975,33.108108108108105,,100.0,1.0,100.0,-0.1817900804214276
80.55711422845691,33.108108108108105,,100.0,1.0,100.0,-0.1822420062191725
80.75551102204409,33.108108108108105,,100.0,1.0,100.0,-0.1826972456752472
80.95390781563127,33.108108108108105,,100.0,1.0,100.0,-0.1831558234739301
81.15230460921843,33.108108108108105,,100.0,1.0,100.0,-0.1836177646450297
81.35070140280563,33.108108108108105,,100.0,1.0,100.0,-0.1840830945825673
81.54909819639279,33.108108108108105,,100.0,1.0,100.0,-0.1845518390636927
81.74749498997996,33.108108108108105,,100.0,1.0,100.0,-0.1850240242678222
81.94589178356713,33.108108108108105,,100.0,1.0,100.0,-0.1854996767960355
82.14428857715431,33.108108108108105,,100.0,1.0,100.0,-0.1859788236906034
82.34268537074149,33.108108108108105,,100.0,1.0,100.0,-0.1864614924548756
82.54108216432866,33.108108108108105,,100.0,1.0,100.0,-0.1869477110732662
82.73947895791585,33.108108108108105,,100.0,1.0,100.0,-0.1874375080315556
82.937875751503,33.108108108108105,,100.0,1.0,100.0,-0.1879309123373232
83.13627254509018,33.108108108108105,,100.0,1.0,100.0,-0.1884279535406688
83.33466933867736,33.108108108108105,,100.0,1.0,100.0,-0.1889286617551475
83.53306613226454,33.108108108108105,,100.0,1.0,100.0,-0.1894330676788638
83.7314629258517,33.108108108108105,,100.0,1.0,100.0,-0.1899412026158267
83.92985971943888,33.108108108108105,,100.0,1.0,100.0,-0.1904530984975526
84.12825651302606,33.108108108108105,,100.0,1.0,100.0,-0.1909687879047454
84.32665330661322,33.108108108108105,,100.0,1.0,100.0,-0.1914883040893841
84.5250501002004,33.108108108108105,,100.0,1.0,100.0,-0.1920116809968675
84.72344689378757,33.108108108108105,,100.0,1.0,100.0,-0.1925389532883983
84.92184368737476,33.108108108108105,,100.0,1.0,100.0,-0.1930701563636683
85.12024048096194,33.108108108108105,,100.0,1.0,100.0,-0.1936053263836172
85.3186372745491,33.108108108108105,,100.0,1.0,100.0,-0.1941445002935193
85.51703406813628,33.108108108108105,,100.0,1.0,100.0,-0.1946877158461819
85.71543086172345,33.108108108108105,,100.0,1.0,100.0,-0.1952350116254287
85.91382765531063,33.108108108108105,,100.0,1.0,100.0,-0.1957864270697507
86.1122244488978,33.108108108108105,,100.0,1.0,100.0,-0.1963420024961517
86.31062124248497,33.108108108108105,,100.0,1.0,100.0,-0.1969017791242513
86.50901803607215,33.108108108108105,,100.0,1.0,100.0,-0.1974657991005405
86.70741482965931,33.108108108108105,,100.0,1.0,100.0,-0.1980341055228781
86.90581162324649,33.108108108108105,,100.0,1.0,100.0,-0.198606742465181
87.10420841683366,33.108108108108105,,100.0,1.0,100.0,-0.1991837550023326
87.30260521042084,33.108108108108105,,100.0,1.0,100.0,-0.1997651892352653
87.50100200400803,33.108108108108105,,100.0,1.0,100.0,-0.2003510923163267
87.6993987975952,33.108108108108105,,100.0,1.0,100.0,-0.2009415124747448
87.89779559118237,33.108108108108105,,100.0,1.0,100.0,-0.2015364990424052
88.09619238476955,33.108108108108105,,100.0,1.0,100.0,-0.2021361024797832
88.29458917835672,33.108108108108105,,100.0,1.0,100.0,-0.2027403744020844
88.4929859719439,33.108108108108105,,100.0,1.0,100.0,-0.2033493676056234
88.69138276553106,33.108108108108105,,100.0,1.0,100.0,-0.2039631360944119
88.88977955911824,33.108108108108105,,100.0,1.0,100.0,-0.2045817351069226
89.0881763527054,33.108108108108105,,100.0,1.0,100.0,-0.2052052211431336
89.28657314629258,33.108108108108105,,100.0,1.0,100.0,-0.2058336519916944
89.48496993987975,33.108108108108105,,100.0,1.0,100.0,-0.2064670867574364
89.68336673346693,33.108108108108105,,100.0,1.0,100.0,-0.2071055858889648
89.88176352705409,33.108108108108105,,100.0,1.0,100.0,-0.2077492112065925
90.08016032064127,33.108108108108105,,100.0,1.0,100.0,-0.2083980259303834
90.27855711422846,33.108108108108105,,100.0,1.0,100.0,-0.2090520947085377
90.47695390781564,33.108108108108105,,100.0,1.0,100.0,-0.2097114836458943
90.6753507014028,33.108108108108105,,100.0,1.0,100.0,-0.2103762603327144
90.87374749498998,33.108108108108105,,100.0,1.0,100.0,-0.2110464938737172
91.07214428857715,33.108108108108105,,100.0,1.0,100.0,-0.2117222549172741
91.27054108216433,33.108108108108105,,100.0,1.0,100.0,-0.2124036156849118
91.46893787575152,33.108108108108105,,100.0,1.0,100.0,-0.2130906500010069
91.66733466933867,33.108108108108105,,100.0,1.0,100.0,-0.2137834333227338
91.86573146292585,33.108108108108105,,100.0,1.0,100.0,-0.2144820427702355
92.06412825651303,33.108108108108105,,100.0,1.0,100.0,-0.2151865571570704
92.26252505010021,33.108108108108105,,100.0,1.0,100.0,-0.2158970570208905
92.46092184368737,33.108108108108105,,100.0,1.0,100.0,-0.2166136246543369
92.65931863727455,33.108108108108105,,100.0,1.0,100.0,-0.2173363441362396
92.85771543086172,33.108108108108105,,100.0,1.0,100.0,-0.2180653013630275
93.05611222444891,33.108108108108105,,100.0,1.0,100.0,-0.218800584080439
93.25450901803607,33.108108108108105,,100.0,1.0,100.0,-0.2195422819154571
93.45290581162325,33.108108108108105,,100.0,1.0,100.0,-0.2202904864084689
93.65130260521043,33.108108108108105,,100.0,1.0,100.0,-0.2210452910458559
93.84969939879761,33.108108108108105,,100.0,1.0,100.0,-0.2218067912926166
94.04809619238478,33.108108108108105,,100.0,1.0,100.0,-0.2225750846254728
94.24649298597195,33.108108108108105,,100.0,1.0,100.0,-0.2233502705661234
94.44488977955912,33.108108108108105,,100.0,1.0,100.0,-0.2241324507148404
94.6432865731463,33.108108108108105,,100.0,1.0,100.0,-0.2249217287843262
94.84168336673346,33.108108108108105,,100.0,1.0,100.0,-0.2257182106338627
95.04008016032064,33.108108108108105,,100.0,1.0,100.0,-0.2265220043037424
95.2384769539078,33.108108108108105,,100.0,1.0,100.0,-0.2273332200500347
95.43687374749499,33.108108108108105,,100.0,1.0,100.0,-0.2281519703796068
95.63527054108215,33.108108108108105,,100.0,1.0,100.0,-0.2289783700854653
95.83366733466936,33.108108108108105,,100.0,1.0,100.0,-0.22981253628239
96.03206412825652,33.108108108108105,,100.0,1.0,100.0,-0.2306545884429576
96.2304609218437,33.108108108108105,,100.0,1.0,100.0,-0.2315046484337592
96.42885771543087,33.108108108108105,,100.0,1.0,100.0,-0.2323628405520139
96.62725450901804,33.108108108108105,,100.0,1.0,100.0,-0.2332292915625523
96.82565130260521,33.108108108108105,,100.0,1.0,100.0,-0.2341041307349807
97.02404809619239,33.108108108108105,,100.0,1.0,100.0,-0.2349874898813614
97.22244488977958,33.108108108108105,,100.0,1.0,100.0,-0.2358795033941192
97.42084168336673,33.108108108108105,,100.0,1.0,100.0,-0.2367803082843337
97.6192384769539,33.108108108108105,,100.0,1.0,100.0,-0.2376900442203218
97.81763527054107,33.108108108108105,,100.0,1.0,100.0,-0.2386088535667002
98.01603206412825,33.108108108108105,,100.0,1.0,100.0,-0.2395368814236721
98.21442885771542,33.108108108108105,,100.0,1.0,100.0,-0.2404742756667941
98.4128256513026,33.108108108108105,,100.0,1.0,100.0,-0.2414211869870385
98.61122244488979,33.108108108108105,,100.0,1.0,100.0,-0.2423777689312281
98.80961923847698,33.108108108108105,,100.0,1.0,100.0,-0.2433441779429586
99.00801603206413,33.108108108108105,,100.0,1.0,100.0,-0.2443205734037514
99.2064128256513,33.108108108108105,,100.0,1.0,100.0,-0.2453071176747615
99.40480961923848,33.108108108108105,,100.0,1.0,100.0,-0.2463039761387492
99.60320641282564,33.108108108108105,,100.0,1.0,100.0,-0.2473113172425447
99.80160320641282,33.108108108108105,,100.0,1.0,100.0,-0.2483293125399278
100.0,33.108108108108105,,100.0,1.0,100.0,-0.2493581367348274
1.0,35.78378378378378,,100.0,1.0,100.0,-0.3152902210512501
1.1983967935871744,35.78378378378378,,100.0,1.0,100.0,-0.3122666927527401
1.3967935871743486,35.78378378378378,,100.0,1.0,100.0,-0.309268974679464
1.595190380761523,35.78378378378378,,100.0,1.0,100.0,-0.3062970476772738
1.7935871743486973,35.78378378378378,,100.0,1.0,100.0,-0.3033508941957057
1.9919839679358717,35.78378378378378,,100.0,1.0,100.0,-0.3004304981565729
2.190380761523046,35.78378378378378,,100.0,1.0,100.0,-0.2975358448249894
2.38877755511022,35.78378378378378,,100.0,1.0,100.0,-0.294666920682719
2.5871743486973946,35.78378378378378,,100.0,1.0,100.0,-0.2918237133039294
2.785571142284569,35.78378378378378,,100.0,1.0,100.0,-0.2890062112332816
2.9839679358717435,35.78378378378378,,100.0,1.0,100.0,-0.2862144038663003
3.182364729458918,35.78378378378378,,100.0,1.0,100.0,-0.2834482813320971
3.380761523046093,35.78378378378378,,100.0,1.0,100.0,-0.2807078343783454
3.579158316633267,35.78378378378378,,100.0,1.0,100.0,-0.277993054258533
3.7775551102204403,35.78378378378378,,100.0,1.0,100.0,-0.2753039326214413
3.9759519038076157,35.78378378378378,,100.0,1.0,100.0,-0.2726404614028975
4.174348697394789,35.78378378378378,,100.0,1.0,100.0,-0.2700026327196823
4.372745490981964,35.78378378378378,,100.0,1.0,100.0,-0.2673904387657072
4.571142284569138,35.78378378378378,,100.0,1.0,100.0,-0.2648038717103029
4.7695390781563125,35.78378378378378,,100.0,1.0,100.0,-0.262242923598716
4.967935871743487,35.78378378378378,,100.0,1.0,100.0,-0.2597075862547726
5.166332665330662,35.78378378378378,,100.0,1.0,100.0,-0.2571978511856285
5.364729458917837,35.78378378378378,,100.0,1.0,100.0,-0.2547137094887015
5.563126252505009,35.78378378378378,,100.0,1.0,100.0,-0.2522551517606965
5.761523046092185,35.78378378378378,,100.0,1.0,100.0,-0.2498221680087134
5.959919839679359,35.78378378378378,,100.0,1.0,100.0,-0.2474147475634731
6.158316633266534,35.78378378378378,,100.0,1.0,100.0,-0.2450328789946083
6.356713426853707,35.78378378378378,,100.0,1.0,100.0,-0.2426765500280368
6.555110220440882,35.78378378378378,,100.0,1.0,100.0,-0.2403457474653477
6.753507014028057,35.78378378378378,,100.0,1.0,100.0,-0.2380404571052978
6.951903807615231,35.78378378378378,,100.0,1.0,100.0,-0.2357606636672955
7.150300601202405,35.78378378378378,,100.0,1.0,100.0,-0.2335063507169316
7.348697394789579,35.78378378378378,,100.0,1.0,100.0,-0.23127750059354
7.547094188376754,35.78378378378378,,100.0,1.0,100.0,-0.229074094339745
7.745490981963927,35.78378378378378,,100.0,1.0,100.0,-0.226896111633033
7.9438877755511,35.78378378378378,,100.0,1.0,100.0,-0.2247435307193008
8.142284569138276,35.78378378378378,,100.0,1.0,100.0,-0.2226163283484195
8.340681362725451,35.78378378378378,,100.0,1.0,100.0,-0.2205144797117394
8.539078156312625,35.78378378378378,,100.0,1.0,100.0,-0.2184379583816038
8.737474949899799,35.78378378378378,,100.0,1.0,100.0,-0.2163867362528184
8.935871743486974,35.78378378378378,,100.0,1.0,100.0,-0.2143607834860807
9.13426853707415,35.78378378378378,,100.0,1.0,100.0,-0.2123600684533436
9.332665330661325,35.78378378378378,,100.0,1.0,100.0,-0.2103845576851829
9.531062124248498,35.78378378378378,,100.0,1.0,100.0,-0.2084342158200459
9.729458917835672,35.78378378378378,,100.0,1.0,100.0,-0.2065090055554676
9.927855711422845,35.78378378378378,,100.0,1.0,100.0,-0.204608887601227
10.126252505010019,35.78378378378378,,100.0,1.0,100.0,-0.2027338206344149
10.324649298597194,35.78378378378378,,100.0,1.0,100.0,-0.2008837612564129
10.52304609218437,35.78378378378378,,100.0,1.0,100.0,-0.199058663951815
10.721442885771543,35.78378378378378,,100.0,1.0,100.0,-0.1972584810492439
10.919839679358718,35.78378378378378,,100.0,1.0,100.0,-0.1954831626840604
11.118236472945892,35.78378378378378,,100.0,1.0,100.0,-0.1937326567629953
11.316633266533067,35.78378378378378,,100.0,1.0,100.0,-0.1920069089306482
11.515030060120242,35.78378378378378,,100.0,1.0,100.0,-0.1903058625379073
11.713426853707414,35.78378378378378,,100.0,1.0,100.0,-0.1886294586122163
11.91182364729459,35.78378378378378,,100.0,1.0,100.0,-0.1869776358297298
12.110220440881761,35.78378378378378,,100.0,1.0,100.0,-0.1853503304893374
12.308617234468937,35.78378378378378,,100.0,1.0,100.0,-0.1837474764885547
12.507014028056114,35.78378378378378,,100.0,1.0,100.0,-0.1821690053012523
12.705410821643287,35.78378378378378,,100.0,1.0,100.0,-0.1806148459572634
12.903807615230463,35.78378378378378,,100.0,1.0,100.0,-0.1790849250237618
13.102204408817634,35.78378378378378,,100.0,1.0,100.0,-0.1775791665885869
13.30060120240481,35.78378378378378,,100.0,1.0,100.0,-0.1760974922452468
13.498997995991983,35.78378378378378,,100.0,1.0,100.0,-0.1746398210798777
13.697394789579159,35.78378378378378,,100.0,1.0,100.0,-0.1732060696598793
13.895791583166334,35.78378378378378,,100.0,1.0,100.0,-0.1717961520244497
14.094188376753507,35.78378378378378,,100.0,1.0,100.0,-0.1704099796768188
14.292585170340683,35.78378378378378,,100.0,1.0,100.0,-0.1690474615783141
14.490981963927855,35.78378378378378,,100.0,1.0,100.0,-0.1677085041441529
14.689378757515032,35.78378378378378,,100.0,1.0,100.0,-0.1663930112409791
14.887775551102203,35.78378378378378,,100.0,1.0,100.0,-0.1651008841861564
15.086172344689379,35.78378378378378,,100.0,1.0,100.0,-0.1638320217487722
15.284569138276554,35.78378378378378,,100.0,1.0,100.0,-0.1625863201523214
15.482965931863726,35.78378378378378,,100.0,1.0,100.0,-0.1613636730791099
15.681362725450903,35.78378378378378,,100.0,1.0,100.0,-0.1601639716763459
15.879759519038075,35.78378378378378,,100.0,1.0,100.0,-0.158987104563813
16.07815631262525,35.78378378378378,,100.0,1.0,100.0,-0.1578329578432836
16.276553106212425,35.78378378378378,,100.0,1.0,100.0,-0.1567014151094579
16.474949899799597,35.78378378378378,,100.0,1.0,100.0,-0.1555923574625807
16.673346693386772,35.78378378378378,,100.0,1.0,100.0,-0.1545056635225841
16.871743486973948,35.78378378378378,,100.0,1.0,100.0,-0.1534412094448112
17.070140280561123,35.78378378378378,,100.0,1.0,100.0,-0.1523988689372835
17.2685370741483,35.78378378378378,,100.0,1.0,100.0,-0.1513785132794677
17.466933867735474,35.78378378378378,,100.0,1.0,100.0,-0.1503800113425391
17.66533066132265,35.78378378378378,,100.0,1.0,100.0,-0.1494032296111328
17.86372745490982,35.78378378378378,,100.0,1.0,100.0,-0.148448032206477
18.062124248496996,35.78378378378378,,100.0,1.0,100.0,-0.1475142809110151
18.260521042084168,35.78378378378378,,100.0,1.0,100.0,-0.1466018351943743
18.458917835671343,35.78378378378378,,100.0,1.0,100.0,-0.1457105522406843
18.657314629258515,35.78378378378378,,100.0,1.0,100.0,-0.1448402869772569
18.85571142284569,35.78378378378378,,100.0,1.0,100.0,-0.1439908921045513
19.054108216432866,35.78378378378378,,100.0,1.0,100.0,-0.1431622181274083
19.252505010020037,35.78378378378378,,100.0,1.0,100.0,-0.142354113387533
19.450901803607216,35.78378378378378,,100.0,1.0,100.0,-0.1415664240971729
19.649298597194388,35.78378378378378,,100.0,1.0,100.0,-0.1407989943739855
19.847695390781563,35.78378378378378,,100.0,1.0,100.0,-0.1400516662770435
20.04609218436874,35.78378378378378,,100.0,1.0,100.0,-0.1393242798439304
20.244488977955914,35.78378378378378,,100.0,1.0,100.0,-0.1386166731289423
20.442885771543086,35.78378378378378,,100.0,1.0,100.0,-0.1379286822423037
20.64128256513026,35.78378378378378,,100.0,1.0,100.0,-0.1372601413903786
20.839679358717436,35.78378378378378,,100.0,1.0,100.0,-0.1366108829168791
21.03807615230461,35.78378378378378,,100.0,1.0,100.0,-0.13598073734496
21.236472945891784,35.78378378378378,,100.0,1.0,100.0,-0.1353695334202526
21.43486973947896,35.78378378378378,,100.0,1.0,100.0,-0.1347770981546954
21.633266533066134,35.78378378378378,,100.0,1.0,100.0,-0.1342032568712251
21.831663326653306,35.78378378378378,,100.0,1.0,100.0,-0.1336478332492452
22.030060120240485,35.78378378378378,,100.0,1.0,100.0,-0.1331106493707829
22.228456913827657,35.78378378378378,,100.0,1.0,100.0,-0.1325915257673984
22.42685370741483,35.78378378378378,,100.0,1.0,100.0,-0.1320902814677355
22.625250501002007,35.78378378378378,,100.0,1.0,100.0,-0.1316067340456881
22.82364729458918,35.78378378378378,,100.0,1.0,100.0,-0.1311406996691392
23.02204408817635,35.78378378378378,,100.0,1.0,100.0,-0.1306919931492683
23.220440881763523,35.78378378378378,,100.0,1.0,100.0,-0.1302604279903437
23.4188376753507,35.78378378378378,,100.0,1.0,100.0,-0.1298458164399924
23.617234468937873,35.78378378378378,,100.0,1.0,100.0,-0.1294479695398568
23.815631262525052,35.78378378378378,,100.0,1.0,100.0,-0.1290666971767091
24.014028056112227,35.78378378378378,,100.0,1.0,100.0,-0.1287018081338475
24.212424849699403,35.78378378378378,,100.0,1.0,100.0,-0.1283531101428322
24.410821643286575,35.78378378378378,,100.0,1.0,100.0,-0.1280204099355019
24.609218436873746,35.78378378378378,,100.0,1.0,100.0,-0.1277035132962097
24.807615230460925,35.78378378378378,,100.0,1.0,100.0,-0.1274022251142781
25.006012024048097,35.78378378378378,,100.0,1.0,100.0,-0.127116349436603
25.20440881763527,35.78378378378378,,100.0,1.0,100.0,-0.126845689520397
25.402805611222448,35.78378378378378,,100.0,1.0,100.0,-0.1265900478860337
25.60120240480962,35.78378378378378,,100.0,1.0,100.0,-0.1263492263699495
25.79959919839679,35.78378378378378,,100.0,1.0,100.0,-0.1261230261775625
25.997995991983966,35.78378378378378,,100.0,1.0,100.0,-0.1259112479362201
26.196392785571145,35.78378378378378,,100.0,1.0,100.0,-0.1257136917480964
26.394789579158317,35.78378378378378,,100.0,1.0,100.0,-0.1255301572430083
26.59318637274549,35.78378378378378,,100.0,1.0,100.0,-0.125360443631208
26.791583166332664,35.78378378378378,,100.0,1.0,100.0,-0.1252043497559695
26.98997995991984,35.78378378378378,,100.0,1.0,100.0,-0.1250616741461042
27.188376753507008,35.78378378378378,,100.0,1.0,100.0,-0.1249322150682755
27.386773547094187,35.78378378378378,,100.0,1.0,100.0,-0.1248157705791064
27.585170340681366,35.78378378378378,,100.0,1.0,100.0,-0.1247121385771213
27.783567134268534,35.78378378378378,,100.0,1.0,100.0,-0.1246211168543852
27.98196392785571,35.78378378378378,,100.0,1.0,100.0,-0.1245425031479292
28.180360721442888,35.78378378378378,,100.0,1.0,100.0,-0.1244760951908993
28.378757515030063,35.78378378378378,,100.0,1.0,100.0,-0.1244216907633666
28.577154308617235,35.78378378378378,,100.0,1.0,100.0,-0.124379087742891
28.7755511022044,35.78378378378378,,100.0,1.0,100.0,-0.1243480841546942
28.97394789579158,35.78378378378378,,100.0,1.0,100.0,-0.1243284782215253
29.172344689378757,35.78378378378378,,100.0,1.0,100.0,-0.1243200684131675
29.370741482965926,35.78378378378378,,100.0,1.0,100.0,-0.1243226534955729
29.5691382765531,35.78378378378378,,100.0,1.0,100.0,-0.1243360325796207
29.76753507014028,35.78378378378378,,100.0,1.0,100.0,-0.1243600051694938
29.965931863727448,35.78378378378378,,100.0,1.0,100.0,-0.1243943712106536
30.164328657314627,35.78378378378378,,100.0,1.0,100.0,-0.1244389311374145
30.36272545090181,35.78378378378378,,100.0,1.0,100.0,-0.1244934859201168
30.56112224448897,35.78378378378378,,100.0,1.0,100.0,-0.1245578371118755
30.759519038076157,35.78378378378378,,100.0,1.0,100.0,-0.1246317868949353
30.957915831663332,35.78378378378378,,100.0,1.0,100.0,-0.1247151381265669
31.1563126252505,35.78378378378378,,100.0,1.0,100.0,-0.1248076943845837
31.35470941883768,35.78378378378378,,100.0,1.0,100.0,-0.1249092600123994
31.553106212424858,35.78378378378378,,100.0,1.0,100.0,-0.1250196401636872
31.751503006012022,35.78378378378378,,100.0,1.0,100.0,-0.125138640846612
31.949899799599194,35.78378378378378,,100.0,1.0,100.0,-0.1252660689676197
32.14829659318637,35.78378378378378,,100.0,1.0,100.0,-0.1254017323748236
32.346693386773545,35.78378378378378,,100.0,1.0,100.0,-0.1255454399009703
32.545090180360724,35.78378378378378,,100.0,1.0,100.0,-0.1256970014059784
32.743486973947896,35.78378378378378,,100.0,1.0,100.0,-0.1258562278190658
32.941883767535074,35.78378378378378,,100.0,1.0,100.0,-0.1260229311804764
33.140280561122246,35.78378378378378,,100.0,1.0,100.0,-0.1261969246827796
33.33867735470942,35.78378378378378,,100.0,1.0,100.0,-0.1263780227117589
33.5370741482966,35.78378378378378,,100.0,1.0,100.0,-0.1265660408869335
33.73547094188377,35.78378378378378,,100.0,1.0,100.0,-0.1267607961016275
33.93386773547095,35.78378378378378,,100.0,1.0,100.0,-0.1269621065626827
34.13226452905812,35.78378378378378,,100.0,1.0,100.0,-0.1271697918297644
34.3306613226453,35.78378378378378,,100.0,1.0,100.0,-0.1273836728542411
34.52905811623247,35.78378378378378,,100.0,1.0,100.0,-0.1276035720177414
34.72745490981965,35.78378378378378,,100.0,1.0,100.0,-0.1278293131702421
34.92585170340681,35.78378378378378,,100.0,1.0,100.0,-0.1280607216678108
35.12424849699399,35.78378378378378,,100.0,1.0,100.0,-0.1282976244099611
35.32264529058117,35.78378378378378,,100.0,1.0,100.0,-0.1285398498765908
35.521042084168336,35.78378378378378,,100.0,1.0,100.0,-0.1287872281645278
35.719438877755515,35.78378378378378,,100.0,1.0,100.0,-0.1290395910237008
35.91783567134269,35.78378378378378,,100.0,1.0,100.0,-0.1292967718929121
36.11623246492986,35.78378378378378,,100.0,1.0,100.0,-0.1295586059351633
36.31462925851703,35.78378378378378,,100.0,1.0,100.0,-0.1298249300726011
36.51302605210421,35.78378378378378,,100.0,1.0,100.0,-0.130095583021058
36.71142284569138,35.78378378378378,,100.0,1.0,100.0,-0.1303704053241245
36.90981963927855,35.78378378378378,,100.0,1.0,100.0,-0.1306492393868503
37.10821643286573,35.78378378378378,,100.0,1.0,100.0,-0.1309319295088983
37.3066132264529,35.78378378378378,,100.0,1.0,100.0,-0.1312183219173727
37.505010020040075,35.78378378378378,,100.0,1.0,100.0,-0.1315082647990502
37.703406813627254,35.78378378378378,,100.0,1.0,100.0,-0.131801608332207
37.90180360721443,35.78378378378378,,100.0,1.0,100.0,-0.1320982047179056
38.100200400801604,35.78378378378378,,100.0,1.0,100.0,-0.1323979082107893
38.298597194388776,35.78378378378378,,100.0,1.0,100.0,-0.1327005751493088
38.496993987975955,35.78378378378378,,100.0,1.0,100.0,-0.133006063985416
38.69539078156313,35.78378378378378,,100.0,1.0,100.0,-0.1333142353136771
38.8937875751503,35.78378378378378,,100.0,1.0,100.0,-0.1336249518997757
39.09218436873748,35.78378378378378,,100.0,1.0,100.0,-0.1339380787083989
39.29058116232465,35.78378378378378,,100.0,1.0,100.0,-0.1342534829304837
39.48897795591183,35.78378378378378,,100.0,1.0,100.0,-0.1345710340097664
39.687374749499,35.78378378378378,,100.0,1.0,100.0,-0.1348906036686499
39.88577154308617,35.78378378378378,,100.0,1.0,100.0,-0.1352120659333574
40.08416833667335,35.78378378378378,,100.0,1.0,100.0,-0.1355352971582937
40.28256513026052,35.78378378378378,,100.0,1.0,100.0,-0.135860176049645
40.4809619238477,35.78378378378378,,100.0,1.0,100.0,-0.136186583688155
40.67935871743487,35.78378378378378,,100.0,1.0,100.0,-0.1365144035510688
40.877755511022045,35.78378378378378,,100.0,1.0,100.0,-0.1368435215331618
41.07615230460922,35.78378378378378,,100.0,1.0,100.0,-0.1371738259669012
41.274549098196395,35.78378378378378,,100.0,1.0,100.0,-0.1375052076416441
41.47294589178357,35.78378378378378,,100.0,1.0,100.0,-0.1378375598218563
41.671342685370746,35.78378378378378,,100.0,1.0,100.0,-0.1381707782643433
41.86973947895792,35.78378378378378,,100.0,1.0,100.0,-0.1385047612344163
42.06813627254509,35.78378378378378,,100.0,1.0,100.0,-0.1388394095210156
42.26653306613227,35.78378378378378,,100.0,1.0,100.0,-0.1391746264506943
42.46492985971944,35.78378378378378,,100.0,1.0,100.0,-0.139510317900499
42.66332665330661,35.78378378378378,,100.0,1.0,100.0,-0.1398463923096765
42.861723446893784,35.78378378378378,,100.0,1.0,100.0,-0.1401827606901575
43.06012024048097,35.78378378378378,,100.0,1.0,100.0,-0.140519336635856
43.25851703406814,35.78378378378378,,100.0,1.0,100.0,-0.1408560363306676
43.45691382765531,35.78378378378378,,100.0,1.0,100.0,-0.1411927785552352
43.655310621242485,35.78378378378378,,100.0,1.0,100.0,-0.1415294846923255
43.85370741482966,35.78378378378378,,100.0,1.0,100.0,-0.1418660787309746
44.05210420841683,35.78378378378378,,100.0,1.0,100.0,-0.1422024872691856
44.250501002004015,35.78378378378378,,100.0,1.0,100.0,-0.1425386395152752
44.448897795591186,35.78378378378378,,100.0,1.0,100.0,-0.1428744672878344
44.64729458917836,35.78378378378378,,100.0,1.0,100.0,-0.1432099050142512
44.84569138276553,35.78378378378378,,100.0,1.0,100.0,-0.1435448897277699
45.0440881763527,35.78378378378378,,100.0,1.0,100.0,-0.1438793610631631
45.24248496993987,35.78378378378378,,100.0,1.0,100.0,-0.1442132612508619
45.440881763527045,35.78378378378378,,100.0,1.0,100.0,-0.1445465351096666
45.63927855711423,35.78378378378378,,100.0,1.0,100.0,-0.1448791300379339
45.8376753507014,35.78378378378378,,100.0,1.0,100.0,-0.1452109960032988
46.036072144288575,35.78378378378378,,100.0,1.0,100.0,-0.1455420855308906
46.23446893787575,35.78378378378378,,100.0,1.0,100.0,-0.1458723536900417
46.43286573146293,35.78378378378378,,100.0,1.0,100.0,-0.1462017580795357
46.631262525050104,35.78378378378378,,100.0,1.0,100.0,-0.1465302588113154
46.829659318637276,35.78378378378378,,100.0,1.0,100.0,-0.1468578184927644
47.028056112224455,35.78378378378378,,100.0,1.0,100.0,-0.1471844022074614
47.22645290581163,35.78378378378378,,100.0,1.0,100.0,-0.1475099774945169
47.424849699398806,35.78378378378378,,100.0,1.0,100.0,-0.1478345143264287
47.62324649298598,35.78378378378378,,100.0,1.0,100.0,-0.1481579850855218
47.82164328657315,35.78378378378378,,100.0,1.0,100.0,-0.1484803645390089
48.02004008016032,35.78378378378378,,100.0,1.0,100.0,-0.1488016298125931
48.21843687374749,35.78378378378378,,100.0,1.0,100.0,-0.149121760362797
48.41683366733468,35.78378378378378,,100.0,1.0,100.0,-0.1494407379478843
48.615230460921836,35.78378378378378,,100.0,1.0,100.0,-0.1497585465975315
48.81362725450902,35.78378378378378,,100.0,1.0,100.0,-0.1500751725812161
49.012024048096194,35.78378378378378,,100.0,1.0,100.0,-0.1503906043753586
49.21042084168337,35.78378378378378,,100.0,1.0,100.0,-0.1507048326293018
49.40881763527054,35.78378378378378,,100.0,1.0,100.0,-0.151017850130112
49.60721442885771,35.78378378378378,,100.0,1.0,100.0,-0.151329651766277
49.805611222444895,35.78378378378378,,100.0,1.0,100.0,-0.1516402344903514
50.00400801603207,35.78378378378378,,100.0,1.0,100.0,-0.1519495972805574
50.20240480961924,35.78378378378378,,100.0,1.0,100.0,-0.1522577411014526
50.40080160320641,35.78378378378378,,100.0,1.0,100.0,-0.1525646688636629
50.59919839679358,35.78378378378378,,100.0,1.0,100.0,-0.1528703853827244
50.79759519038077,35.78378378378378,,100.0,1.0,100.0,-0.153174897337152
50.99599198396793,35.78378378378378,,100.0,1.0,100.0,-0.1534782132257649
51.19438877755511,35.78378378378378,,100.0,1.0,100.0,-0.1537803433242055
51.39278557114229,35.78378378378378,,100.0,1.0,100.0,-0.1540812996409827
51.59118236472946,35.78378378378378,,100.0,1.0,100.0,-0.1543810958727819
51.789579158316634,35.78378378378378,,100.0,1.0,100.0,-0.1546797473593182
51.987975951903806,35.78378378378378,,100.0,1.0,100.0,-0.1549772710377448
52.18637274549098,35.78378378378378,,100.0,1.0,100.0,-0.1552736853965785
52.38476953907816,35.78378378378378,,100.0,1.0,100.0,-0.1555690104293822
52.583166332665336,35.78378378378378,,100.0,1.0,100.0,-0.1558632675880701
52.78156312625251,35.78378378378378,,100.0,1.0,100.0,-0.1561564797360525
52.97995991983967,35.78378378378378,,100.0,1.0,100.0,-0.1564486711011881
53.17835671342685,35.78378378378378,,100.0,1.0,100.0,-0.1567398672286567
53.37675350701403,35.78378378378378,,100.0,1.0,100.0,-0.1570300949337728
53.57515030060121,35.78378378378378,,100.0,1.0,100.0,-0.1573193822548125
53.77354709418837,35.78378378378378,,100.0,1.0,100.0,-0.1576077584059624
53.97194388777555,35.78378378378378,,100.0,1.0,100.0,-0.1578952537303302
54.17034068136273,35.78378378378378,,100.0,1.0,100.0,-0.1581818996531994
54.368737474949896,35.78378378378378,,100.0,1.0,100.0,-0.1584677286355332
54.567134268537075,35.78378378378378,,100.0,1.0,100.0,-0.1587527741277351
54.765531062124246,35.78378378378378,,100.0,1.0,100.0,-0.1590370705238205
54.96392785571142,35.78378378378378,,100.0,1.0,100.0,-0.1593206531159178
55.1623246492986,35.78378378378378,,100.0,1.0,100.0,-0.1596035580493174
55.360721442885776,35.78378378378378,,100.0,1.0,100.0,-0.1598858222779524
55.55911823647295,35.78378378378378,,100.0,1.0,100.0,-0.16016748352045
55.75751503006013,35.78378378378378,,100.0,1.0,100.0,-0.1604485802167603
55.95591182364729,35.78378378378378,,100.0,1.0,100.0,-0.1607291514854677
56.15430861723447,35.78378378378378,,100.0,1.0,100.0,-0.1610092370817081
56.35270541082165,35.78378378378378,,100.0,1.0,100.0,-0.1612888773558475
56.551102204408814,35.78378378378378,,100.0,1.0,100.0,-0.1615681132129032
56.74949899799599,35.78378378378378,,100.0,1.0,100.0,-0.1618469860727179
56.94789579158316,35.78378378378378,,100.0,1.0,100.0,-0.1621255378309423
57.146292585170336,35.78378378378378,,100.0,1.0,100.0,-0.1624038108209551
57.3446893787575,35.78378378378378,,100.0,1.0,100.0,-0.1626818477764735
57.543086172344694,35.78378378378378,,100.0,1.0,100.0,-0.1629596917952325
57.74148296593185,35.78378378378378,,100.0,1.0,100.0,-0.1632373863034791
57.93987975951904,35.78378378378378,,100.0,1.0,100.0,-0.1635149750213783
58.13827655310623,35.78378378378378,,100.0,1.0,100.0,-0.1637925019294672
58.336673346693395,35.78378378378378,,100.0,1.0,100.0,-0.1640700112359895
58.535070140280574,35.78378378378378,,100.0,1.0,100.0,-0.1643475473452073
58.73346693386774,35.78378378378378,,100.0,1.0,100.0,-0.1646251548267608
58.9318637274549,35.78378378378378,,100.0,1.0,100.0,-0.1649028783859639
59.13026052104208,35.78378378378378,,100.0,1.0,100.0,-0.1651807628351136
59.32865731462926,35.78378378378378,,100.0,1.0,100.0,-0.1654588530658093
59.52705410821644,35.78378378378378,,100.0,1.0,100.0,-0.1657371940222824
59.72545090180361,35.78378378378378,,100.0,1.0,100.0,-0.1660158306757185
59.92384769539078,35.78378378378378,,100.0,1.0,100.0,-0.1662948079995886
60.12224448897794,35.78378378378378,,100.0,1.0,100.0,-0.1665741709459568
60.32064128256512,35.78378378378378,,100.0,1.0,100.0,-0.1668539644228173
60.51903807615231,35.78378378378378,,100.0,1.0,100.0,-0.1671342332723895
60.717434869739485,35.78378378378378,,100.0,1.0,100.0,-0.1674150222503826
60.915831663326664,35.78378378378378,,100.0,1.0,100.0,-0.167696376006241
61.114228456913835,35.78378378378378,,100.0,1.0,100.0,-0.1679783390643384
61.312625250501,35.78378378378378,,100.0,1.0,100.0,-0.1682609558061032
61.51102204408818,35.78378378378378,,100.0,1.0,100.0,-0.1685442704530612
61.709418837675344,35.78378378378378,,100.0,1.0,100.0,-0.1688283270507995
61.90781563126252,35.78378378378378,,100.0,1.0,100.0,-0.1691131694538161
62.1062124248497,35.78378378378378,,100.0,1.0,100.0,-0.1693988413112406
62.30460921843688,35.78378378378378,,100.0,1.0,100.0,-0.1696853860534161
62.50300601202406,35.78378378378378,,100.0,1.0,100.0,-0.1699728468792921
62.701402805611224,35.78378378378378,,100.0,1.0,100.0,-0.1702612667446408
62.89979959919839,35.78378378378378,,100.0,1.0,100.0,-0.1705506883511406
63.09819639278557,35.78378378378378,,100.0,1.0,100.0,-0.1708411541360672
63.296593186372746,35.78378378378378,,100.0,1.0,100.0,-0.1711327062628999
63.494989979959925,35.78378378378378,,100.0,1.0,100.0,-0.1714253866126143
63.69338677354709,35.78378378378378,,100.0,1.0,100.0,-0.1717192367755911
63.89178356713427,35.78378378378378,,100.0,1.0,100.0,-0.1720142980443327
64.09018036072143,35.78378378378378,,100.0,1.0,100.0,-0.1723106114067933
64.28857715430863,35.78378378378378,,100.0,1.0,100.0,-0.1726082175403448
64.48697394789579,35.78378378378378,,100.0,1.0,100.0,-0.1729071568063497
64.68537074148296,35.78378378378378,,100.0,1.0,100.0,-0.1732074692453979
64.88376753507015,35.78378378378378,,100.0,1.0,100.0,-0.1735091945730538
65.08216432865731,35.78378378378378,,100.0,1.0,100.0,-0.1738123721761795
65.28056112224449,35.78378378378378,,100.0,1.0,100.0,-0.174117041109824
65.47895791583166,35.78378378378378,,100.0,1.0,100.0,-0.1744232400945814
65.67735470941884,35.78378378378378,,100.0,1.0,100.0,-0.1747310075144921
65.87575150300601,35.78378378378378,,100.0,1.0,100.0,-0.1750403814153951
66.0741482965932,35.78378378378378,,100.0,1.0,100.0,-0.1753513995037297
66.27254509018036,35.78378378378378,,100.0,1.0,100.0,-0.1756640991458237
66.47094188376754,35.78378378378378,,100.0,1.0,100.0,-0.1759785173675635
66.66933867735472,35.78378378378378,,100.0,1.0,100.0,-0.1762946908544728
66.8677354709419,35.78378378378378,,100.0,1.0,100.0,-0.176612655952229
67.06613226452906,35.78378378378378,,100.0,1.0,100.0,-0.176932448667517
67.26452905811624,35.78378378378378,,100.0,1.0,100.0,-0.1772541046692138
67.4629258517034,35.78378378378378,,100.0,1.0,100.0,-0.1775776592900632
67.6613226452906,35.78378378378378,,100.0,1.0,100.0,-0.177903147528443
67.85971943887776,35.78378378378378,,100.0,1.0,100.0,-0.1782306040507412
68.05811623246494,35.78378378378378,,100.0,1.0,100.0,-0.1785600631938376
68.2565130260521,35.78378378378378,,100.0,1.0,100.0,-0.1788915589679405
68.45490981963928,35.78378378378378,,100.0,1.0,100.0,-0.1792251250597785
68.65330661322645,35.78378378378378,,100.0,1.0,100.0,-0.1795607948359994
68.85170340681363,35.78378378378378,,100.0,1.0,100.0,-0.1798986013468759
69.05010020040079,35.78378378378378,,100.0,1.0,100.0,-0.1802385773302838
69.24849699398798,35.78378378378378,,100.0,1.0,100.0,-0.1805807552159292
69.44689378757515,35.78378378378378,,100.0,1.0,100.0,-0.1809251671298239
69.64529058116234,35.78378378378378,,100.0,1.0,100.0,-0.1812718448990508
69.84368737474949,35.78378378378378,,100.0,1.0,100.0,-0.1816208200566811
70.04208416833667,35.78378378378378,,100.0,1.0,100.0,-0.1819721238470493
70.24048096192385,35.78378378378378,,100.0,1.0,100.0,-0.1823257872311715
70.43887775551103,35.78378378378378,,100.0,1.0,100.0,-0.1826818408924319
70.6372745490982,35.78378378378378,,100.0,1.0,100.0,-0.1830403152424916
70.83567134268537,35.78378378378378,,100.0,1.0,100.0,-0.1834012404274198
71.03406813627254,35.78378378378378,,100.0,1.0,100.0,-0.1837646463340644
71.23246492985973,35.78378378378378,,100.0,1.0,100.0,-0.18413056259662
71.4308617234469,35.78378378378378,,100.0,1.0,100.0,-0.1844990186034415
71.62925851703406,35.78378378378378,,100.0,1.0,100.0,-0.1848700435040778
71.82765531062124,35.78378378378378,,100.0,1.0,100.0,-0.1852436662164778
72.0260521042084,35.78378378378378,,100.0,1.0,100.0,-0.1856199154344964
72.2244488977956,35.78378378378378,,100.0,1.0,100.0,-0.1859988196355907
72.42284569138276,35.78378378378378,,100.0,1.0,100.0,-0.1863804070886457
72.62124248496994,35.78378378378378,,100.0,1.0,100.0,-0.1867647058622156
72.8196392785571,35.78378378378378,,100.0,1.0,100.0,-0.1871517438327936
73.01803607214428,35.78378378378378,,100.0,1.0,100.0,-0.1875415486934185
73.21643286573146,35.78378378378378,,100.0,1.0,100.0,-0.1879341479624594
73.41482965931863,35.78378378378378,,100.0,1.0,100.0,-0.1883295689926647
73.6132264529058,35.78378378378378,,100.0,1.0,100.0,-0.1887278389804021
73.81162324649299,35.78378378378378,,100.0,1.0,100.0,-0.1891289849751213
74.01002004008016,35.78378378378378,,100.0,1.0,100.0,-0.1895330338891139
74.20841683366733,35.78378378378378,,100.0,1.0,100.0,-0.1899400125074092
74.40681362725451,35.78378378378378,,100.0,1.0,100.0,-0.1903499474979889
74.60521042084169,35.78378378378378,,100.0,1.0,100.0,-0.1907628654221724
74.80360721442887,35.78378378378378,,100.0,1.0,100.0,-0.1911787927452863
75.00200400801603,35.78378378378378,,100.0,1.0,100.0,-0.1915977558475542
75.20040080160321,35.78378378378378,,100.0,1.0,100.0,-0.1920197810352008
75.39879759519039,35.78378378378378,,100.0,1.0,100.0,-0.1924448945518471
75.59719438877755,35.78378378378378,,100.0,1.0,100.0,-0.1928731225901141
75.79559118236472,35.78378378378378,,100.0,1.0,100.0,-0.1933044913034725
75.99398797595191,35.78378378378378,,100.0,1.0,100.0,-0.1937390268183279
76.19238476953907,35.78378378378378,,100.0,1.0,100.0,-0.1941767552464067
76.39078156312625,35.78378378378378,,100.0,1.0,100.0,-0.1946177026972994
76.58917835671345,35.78378378378378,,100.0,1.0,100.0,-0.1950618952913196
76.7875751503006,35.78378378378378,,100.0,1.0,100.0,-0.1955093591726107
76.98597194388778,35.78378378378378,,100.0,1.0,100.0,-0.1959601205224247
77.18436873747495,35.78378378378378,,100.0,1.0,100.0,-0.1964142055727855
77.38276553106212,35.78378378378378,,100.0,1.0,100.0,-0.1968716406202409
77.5811623246493,35.78378378378378,,100.0,1.0,100.0,-0.197332452039984
77.77955911823646,35.78378378378378,,100.0,1.0,100.0,-0.1977966663001992
77.97795591182366,35.78378378378378,,100.0,1.0,100.0,-0.1982643099766008
78.1763527054108,35.78378378378378,,100.0,1.0,100.0,-0.1987354097673123
78.374749498998,35.78378378378378,,100.0,1.0,100.0,-0.1992099925079115
78.5731462925852,35.78378378378378,,100.0,1.0,100.0,-0.1996880851867613
78.77154308617234,35.78378378378378,,100.0,1.0,100.0,-0.2001697149605952
78.96993987975952,35.78378378378378,,100.0,1.0,100.0,-0.2006549091703504
79.1683366733467,35.78378378378378,,100.0,1.0,100.0,-0.2011436953572216
79.36673346693387,35.78378378378378,,100.0,1.0,100.0,-0.2016361012789842
79.56513026052104,35.78378378378378,,100.0,1.0,100.0,-0.2021321549265549
79.76352705410822,35.78378378378378,,100.0,1.0,100.0,-0.2026318845408081
79.9619238476954,35.78378378378378,,100.0,1.0,100.0,-0.2031353186296405
80.16032064128257,35.78378378378378,,100.0,1.0,100.0,-0.2036424859851936
80.35871743486975,35.78378378378378,,100.0,1.0,100.0,-0.2041534157014829
80.55711422845691,35.78378378378378,,100.0,1.0,100.0,-0.2046681371921274
80.75551102204409,35.78378378378378,,100.0,1.0,100.0,-0.2051866802083418
80.95390781563127,35.78378378378378,,100.0,1.0,100.0,-0.2057090748572259
81.15230460921843,35.78378378378378,,100.0,1.0,100.0,-0.2062353516202401
81.35070140280563,35.78378378378378,,100.0,1.0,100.0,-0.2067655413719293
81.54909819639279,35.78378378378378,,100.0,1.0,100.0,-0.207299675398866
81.74749498997996,35.78378378378378,,100.0,1.0,100.0,-0.207837785418856
81.94589178356713,35.78378378378378,,100.0,1.0,100.0,-0.2083799036003581
82.14428857715431,35.78378378378378,,100.0,1.0,100.0,-0.2089260625821356
82.34268537074149,35.78378378378378,,100.0,1.0,100.0,-0.2094762954931119
82.54108216432866,35.78378378378378,,100.0,1.0,100.0,-0.2100306359725153
82.73947895791585,35.78378378378378,,100.0,1.0,100.0,-0.2105891181901829
82.937875751503,35.78378378378378,,100.0,1.0,100.0,-0.2111517768671418
83.13627254509018,35.78378378378378,,100.0,1.0,100.0,-0.2117186472963493
83.33466933867736,35.78378378378378,,100.0,1.0,100.0,-0.2122897653637557
83.53306613226454,35.78378378378378,,100.0,1.0,100.0,-0.2128651675694798
83.7314629258517,35.78378378378378,,100.0,1.0,100.0,-0.2134448910492603
83.92985971943888,35.78378378378378,,100.0,1.0,100.0,-0.2140289735961684
84.12825651302606,35.78378378378378,,100.0,1.0,100.0,-0.2146174536824158
84.32665330661322,35.78378378378378,,100.0,1.0,100.0,-0.215210370481511
84.5250501002004,35.78378378378378,,100.0,1.0,100.0,-0.215807763890556
84.72344689378757,35.78378378378378,,100.0,1.0,100.0,-0.2164096745527792
84.92184368737476,35.78378378378378,,100.0,1.0,100.0,-0.2170161438802833
85.12024048096194,35.78378378378378,,100.0,1.0,100.0,-0.2176272140770143
85.3186372745491,35.78378378378378,,100.0,1.0,100.0,-0.218242928161916
85.51703406813628,35.78378378378378,,100.0,1.0,100.0,-0.2188633299923458
85.71543086172345,35.78378378378378,,100.0,1.0,100.0,-0.2194884642876735
85.91382765531063,35.78378378378378,,100.0,1.0,100.0,-0.2201183766530767
86.1122244488978,35.78378378378378,,100.0,1.0,100.0,-0.2207531136035754
86.31062124248497,35.78378378378378,,100.0,1.0,100.0,-0.2213927225882872
86.50901803607215,35.78378378378378,,100.0,1.0,100.0,-0.222037252014869
86.70741482965931,35.78378378378378,,100.0,1.0,100.0,-0.2226867512741768
86.90581162324649,35.78378378378378,,100.0,1.0,100.0,-0.2233412707651556
87.10420841683366,35.78378378378378,,100.0,1.0,100.0,-0.224000861919922
87.30260521042084,35.78378378378378,,100.0,1.0,100.0,-0.224665577229052
87.50100200400803,35.78378378378378,,100.0,1.0,100.0,-0.2253354702671438
87.6993987975952,35.78378378378378,,100.0,1.0,100.0,-0.2260105957184919
87.89779559118237,35.78378378378378,,100.0,1.0,100.0,-0.2266910094030749
88.09619238476955,35.78378378378378,,100.0,1.0,100.0,-0.2273767683027012
88.29458917835672,35.78378378378378,,100.0,1.0,100.0,-0.2280679305873729
88.4929859719439,35.78378378378378,,100.0,1.0,100.0,-0.2287645556418962
88.69138276553106,35.78378378378378,,100.0,1.0,100.0,-0.2294667040927295
88.88977955911824,35.78378378378378,,100.0,1.0,100.0,-0.2301744378349192
89.0881763527054,35.78378378378378,,100.0,1.0,100.0,-0.2308878200594515
89.28657314629258,35.78378378378378,,100.0,1.0,100.0,-0.2316069152806519
89.48496993987975,35.78378378378378,,100.0,1.0,100.0,-0.2323317893639389
89.68336673346693,35.78378378378378,,100.0,1.0,100.0,-0.2330625095537278
89.88176352705409,35.78378378378378,,100.0,1.0,100.0,-0.233799144501532
90.08016032064127,35.78378378378378,,100.0,1.0,100.0,-0.234541764294389
90.27855711422846,35.78378378378378,,100.0,1.0,100.0,-0.2352904404834842
90.47695390781564,35.78378378378378,,100.0,1.0,100.0,-0.2360452461129155
90.6753507014028,35.78378378378378,,100.0,1.0,100.0,-0.2368062557488047
90.87374749498998,35.78378378378378,,100.0,1.0,100.0,-0.2375735455086109
91.07214428857715,35.78378378378378,,100.0,1.0,100.0,-0.2383471930906481
91.27054108216433,35.78378378378378,,100.0,1.0,100.0,-0.2391272778038689
91.46893787575152,35.78378378378378,,100.0,1.0,100.0,-0.2399138805979098
91.66733466933867,35.78378378378378,,100.0,1.0,100.0,-0.2407070840933183
91.86573146292585,35.78378378378378,,100.0,1.0,100.0,-0.2415069726121135
92.06412825651303,35.78378378378378,,100.0,1.0,100.0,-0.2423136322085037
92.26252505010021,35.78378378378378,,100.0,1.0,100.0,-0.243127150699939
92.46092184368737,35.78378378378378,,100.0,1.0,100.0,-0.2439476176983566
92.65931863727455,35.78378378378378,,100.0,1.0,100.0,-0.2447751246417115
92.85771543086172,35.78378378378378,,100.0,1.0,100.0,-0.2456097648257796
93.05611222444891,35.78378378378378,,100.0,1.0,100.0,-0.2464516334361832
93.25450901803607,35.78378378378378,,100.0,1.0,100.0,-0.2473008275807353
93.45290581162325,35.78378378378378,,100.0,1.0,100.0,-0.2481574463220024
93.65130260521043,35.78378378378378,,100.0,1.0,100.0,-0.2490215907101752
93.84969939879761,35.78378378378378,,100.0,1.0,100.0,-0.2498933638162347
94.04809619238478,35.78378378378378,,100.0,1.0,100.0,-0.2507728707653042
94.24649298597195,35.78378378378378,,100.0,1.0,100.0,-0.2516602187704079
94.44488977955912,35.78378378378378,,100.0,1.0,100.0,-0.2525555171664287
94.6432865731463,35.78378378378378,,100.0,1.0,100.0,-0.2534588774443886
94.84168336673346,35.78378378378378,,100.0,1.0,100.0,-0.2543704132860617
95.04008016032064,35.78378378378378,,100.0,1.0,100.0,-0.2552902405987495
95.2384769539078,35.78378378378378,,100.0,1.0,100.0,-0.2562184775505557
95.43687374749499,35.78378378378378,,100.0,1.0,100.0,-0.2571552446058283
95.63527054108215,35.78378378378378,,100.0,1.0,100.0,-0.2581006645609319
95.83366733466936,35.78378378378378,,100.0,1.0,100.0,-0.2590548625803555
96.03206412825652,35.78378378378378,,100.0,1.0,100.0,-0.2600179662331785
96.2304609218437,35.78378378378378,,100.0,1.0,100.0,-0.2609901055297871
96.42885771543087,35.78378378378378,,100.0,1.0,100.0,-0.2619714129589187
96.62725450901804,35.78378378378378,,100.0,1.0,100.0,-0.2629620235251495
96.82565130260521,35.78378378378378,,100.0,1.0,100.0,-0.263962074786589
97.02404809619239,35.78378378378378,,100.0,1.0,100.0,-0.264971706892945
97.22244488977958,35.78378378378378,,100.0,1.0,100.0,-0.2659910626240445
97.42084168336673,35.78378378378378,,100.0,1.0,100.0,-0.2670202874285435
97.6192384769539,35.78378378378378,,100.0,1.0,100.0,-0.2680595294631027
97.81763527054107,35.78378378378378,,100.0,1.0,100.0,-0.2691089396319014
98.01603206412825,35.78378378378378,,100.0,1.0,100.0,-0.2701686716264748
98.21442885771542,35.78378378378378,,100.0,1.0,100.0,-0.2712388819660587
98.4128256513026,35.78378378378378,,100.0,1.0,100.0,-0.2723197300380848
98.61122244488979,35.78378378378378,,100.0,1.0,100.0,-0.2734113781392869
98.80961923847698,35.78378378378378,,100.0,1.0,100.0,-0.2745139915170724
99.00801603206413,35.78378378378378,,100.0,1.0,100.0,-0.2756277384113296
99.2064128256513,35.78378378378378,,100.0,1.0,100.0,-0.2767527900965821
99.40480961923848,35.78378378378378,,100.0,1.0,100.0,-0.2778893209246589
99.60320641282564,35.78378378378378,,100.0,1.0,100.0,-0.2790375083676685
99.80160320641282,35.78378378378378,,100.0,1.0,100.0,-0.2801975330614423
100.0,35.78378378378378,,100.0,1.0,100.0,-0.2813695788494068
1.0,38.45945945945946,,100.0,1.0,100.0,-0.3265760342358389
1.1983967935871744,38.45945945945946,,100.0,1.0,100.0,-0.3235539965403479
1.3967935871743486,38.45945945945946,,100.0,1.0,100.0,-0.3205579567964248
1.595190380761523,38.45945945945946,,100.0,1.0,100.0,-0.3175879055606808
1.7935871743486973,38.45945945945946,,100.0,1.0,100.0,-0.3146438345283955
1.9919839679358717,38.45945945945946,,100.0,1.0,100.0,-0.3117257364126823
2.190380761523046,38.45945945945946,,100.0,1.0,100.0,-0.3088336048259819
2.38877755511022,38.45945945945946,,100.0,1.0,100.0,-0.3059674341638269
2.5871743486973946,38.45945945945946,,100.0,1.0,100.0,-0.3031272194908705
2.785571142284569,38.45945945945946,,100.0,1.0,100.0,-0.3003129564291567
2.9839679358717435,38.45945945945946,,100.0,1.0,100.0,-0.2975246410486016
3.182364729458918,38.45945945945946,,100.0,1.0,100.0,-0.2947622697596901
3.380761523046093,38.45945945945946,,100.0,1.0,100.0,-0.2920258392083319
3.579158316633267,38.45945945945946,,100.0,1.0,100.0,-0.2893153461729013
3.7775551102204403,38.45945945945946,,100.0,1.0,100.0,-0.2866307874634043
3.9759519038076157,38.45945945945946,,100.0,1.0,100.0,-0.2839721598227538
4.174348697394789,38.45945945945946,,100.0,1.0,100.0,-0.2813394598302022
4.372745490981964,38.45945945945946,,100.0,1.0,100.0,-0.2787326838068092
4.571142284569138,38.45945945945946,,100.0,1.0,100.0,-0.2761518277230192
4.7695390781563125,38.45945945945946,,100.0,1.0,100.0,-0.2735968871082787
4.967935871743487,38.45945945945946,,100.0,1.0,100.0,-0.2710678569627129
5.166332665330662,38.45945945945946,,100.0,1.0,100.0,-0.2685647316708224
5.364729458917837,38.45945945945946,,100.0,1.0,100.0,-0.2660875049171839
5.563126252505009,38.45945945945946,,100.0,1.0,100.0,-0.2636361696041807
5.761523046092185,38.45945945945946,,100.0,1.0,100.0,-0.2612107177716937
5.959919839679359,38.45945945945946,,100.0,1.0,100.0,-0.2588111405187914
6.158316633266534,38.45945945945946,,100.0,1.0,100.0,-0.2564374279273484
6.356713426853707,38.45945945945946,,100.0,1.0,100.0,-0.2540895689876919
6.555110220440882,38.45945945945946,,100.0,1.0,100.0,-0.2517675515260723
6.753507014028057,38.45945945945946,,100.0,1.0,100.0,-0.2494713621341899
6.951903807615231,38.45945945945946,,100.0,1.0,100.0,-0.2472009861005482
7.150300601202405,38.45945945945946,,100.0,1.0,100.0,-0.2449564073437932
7.348697394789579,38.45945945945946,,100.0,1.0,100.0,-0.2427376083478561
7.547094188376754,38.45945945945946,,100.0,1.0,100.0,-0.2405445700991249
7.745490981963927,38.45945945945946,,100.0,1.0,100.0,-0.2383772720253723
7.9438877755511,38.45945945945946,,100.0,1.0,100.0,-0.236235691936633
8.142284569138276,38.45945945945946,,100.0,1.0,100.0,-0.2341198059679302
8.340681362725451,38.45945945945946,,100.0,1.0,100.0,-0.2320295885238651
8.539078156312625,38.45945945945946,,100.0,1.0,100.0,-0.2299650122250584
8.737474949899799,38.45945945945946,,100.0,1.0,100.0,-0.2279260478564421
8.935871743486974,38.45945945945946,,100.0,1.0,100.0,-0.2259126643173976
9.13426853707415,38.45945945945946,,100.0,1.0,100.0,-0.2239248285736887
9.332665330661325,38.45945945945946,,100.0,1.0,100.0,-0.2219625056113058
9.531062124248498,38.45945945945946,,100.0,1.0,100.0,-0.2200256583920258
9.729458917835672,38.45945945945946,,100.0,1.0,100.0,-0.2181142478108928
9.927855711422845,38.45945945945946,,100.0,1.0,100.0,-0.2162282326554045
10.126252505010019,38.45945945945946,,100.0,1.0,100.0,-0.2143675695666041
10.324649298597194,38.45945945945946,,100.0,1.0,100.0,-0.2125322130018871
10.52304609218437,38.45945945945946,,100.0,1.0,100.0,-0.210722115199657
10.721442885771543,38.45945945945946,,100.0,1.0,100.0,-0.2089372261457418
10.919839679358718,38.45945945945946,,100.0,1.0,100.0,-0.2071774935415854
11.118236472945892,38.45945945945946,,100.0,1.0,100.0,-0.2054428627742317
11.316633266533067,38.45945945945946,,100.0,1.0,100.0,-0.2037332768880722
11.515030060120242,38.45945945945946,,100.0,1.0,100.0,-0.2020486765583672
11.713426853707414,38.45945945945946,,100.0,1.0,100.0,-0.2003890000664898
11.91182364729459,38.45945945945946,,100.0,1.0,100.0,-0.1987541832769773
12.110220440881761,38.45945945945946,,100.0,1.0,100.0,-0.197144159616252
12.308617234468937,38.45945945945946,,100.0,1.0,100.0,-0.1955588600531708
12.507014028056114,38.45945945945946,,100.0,1.0,100.0,-0.1939982130812101
12.705410821643287,38.45945945945946,,100.0,1.0,100.0,-0.1924621447024712
12.903807615230463,38.45945945945946,,100.0,1.0,100.0,-0.190950578413296
13.102204408817634,38.45945945945946,,100.0,1.0,100.0,-0.1894634351916942
13.30060120240481,38.45945945945946,,100.0,1.0,100.0,-0.1880006334863889
13.498997995991983,38.45945945945946,,100.0,1.0,100.0,-0.1865620892076087
13.697394789579159,38.45945945945946,,100.0,1.0,100.0,-0.1851477157195021
13.895791583166334,38.45945945945946,,100.0,1.0,100.0,-0.1837574238342881
14.094188376753507,38.45945945945946,,100.0,1.0,100.0,-0.1823911218080259
14.292585170340683,38.45945945945946,,100.0,1.0,100.0,-0.181048715338048
14.490981963927855,38.45945945945946,,100.0,1.0,100.0,-0.179730107562005
14.689378757515032,38.45945945945946,,100.0,1.0,100.0,-0.1784351990585937
14.887775551102203,38.45945945945946,,100.0,1.0,100.0,-0.1771638878498377
15.086172344689379,38.45945945945946,,100.0,1.0,100.0,-0.1759160694050089
15.284569138276554,38.45945945945946,,100.0,1.0,100.0,-0.1746916366461109
15.482965931863726,38.45945945945946,,100.0,1.0,100.0,-0.1734904799549502
15.681362725450903,38.45945945945946,,100.0,1.0,100.0,-0.1723124871817566
15.879759519038075,38.45945945945946,,100.0,1.0,100.0,-0.1711575436553346
16.07815631262525,38.45945945945946,,100.0,1.0,100.0,-0.170025532194763
16.276553106212425,38.45945945945946,,100.0,1.0,100.0,-0.1689163331225717
16.474949899799597,38.45945945945946,,100.0,1.0,100.0,-0.1678298242794242
16.673346693386772,38.45945945945946,,100.0,1.0,100.0,-0.1667658810402583
16.871743486973948,38.45945945945946,,100.0,1.0,100.0,-0.1657243763318844
17.070140280561123,38.45945945945946,,100.0,1.0,100.0,-0.1647051806520095
17.2685370741483,38.45945945945946,,100.0,1.0,100.0,-0.1637081620896598
17.466933867735474,38.45945945945946,,100.0,1.0,100.0,-0.1627331863469864
17.66533066132265,38.45945945945946,,100.0,1.0,100.0,-0.1617801167624584
17.86372745490982,38.45945945945946,,100.0,1.0,100.0,-0.1608488143353519
18.062124248496996,38.45945945945946,,100.0,1.0,100.0,-0.1599391377515829
18.260521042084168,38.45945945945946,,100.0,1.0,100.0,-0.1590509434108364
18.458917835671343,38.45945945945946,,100.0,1.0,100.0,-0.1581840854548961
18.657314629258515,38.45945945945946,,100.0,1.0,100.0,-0.1573384157972956
18.85571142284569,38.45945945945946,,100.0,1.0,100.0,-0.1565137841541161
19.054108216432866,38.45945945945946,,100.0,1.0,100.0,-0.1557100380759657
19.252505010020037,38.45945945945946,,100.0,1.0,100.0,-0.1549270229811453
19.450901803607216,38.45945945945946,,100.0,1.0,100.0,-0.1541645821898973
19.649298597194388,38.45945945945946,,100.0,1.0,100.0,-0.1534225569597674
19.847695390781563,38.45945945945946,,100.0,1.0,100.0,-0.1527007865220038
20.04609218436874,38.45945945945946,,100.0,1.0,100.0,-0.1519991081190077
20.244488977955914,38.45945945945946,,100.0,1.0,100.0,-0.1513173570427665
20.442885771543086,38.45945945945946,,100.0,1.0,100.0,-0.1506553666742357
20.64128256513026,38.45945945945946,,100.0,1.0,100.0,-0.1500129685236831
20.839679358717436,38.45945945945946,,100.0,1.0,100.0,-0.1493899922718948
21.03807615230461,38.45945945945946,,100.0,1.0,100.0,-0.1487862658122527
21.236472945891784,38.45945945945946,,100.0,1.0,100.0,-0.1482016152936783
21.43486973947896,38.45945945945946,,100.0,1.0,100.0,-0.147635865164271
21.633266533066134,38.45945945945946,,100.0,1.0,100.0,-0.1470888382158234
21.831663326653306,38.45945945945946,,100.0,1.0,100.0,-0.1465603556289738
22.030060120240485,38.45945945945946,,100.0,1.0,100.0,-0.1460502370190652
22.228456913827657,38.45945945945946,,100.0,1.0,100.0,-0.1455583004826715
22.42685370741483,38.45945945945946,,100.0,1.0,100.0,-0.1450843626447267
22.625250501002007,38.45945945945946,,100.0,1.0,100.0,-0.144628238706221
22.82364729458918,38.45945945945946,,100.0,1.0,100.0,-0.1441897424924511
23.02204408817635,38.45945945945946,,100.0,1.0,100.0,-0.1437686865017913
23.220440881763523,38.45945945945946,,100.0,1.0,100.0,-0.1433648819549048
23.4188376753507,38.45945945945946,,100.0,1.0,100.0,-0.1429781388444072
23.617234468937873,38.45945945945946,,100.0,1.0,100.0,-0.1426082659849305
23.815631262525052,38.45945945945946,,100.0,1.0,100.0,-0.1422550710635559
24.014028056112227,38.45945945945946,,100.0,1.0,100.0,-0.1419183606905615
24.212424849699403,38.45945945945946,,100.0,1.0,100.0,-0.1415979404504649
24.410821643286575,38.45945945945946,,100.0,1.0,100.0,-0.141293614953366
24.609218436873746,38.45945945945946,,100.0,1.0,100.0,-0.141005187886462
24.807615230460925,38.45945945945946,,100.0,1.0,100.0,-0.1407324620657908
25.006012024048097,38.45945945945946,,100.0,1.0,100.0,-0.1404752394881475
25.20440881763527,38.45945945945946,,100.0,1.0,100.0,-0.1402333213830919
25.402805611222448,38.45945945945946,,100.0,1.0,100.0,-0.1400065082650898
25.60120240480962,38.45945945945946,,100.0,1.0,100.0,-0.1397945999857322
25.79959919839679,38.45945945945946,,100.0,1.0,100.0,-0.1395973957859561
25.997995991983966,38.45945945945946,,100.0,1.0,100.0,-0.1394146943483101
26.196392785571145,38.45945945945946,,100.0,1.0,100.0,-0.139246293849205
26.394789579158317,38.45945945945946,,100.0,1.0,100.0,-0.1390919920110841
26.59318637274549,38.45945945945946,,100.0,1.0,100.0,-0.1389515861545913
26.791583166332664,38.45945945945946,,100.0,1.0,100.0,-0.1388248732505805
26.98997995991984,38.45945945945946,,100.0,1.0,100.0,-0.1387116499720346
27.188376753507008,38.45945945945946,,100.0,1.0,100.0,-0.1386117127458763
27.386773547094187,38.45945945945946,,100.0,1.0,100.0,-0.1385248578045644
27.585170340681366,38.45945945945946,,100.0,1.0,100.0,-0.1384508812375335
27.783567134268534,38.45945945945946,,100.0,1.0,100.0,-0.1383895790424417
27.98196392785571,38.45945945945946,,100.0,1.0,100.0,-0.1383407471761765
28.180360721442888,38.45945945945946,,100.0,1.0,100.0,-0.1383041816056348
28.378757515030063,38.45945945945946,,100.0,1.0,100.0,-0.1382796783582616
28.577154308617235,38.45945945945946,,100.0,1.0,100.0,-0.1382670335722866
28.7755511022044,38.45945945945946,,100.0,1.0,100.0,-0.1382660435467169
28.97394789579158,38.45945945945946,,100.0,1.0,100.0,-0.1382765047910008
29.172344689378757,38.45945945945946,,100.0,1.0,100.0,-0.1382982140744042
29.370741482965926,38.45945945945946,,100.0,1.0,100.0,-0.1383309684750723
29.5691382765531,38.45945945945946,,100.0,1.0,100.0,-0.1383745654287181
29.76753507014028,38.45945945945946,,100.0,1.0,100.0,-0.1384288027770643
29.965931863727448,38.45945945945946,,100.0,1.0,100.0,-0.1384934788158289
30.164328657314627,38.45945945945946,,100.0,1.0,100.0,-0.1385683923424533
30.36272545090181,38.45945945945946,,100.0,1.0,100.0,-0.1386533427034113
30.56112224448897,38.45945945945946,,100.0,1.0,100.0,-0.1387481298411957
30.759519038076157,38.45945945945946,,100.0,1.0,100.0,-0.1388525543409156
30.957915831663332,38.45945945945946,,100.0,1.0,100.0,-0.1389664174765217
31.1563126252505,38.45945945945946,,100.0,1.0,100.0,-0.1390895212566768
31.35470941883768,38.45945945945946,,100.0,1.0,100.0,-0.1392216684702305
31.553106212424858,38.45945945945946,,100.0,1.0,100.0,-0.139362662731349
31.751503006012022,38.45945945945946,,100.0,1.0,100.0,-0.1395123085242067
31.949899799599194,38.45945945945946,,100.0,1.0,100.0,-0.1396704112473835
32.14829659318637,38.45945945945946,,100.0,1.0,100.0,-0.1398367772578082
32.346693386773545,38.45945945945946,,100.0,1.0,100.0,-0.1400112139143616
32.545090180360724,38.45945945945946,,100.0,1.0,100.0,-0.1401935296211168
32.743486973947896,38.45945945945946,,100.0,1.0,100.0,-0.1403835338701459
32.941883767535074,38.45945945945946,,100.0,1.0,100.0,-0.1405810372840273
33.140280561122246,38.45945945945946,,100.0,1.0,100.0,-0.1407858516579047
33.33867735470942,38.45945945945946,,100.0,1.0,100.0,-0.1409977900012208
33.5370741482966,38.45945945945946,,100.0,1.0,100.0,-0.1412166665790625
33.73547094188377,38.45945945945946,,100.0,1.0,100.0,-0.1414422969531114
33.93386773547095,38.45945945945946,,100.0,1.0,100.0,-0.1416744980222783
34.13226452905812,38.45945945945946,,100.0,1.0,100.0,-0.1419130880628776
34.3306613226453,38.45945945945946,,100.0,1.0,100.0,-0.1421578867685318
34.52905811623247,38.45945945945946,,100.0,1.0,100.0,-0.1424087152895748
34.72745490981965,38.45945945945946,,100.0,1.0,100.0,-0.1426653962722165
34.92585170340681,38.45945945945946,,100.0,1.0,100.0,-0.1429277538972067
35.12424849699399,38.45945945945946,,100.0,1.0,100.0,-0.1431956139181928
35.32264529058117,38.45945945945946,,100.0,1.0,100.0,-0.1434688036996533
35.521042084168336,38.45945945945946,,100.0,1.0,100.0,-0.143747152254441
35.719438877755515,38.45945945945946,,100.0,1.0,100.0,-0.1440304902809568
35.91783567134269,38.45945945945946,,100.0,1.0,100.0,-0.1443186501998667
36.11623246492986,38.45945945945946,,100.0,1.0,100.0,-0.1446114661904638
36.31462925851703,38.45945945945946,,100.0,1.0,100.0,-0.1449087742265632
36.51302605210421,38.45945945945946,,100.0,1.0,100.0,-0.1452104121119778
36.71142284569138,38.45945945945946,,100.0,1.0,100.0,-0.1455162195155629
36.90981963927855,38.45945945945946,,100.0,1.0,100.0,-0.1458260380057979
37.10821643286573,38.45945945945946,,100.0,1.0,100.0,-0.1461397110848781
37.3066132264529,38.45945945945946,,100.0,1.0,100.0,-0.14645708422237
37.505010020040075,38.45945945945946,,100.0,1.0,100.0,-0.1467780048883111
37.703406813627254,38.45945945945946,,100.0,1.0,100.0,-0.1471023225858265
37.90180360721443,38.45945945945946,,100.0,1.0,100.0,-0.1474298888832147
38.100200400801604,38.45945945945946,,100.0,1.0,100.0,-0.1477605574454553
38.298597194388776,38.45945945945946,,100.0,1.0,100.0,-0.1480941840651406
38.496993987975955,38.45945945945946,,100.0,1.0,100.0,-0.1484306266928328
38.69539078156313,38.45945945945946,,100.0,1.0,100.0,-0.1487697454667885
38.8937875751503,38.45945945945946,,100.0,1.0,100.0,-0.1491114027420279
39.09218436873748,38.45945945945946,,100.0,1.0,100.0,-0.149455463118745
39.29058116232465,38.45945945945946,,100.0,1.0,100.0,-0.1498017934700108
39.48897795591183,38.45945945945946,,100.0,1.0,100.0,-0.1501502629687665
39.687374749499,38.45945945945946,,100.0,1.0,100.0,-0.1505007431140492
39.88577154308617,38.45945945945946,,100.0,1.0,100.0,-0.1508531077564531
40.08416833667335,38.45945945945946,,100.0,1.0,100.0,-0.1512072331227583
40.28256513026052,38.45945945945946,,100.0,1.0,100.0,-0.1515629978397248
40.4809619238477,38.45945945945946,,100.0,1.0,100.0,-0.1519202829570435
40.67935871743487,38.45945945945946,,100.0,1.0,100.0,-0.1522789719693358
40.877755511022045,38.45945945945946,,100.0,1.0,100.0,-0.1526389508372545
41.07615230460922,38.45945945945946,,100.0,1.0,100.0,-0.1530001080075927
41.274549098196395,38.45945945945946,,100.0,1.0,100.0,-0.1533623344324164
41.47294589178357,38.45945945945946,,100.0,1.0,100.0,-0.1537255235871429
41.671342685370746,38.45945945945946,,100.0,1.0,100.0,-0.1540895714875829
41.86973947895792,38.45945945945946,,100.0,1.0,100.0,-0.1544543767058438
42.06813627254509,38.45945945945946,,100.0,1.0,100.0,-0.1548198403851763
42.26653306613227,38.45945945945946,,100.0,1.0,100.0,-0.1551858662535398
42.46492985971944,38.45945945945946,,100.0,1.0,100.0,-0.1555523606361666
42.66332665330661,38.45945945945946,,100.0,1.0,100.0,-0.155919232466697
42.861723446893784,38.45945945945946,,100.0,1.0,100.0,-0.1562863932972124
43.06012024048097,38.45945945945946,,100.0,1.0,100.0,-0.1566537573069565
43.25851703406814,38.45945945945946,,100.0,1.0,100.0,-0.1570212413097108
43.45691382765531,38.45945945945946,,100.0,1.0,100.0,-0.1573887647599001
43.655310621242485,38.45945945945946,,100.0,1.0,100.0,-0.157756249757298
43.85370741482966,38.45945945945946,,100.0,1.0,100.0,-0.158123621050372
44.05210420841683,38.45945945945946,,100.0,1.0,100.0,-0.1584908060382482
44.250501002004015,38.45945945945946,,100.0,1.0,100.0,-0.158857734771223
44.448897795591186,38.45945945945946,,100.0,1.0,100.0,-0.1592243399498555
44.64729458917836,38.45945945945946,,100.0,1.0,100.0,-0.1595905569226111
44.84569138276553,38.45945945945946,,100.0,1.0,100.0,-0.1599563236820254
45.0440881763527,38.45945945945946,,100.0,1.0,100.0,-0.1603215808594059
45.24248496993987,38.45945945945946,,100.0,1.0,100.0,-0.1606862717180051
45.440881763527045,38.45945945945946,,100.0,1.0,100.0,-0.1610503421447549
45.63927855711423,38.45945945945946,,100.0,1.0,100.0,-0.1614137406404396
45.8376753507014,38.45945945945946,,100.0,1.0,100.0,-0.1617764183083934
46.036072144288575,38.45945945945946,,100.0,1.0,100.0,-0.1621383288417068
46.23446893787575,38.45945945945946,,100.0,1.0,100.0,-0.1624994285088714
46.43286573146293,38.45945945945946,,100.0,1.0,100.0,-0.1628596761379848
46.631262525050104,38.45945945945946,,100.0,1.0,100.0,-0.1632190330994286
46.829659318637276,38.45945945945946,,100.0,1.0,100.0,-0.1635774632870786
47.028056112224455,38.45945945945946,,100.0,1.0,100.0,-0.1639349330980282
47.22645290581163,38.45945945945946,,100.0,1.0,100.0,-0.1642914114108664
47.424849699398806,38.45945945945946,,100.0,1.0,100.0,-0.1646468695625256
47.62324649298598,38.45945945945946,,100.0,1.0,100.0,-0.1650012813236859
47.82164328657315,38.45945945945946,,100.0,1.0,100.0,-0.1653546228728061
48.02004008016032,38.45945945945946,,100.0,1.0,100.0,-0.165706872768795
48.21843687374749,38.45945945945946,,100.0,1.0,100.0,-0.1660580119223051
48.41683366733468,38.45945945945946,,100.0,1.0,100.0,-0.1664080235657625
48.615230460921836,38.45945945945946,,100.0,1.0,100.0,-0.1667568932220646
48.81362725450902,38.45945945945946,,100.0,1.0,100.0,-0.1671046086721115
49.012024048096194,38.45945945945946,,100.0,1.0,100.0,-0.1674511599210487
49.21042084168337,38.45945945945946,,100.0,1.0,100.0,-0.1677965391634261
49.40881763527054,38.45945945945946,,100.0,1.0,100.0,-0.1681407407471835
49.60721442885771,38.45945945945946,,100.0,1.0,100.0,-0.168483761136585
49.805611222444895,38.45945945945946,,100.0,1.0,100.0,-0.1688255988741289
50.00400801603207,38.45945945945946,,100.0,1.0,100.0,-0.1691662545414392
50.20240480961924,38.45945945945946,,100.0,1.0,100.0,-0.1695057307192948
50.40080160320641,38.45945945945946,,100.0,1.0,100.0,-0.1698440319467274
50.59919839679358,38.45945945945946,,100.0,1.0,100.0,-0.1701811646792942
50.79759519038077,38.45945945945946,,100.0,1.0,100.0,-0.1705171372466307
50.99599198396793,38.45945945945946,,100.0,1.0,100.0,-0.1708519598092192
51.19438877755511,38.45945945945946,,100.0,1.0,100.0,-0.171185644314562
51.39278557114229,38.45945945945946,,100.0,1.0,100.0,-0.1715182044527432
51.59118236472946,38.45945945945946,,100.0,1.0,100.0,-0.1718496556114026
51.789579158316634,38.45945945945946,,100.0,1.0,100.0,-0.1721800148303003
51.987975951903806,38.45945945945946,,100.0,1.0,100.0,-0.1725093007554066
52.18637274549098,38.45945945945946,,100.0,1.0,100.0,-0.1728375335926796
52.38476953907816,38.45945945945946,,100.0,1.0,100.0,-0.1731647350614774
52.583166332665336,38.45945945945946,,100.0,1.0,100.0,-0.1734909283478186
52.78156312625251,38.45945945945946,,100.0,1.0,100.0,-0.1738161380573656
52.97995991983967,38.45945945945946,,100.0,1.0,100.0,-0.1741403901683937
53.17835671342685,38.45945945945946,,100.0,1.0,100.0,-0.1744637119846047
53.37675350701403,38.45945945945946,,100.0,1.0,100.0,-0.1747861320880166
53.57515030060121,38.45945945945946,,100.0,1.0,100.0,-0.175107680291858
53.77354709418837,38.45945945945946,,100.0,1.0,100.0,-0.1754283875936272
53.97194388777555,38.45945945945946,,100.0,1.0,100.0,-0.1757482861282739
54.17034068136273,38.45945945945946,,100.0,1.0,100.0,-0.1760674091216452
54.368737474949896,38.45945945945946,,100.0,1.0,100.0,-0.1763857908442276
54.567134268537075,38.45945945945946,,100.0,1.0,100.0,-0.1767034665651435
54.765531062124246,38.45945945945946,,100.0,1.0,100.0,-0.1770204725066649
54.96392785571142,38.45945945945946,,100.0,1.0,100.0,-0.1773368457990215
55.1623246492986,38.45945945945946,,100.0,1.0,100.0,-0.1776526244358068
55.360721442885776,38.45945945945946,,100.0,1.0,100.0,-0.177967847229861
55.55911823647295,38.45945945945946,,100.0,1.0,100.0,-0.1782825537697177
55.75751503006013,38.45945945945946,,100.0,1.0,100.0,-0.1785967843767112
55.95591182364729,38.45945945945946,,100.0,1.0,100.0,-0.1789105800627152
56.15430861723447,38.45945945945946,,100.0,1.0,100.0,-0.1792239824885516
56.35270541082165,38.45945945945946,,100.0,1.0,100.0,-0.1795370339231993
56.551102204408814,38.45945945945946,,100.0,1.0,100.0,-0.1798497772036819
56.74949899799599,38.45945945945946,,100.0,1.0,100.0,-0.1801622556958483
56.94789579158316,38.45945945945946,,100.0,1.0,100.0,-0.1804745132558628
57.146292585170336,38.45945945945946,,100.0,1.0,100.0,-0.1807865941926788
57.3446893787575,38.45945945945946,,100.0,1.0,100.0,-0.1810985432312799
57.543086172344694,38.45945945945946,,100.0,1.0,100.0,-0.1814104054768625
57.74148296593185,38.45945945945946,,100.0,1.0,100.0,-0.181722226379985
57.93987975951904,38.45945945945946,,100.0,1.0,100.0,-0.1820340517025502
58.13827655310623,38.45945945945946,,100.0,1.0,100.0,-0.1823459274848254
58.336673346693395,38.45945945945946,,100.0,1.0,100.0,-0.1826579000134057
58.535070140280574,38.45945945945946,,100.0,1.0,100.0,-0.1829700157901304
58.73346693386774,38.45945945945946,,100.0,1.0,100.0,-0.1832823215020088
58.9318637274549,38.45945945945946,,100.0,1.0,100.0,-0.1835948639921366
59.13026052104208,38.45945945945946,,100.0,1.0,100.0,-0.1839076902315825
59.32865731462926,38.45945945945946,,100.0,1.0,100.0,-0.1842208472922964
59.52705410821644,38.45945945945946,,100.0,1.0,100.0,-0.1845343823210189
59.72545090180361,38.45945945945946,,100.0,1.0,100.0,-0.1848483425141418
59.92384769539078,38.45945945945946,,100.0,1.0,100.0,-0.1851627750936443
60.12224448897794,38.45945945945946,,100.0,1.0,100.0,-0.1854777272839124
60.32064128256512,38.45945945945946,,100.0,1.0,100.0,-0.1857932462896194
60.51903807615231,38.45945945945946,,100.0,1.0,100.0,-0.1861093792745518
60.717434869739485,38.45945945945946,,100.0,1.0,100.0,-0.1864261733413843
60.915831663326664,38.45945945945946,,100.0,1.0,100.0,-0.1867436755123944
61.114228456913835,38.45945945945946,,100.0,1.0,100.0,-0.1870619327111805
61.312625250501,38.45945945945946,,100.0,1.0,100.0,-0.1873809917451977
61.51102204408818,38.45945945945946,,100.0,1.0,100.0,-0.1877008992892889
61.709418837675344,38.45945945945946,,100.0,1.0,100.0,-0.1880217018700678
61.90781563126252,38.45945945945946,,100.0,1.0,100.0,-0.1883434458511738
62.1062124248497,38.45945945945946,,100.0,1.0,100.0,-0.188666177419378
62.30460921843688,38.45945945945946,,100.0,1.0,100.0,-0.188989942571577
62.50300601202406,38.45945945945946,,100.0,1.0,100.0,-0.1893147871024821
62.701402805611224,38.45945945945946,,100.0,1.0,100.0,-0.1896407565932678
62.89979959919839,38.45945945945946,,100.0,1.0,100.0,-0.189967896400868
63.09819639278557,38.45945945945946,,100.0,1.0,100.0,-0.1902962516480666
63.296593186372746,38.45945945945946,,100.0,1.0,100.0,-0.1906258672143138
63.494989979959925,38.45945945945946,,100.0,1.0,100.0,-0.1909567877273235
63.69338677354709,38.45945945945946,,100.0,1.0,100.0,-0.1912890575552127
63.89178356713427,38.45945945945946,,100.0,1.0,100.0,-0.1916227207994606
64.09018036072143,38.45945945945946,,100.0,1.0,100.0,-0.1919578212884264
64.28857715430863,38.45945945945946,,100.0,1.0,100.0,-0.1922944025715193
64.48697394789579,38.45945945945946,,100.0,1.0,100.0,-0.1926325079139558
64.68537074148296,38.45945945945946,,100.0,1.0,100.0,-0.1929721802921338
64.88376753507015,38.45945945945946,,100.0,1.0,100.0,-0.1933134623895119
65.08216432865731,38.45945945945946,,100.0,1.0,100.0,-0.1936563965931136
65.28056112224449,38.45945945945946,,100.0,1.0,100.0,-0.1940010249904344
65.47895791583166,38.45945945945946,,100.0,1.0,100.0,-0.1943473893669669
65.67735470941884,38.45945945945946,,100.0,1.0,100.0,-0.194695531204153
65.87575150300601,38.45945945945946,,100.0,1.0,100.0,-0.1950454916777821
66.0741482965932,38.45945945945946,,100.0,1.0,100.0,-0.1953973116568631
66.27254509018036,38.45945945945946,,100.0,1.0,100.0,-0.1957510317029506
66.47094188376754,38.45945945945946,,100.0,1.0,100.0,-0.1961066920698037
66.66933867735472,38.45945945945946,,100.0,1.0,100.0,-0.196464332703533
66.8677354709419,38.45945945945946,,100.0,1.0,100.0,-0.1968239932430509
67.06613226452906,38.45945945945946,,100.0,1.0,100.0,-0.1971857130209461
67.26452905811624,38.45945945945946,,100.0,1.0,100.0,-0.1975495310646655
67.4629258517034,38.45945945945946,,100.0,1.0,100.0,-0.1979154860980809
67.6613226452906,38.45945945945946,,100.0,1.0,100.0,-0.1982836165433241
67.85971943887776,38.45945945945946,,100.0,1.0,100.0,-0.1986539605230201
68.05811623246494,38.45945945945946,,100.0,1.0,100.0,-0.1990265558627255
68.2565130260521,38.45945945945946,,100.0,1.0,100.0,-0.1994014400937476
68.45490981963928,38.45945945945946,,100.0,1.0,100.0,-0.1997786504561962
68.65330661322645,38.45945945945946,,100.0,1.0,100.0,-0.2001582239023664
68.85170340681363,38.45945945945946,,100.0,1.0,100.0,-0.2005401971002925
69.05010020040079,38.45945945945946,,100.0,1.0,100.0,-0.2009246064376851
69.24849699398798,38.45945945945946,,100.0,1.0,100.0,-0.2013114880260614
69.44689378757515,38.45945945945946,,100.0,1.0,100.0,-0.2017008777050684
69.64529058116234,38.45945945945946,,100.0,1.0,100.0,-0.2020928110471925
69.84368737474949,38.45945945945946,,100.0,1.0,100.0,-0.2024873233625806
70.04208416833667,38.45945945945946,,100.0,1.0,100.0,-0.2028844497041396
70.24048096192385,38.45945945945946,,100.0,1.0,100.0,-0.2032842248729136
70.43887775551103,38.45945945945946,,100.0,1.0,100.0,-0.2036866834236023
70.6372745490982,38.45945945945946,,100.0,1.0,100.0,-0.2040918596703925
70.83567134268537,38.45945945945946,,100.0,1.0,100.0,-0.2044997876929466
71.03406813627254,38.45945945945946,,100.0,1.0,100.0,-0.2049105013426575
71.23246492985973,38.45945945945946,,100.0,1.0,100.0,-0.2053240342491219
71.4308617234469,38.45945945945946,,100.0,1.0,100.0,-0.2057404198268096
71.62925851703406,38.45945945945946,,100.0,1.0,100.0,-0.2061596912819654
71.82765531062124,38.45945945945946,,100.0,1.0,100.0,-0.2065818816197511
72.0260521042084,38.45945945945946,,100.0,1.0,100.0,-0.2070070236515938
72.2244488977956,38.45945945945946,,100.0,1.0,100.0,-0.2074351500027575
72.42284569138276,38.45945945945946,,100.0,1.0,100.0,-0.2078662931200849
72.62124248496994,38.45945945945946,,100.0,1.0,100.0,-0.2083004852801141
72.8196392785571,38.45945945945946,,100.0,1.0,100.0,-0.2087377585972466
73.01803607214428,38.45945945945946,,100.0,1.0,100.0,-0.2091781450322049
73.21643286573146,38.45945945945946,,100.0,1.0,100.0,-0.2096216764007856
73.41482965931863,38.45945945945946,,100.0,1.0,100.0,-0.2100683843827102
73.6132264529058,38.45945945945946,,100.0,1.0,100.0,-0.2105183005308504
73.81162324649299,38.45945945945946,,100.0,1.0,100.0,-0.2109714562805457
74.01002004008016,38.45945945945946,,100.0,1.0,100.0,-0.2114278829592666
74.20841683366733,38.45945945945946,,100.0,1.0,100.0,-0.2118876117964505
74.40681362725451,38.45945945945946,,100.0,1.0,100.0,-0.2123506739335738
74.60521042084169,38.45945945945946,,100.0,1.0,100.0,-0.2128171004345078
74.80360721442887,38.45945945945946,,100.0,1.0,100.0,-0.21328692229608
75.00200400801603,38.45945945945946,,100.0,1.0,100.0,-0.2137601704588614
75.20040080160321,38.45945945945946,,100.0,1.0,100.0,-0.2142368758182459
75.39879759519039,38.45945945945946,,100.0,1.0,100.0,-0.2147170692357178
75.59719438877755,38.45945945945946,,100.0,1.0,100.0,-0.2152007815504375
75.79559118236472,38.45945945945946,,100.0,1.0,100.0,-0.2156880435909693
75.99398797595191,38.45945945945946,,100.0,1.0,100.0,-0.2161788861873832
76.19238476953907,38.45945945945946,,100.0,1.0,100.0,-0.2166733401834931
76.39078156312625,38.45945945945946,,100.0,1.0,100.0,-0.2171714364494299
76.58917835671345,38.45945945945946,,100.0,1.0,100.0,-0.2176732058943914
76.7875751503006,38.45945945945946,,100.0,1.0,100.0,-0.2181786794797143
76.98597194388778,38.45945945945946,,100.0,1.0,100.0,-0.2186878882321499
77.18436873747495,38.45945945945946,,100.0,1.0,100.0,-0.219200863257429
77.38276553106212,38.45945945945946,,100.0,1.0,100.0,-0.2197176357540347
77.5811623246493,38.45945945945946,,100.0,1.0,100.0,-0.2202382370272673
77.77955911823646,38.45945945945946,,100.0,1.0,100.0,-0.2207626985035508
77.97795591182366,38.45945945945946,,100.0,1.0,100.0,-0.2212910517449916
78.1763527054108,38.45945945945946,,100.0,1.0,100.0,-0.2218233284641716
78.374749498998,38.45945945945946,,100.0,1.0,100.0,-0.2223595605392757
78.5731462925852,38.45945945945946,,100.0,1.0,100.0,-0.2228997800293028
78.77154308617234,38.45945945945946,,100.0,1.0,100.0,-0.223444019189744
78.96993987975952,38.45945945945946,,100.0,1.0,100.0,-0.2239923104883521
79.1683366733467,38.45945945945946,,100.0,1.0,100.0,-0.2245446866212084
79.36673346693387,38.45945945945946,,100.0,1.0,100.0,-0.2251011805290704
79.56513026052104,38.45945945945946,,100.0,1.0,100.0,-0.2256618254139385
79.76352705410822,38.45945945945946,,100.0,1.0,100.0,-0.2262266547558591
79.9619238476954,38.45945945945946,,100.0,1.0,100.0,-0.2267957023300234
80.16032064128257,38.45945945945946,,100.0,1.0,100.0,-0.2273690022240538
80.35871743486975,38.45945945945946,,100.0,1.0,100.0,-0.2279465888555932
80.55711422845691,38.45945945945946,,100.0,1.0,100.0,-0.2285284969900851
80.75551102204409,38.45945945945946,,100.0,1.0,100.0,-0.229114761758834
80.95390781563127,38.45945945945946,,100.0,1.0,100.0,-0.2297054186773116
81.15230460921843,38.45945945945946,,100.0,1.0,100.0,-0.2303005036636527
81.35070140280563,38.45945945945946,,100.0,1.0,100.0,-0.2309000530574483
81.54909819639279,38.45945945945946,,100.0,1.0,100.0,-0.2315041036387487
81.74749498997996,38.45945945945946,,100.0,1.0,100.0,-0.2321126926473229
81.94589178356713,38.45945945945946,,100.0,1.0,100.0,-0.2327258578021114
82.14428857715431,38.45945945945946,,100.0,1.0,100.0,-0.2333436373209577
82.34268537074149,38.45945945945946,,100.0,1.0,100.0,-0.2339660699405612
82.54108216432866,38.45945945945946,,100.0,1.0,100.0,-0.2345931949366426
82.73947895791585,38.45945945945946,,100.0,1.0,100.0,-0.2352250521443638
82.937875751503,38.45945945945946,,100.0,1.0,100.0,-0.2358616819789636
83.13627254509018,38.45945945945946,,100.0,1.0,100.0,-0.2365031254566145
83.33466933867736,38.45945945945946,,100.0,1.0,100.0,-0.2371494242155392
83.53306613226454,38.45945945945946,,100.0,1.0,100.0,-0.2378006205372974
83.7314629258517,38.45945945945946,,100.0,1.0,100.0,-0.2384567573683633
83.92985971943888,38.45945945945946,,100.0,1.0,100.0,-0.2391178783418707
84.12825651302606,38.45945945945946,,100.0,1.0,100.0,-0.2397840277996168
84.32665330661322,38.45945945945946,,100.0,1.0,100.0,-0.2404552508142545
84.5250501002004,38.45945945945946,,100.0,1.0,100.0,-0.2411315932117684
84.72344689378757,38.45945945945946,,100.0,1.0,100.0,-0.2418131015940593
84.92184368737476,38.45945945945946,,100.0,1.0,100.0,-0.2424998233618884
85.12024048096194,38.45945945945946,,100.0,1.0,100.0,-0.2431918067379208
85.3186372745491,38.45945945945946,,100.0,1.0,100.0,-0.2438891007900707
85.51703406813628,38.45945945945946,,100.0,1.0,100.0,-0.2445917554549941
85.71543086172345,38.45945945945946,,100.0,1.0,100.0,-0.2452998215618784
85.91382765531063,38.45945945945946,,100.0,1.0,100.0,-0.2460133508563624
86.1122244488978,38.45945945945946,,100.0,1.0,100.0,-0.2467323960247609
86.31062124248497,38.45945945945946,,100.0,1.0,100.0,-0.2474570107184113
86.50901803607215,38.45945945945946,,100.0,1.0,100.0,-0.2481872495783603
86.70741482965931,38.45945945945946,,100.0,1.0,100.0,-0.2489231682601166
86.90581162324649,38.45945945945946,,100.0,1.0,100.0,-0.2496648234587866
87.10420841683366,38.45945945945946,,100.0,1.0,100.0,-0.2504122729342488
87.30260521042084,38.45945945945946,,100.0,1.0,100.0,-0.2511655755367482
87.50100200400803,38.45945945945946,,100.0,1.0,100.0,-0.251924791232493
87.6993987975952,38.45945945945946,,100.0,1.0,100.0,-0.2526899811296497
87.89779559118237,38.45945945945946,,100.0,1.0,100.0,-0.2534612075044755
88.09619238476955,38.45945945945946,,100.0,1.0,100.0,-0.2542385338276817
88.29458917835672,38.45945945945946,,100.0,1.0,100.0,-0.2550220247909941
88.4929859719439,38.45945945945946,,100.0,1.0,100.0,-0.2558117463339704
88.69138276553106,38.45945945945946,,100.0,1.0,100.0,-0.2566077656710906
88.88977955911824,38.45945945945946,,100.0,1.0,100.0,-0.2574101513189348
89.0881763527054,38.45945945945946,,100.0,1.0,100.0,-0.2582189731236568
89.28657314629258,38.45945945945946,,100.0,1.0,100.0,-0.2590343022888103
89.48496993987975,38.45945945945946,,100.0,1.0,100.0,-0.2598562114031407
89.68336673346693,38.45945945945946,,100.0,1.0,100.0,-0.2606847744688625
89.88176352705409,38.45945945945946,,100.0,1.0,100.0,-0.2615200669299811
90.08016032064127,38.45945945945946,,100.0,1.0,100.0,-0.2623621657009554
90.27855711422846,38.45945945945946,,100.0,1.0,100.0,-0.2632111491956052
90.47695390781564,38.45945945945946,,100.0,1.0,100.0,-0.2640670973561221
90.6753507014028,38.45945945945946,,100.0,1.0,100.0,-0.2649300916824779
90.87374749498998,38.45945945945946,,100.0,1.0,100.0,-0.2658002152620203
91.07214428857715,38.45945945945946,,100.0,1.0,100.0,-0.2666775527992338
91.27054108216433,38.45945945945946,,100.0,1.0,100.0,-0.2675621906458413
91.46893787575152,38.45945945945946,,100.0,1.0,100.0,-0.2684542168311729
91.66733466933867,38.45945945945946,,100.0,1.0,100.0,-0.2693537210926454
91.86573146292585,38.45945945945946,,100.0,1.0,100.0,-0.2702607949066287
92.06412825651303,38.45945945945946,,100.0,1.0,100.0,-0.2711755315195286
92.26252505010021,38.45945945945946,,100.0,1.0,100.0,-0.2720980259791189
92.46092184368737,38.45945945945946,,100.0,1.0,100.0,-0.2730283751660933
92.65931863727455,38.45945945945946,,100.0,1.0,100.0,-0.2739666778259713
92.85771543086172,38.45945945945946,,100.0,1.0,100.0,-0.274913034601204
93.05611222444891,38.45945945945946,,100.0,1.0,100.0,-0.2758675480635674
93.25450901803607,38.45945945945946,,100.0,1.0,100.0,-0.2768303227468167
93.45290581162325,38.45945945945946,,100.0,1.0,100.0,-0.2778014651796219
93.65130260521043,38.45945945945946,,100.0,1.0,100.0,-0.2787810839188244
93.84969939879761,38.45945945945946,,100.0,1.0,100.0,-0.2797692895829099
94.04809619238478,38.45945945945946,,100.0,1.0,100.0,-0.2807661948857924
94.24649298597195,38.45945945945946,,100.0,1.0,100.0,-0.2817719146708881
94.44488977955912,38.45945945945946,,100.0,1.0,100.0,-0.2827865659455055
94.6432865731463,38.45945945945946,,100.0,1.0,100.0,-0.2838102679155037
94.84168336673346,38.45945945945946,,100.0,1.0,100.0,-0.2848431420202627
95.04008016032064,38.45945945945946,,100.0,1.0,100.0,-0.2858853119679302
95.2384769539078,38.45945945945946,,100.0,1.0,100.0,-0.2869369037710282
95.43687374749499,38.45945945945946,,100.0,1.0,100.0,-0.2879980457823621
95.63527054108215,38.45945945945946,,100.0,1.0,100.0,-0.2890688687311479
95.83366733466936,38.45945945945946,,100.0,1.0,100.0,-0.290149505759655
96.03206412825652,38.45945945945946,,100.0,1.0,100.0,-0.2912400924599784
96.2304609218437,38.45945945945946,,100.0,1.0,100.0,-0.2923407669112486
96.42885771543087,38.45945945945946,,100.0,1.0,100.0,-0.2934516697171677
96.62725450901804,38.45945945945946,,100.0,1.0,100.0,-0.2945729440438455
96.82565130260521,38.45945945945946,,100.0,1.0,100.0,-0.295704735658009
97.02404809619239,38.45945945945946,,100.0,1.0,100.0,-0.2968471929655484
97.22244488977958,38.45945945945946,,100.0,1.0,100.0,-0.2980004670504216
97.42084168336673,38.45945945945946,,100.0,1.0,100.0,-0.2991647117139526
97.6192384769539,38.45945945945946,,100.0,1.0,100.0,-0.3003400835143699
97.81763527054107,38.45945945945946,,100.0,1.0,100.0,-0.3015267418069078
98.01603206412825,38.45945945945946,,100.0,1.0,100.0,-0.3027248487840598
98.21442885771542,38.45945945945946,,100.0,1.0,100.0,-0.3039345695164429
98.4128256513026,38.45945945945946,,100.0,1.0,100.0,-0.3051560719938195
98.61122244488979,38.45945945945946,,100.0,1.0,100.0,-0.3063895271667169
98.80961923847698,38.45945945945946,,100.0,1.0,100.0,-0.3076351089882504
99.00801603206413,38.45945945945946,,100.0,1.0,100.0,-0.3088929944565186
99.2064128256513,38.45945945945946,,100.0,1.0,100.0,-0.3101633636572961
99.40480961923848,38.45945945945946,,100.0,1.0,100.0,-0.3114463998071575
99.60320641282564,38.45945945945946,,100.0,1.0,100.0,-0.3127422892970839
99.80160320641282,38.45945945945946,,100.0,1.0,100.0,-0.3140512217363671
100.0,38.45945945945946,,100.0,1.0,100.0,-0.3153733899971171
1.0,41.13513513513514,,100.0,1.0,100.0,-0.3388770265033461
1.1983967935871744,41.13513513513514,,100.0,1.0,100.0,-0.3358599258845961
1.3967935871743486,41.13513513513514,,100.0,1.0,100.0,-0.3328689919477617
1.595190380761523,41.13513513513514,,100.0,1.0,100.0,-0.3299042239383082
1.7935871743486973,41.13513513513514,,100.0,1.0,100.0,-0.3269656218051449
1.9919839679358717,41.13513513513514,,100.0,1.0,100.0,-0.3240531860899697
2.190380761523046,41.13513513513514,,100.0,1.0,100.0,-0.3211669178188132
2.38877755511022,41.13513513513514,,100.0,1.0,100.0,-0.3183068183957966
2.5871743486973946,41.13513513513514,,100.0,1.0,100.0,-0.3154728894990217
2.785571142284569,41.13513513513514,,100.0,1.0,100.0,-0.3126651329786289
2.9839679358717435,41.13513513513514,,100.0,1.0,100.0,-0.3098835507569584
3.182364729458918,41.13513513513514,,100.0,1.0,100.0,-0.3071281447308137
3.380761523046093,41.13513513513514,,100.0,1.0,100.0,-0.3043989166758239
3.579158316633267,41.13513513513514,,100.0,1.0,100.0,-0.3016958681528242
3.7775551102204403,41.13513513513514,,100.0,1.0,100.0,-0.299019000416327
3.9759519038076157,41.13513513513514,,100.0,1.0,100.0,-0.2963683143249534
4.174348697394789,41.13513513513514,,100.0,1.0,100.0,-0.2937438102539316
4.372745490981964,41.13513513513514,,100.0,1.0,100.0,-0.2911454880095357
4.571142284569138,41.13513513513514,,100.0,1.0,100.0,-0.2885733467455138
4.7695390781563125,41.13513513513514,,100.0,1.0,100.0,-0.2860273848814431
4.967935871743487,41.13513513513514,,100.0,1.0,100.0,-0.2835076000230767
5.166332665330662,41.13513513513514,,100.0,1.0,100.0,-0.2810139888845353
5.364729458917837,41.13513513513514,,100.0,1.0,100.0,-0.2785465472124732
5.563126252505009,41.13513513513514,,100.0,1.0,100.0,-0.2761052697120976
5.761523046092185,41.13513513513514,,100.0,1.0,100.0,-0.273690149975076
5.959919839679359,41.13513513513514,,100.0,1.0,100.0,-0.2713011804093215
6.158316633266534,41.13513513513514,,100.0,1.0,100.0,-0.2689383521706009
6.356713426853707,41.13513513513514,,100.0,1.0,100.0,-0.2666016550960375
6.555110220440882,41.13513513513514,,100.0,1.0,100.0,-0.2642910776393817
6.753507014028057,41.13513513513514,,100.0,1.0,100.0,-0.2620066068081376
6.951903807615231,41.13513513513514,,100.0,1.0,100.0,-0.2597482281024883
7.150300601202405,41.13513513513514,,100.0,1.0,100.0,-0.2575159254560254
7.348697394789579,41.13513513513514,,100.0,1.0,100.0,-0.2553096811782481
7.547094188376754,41.13513513513514,,100.0,1.0,100.0,-0.2531294758988803
7.745490981963927,41.13513513513514,,100.0,1.0,100.0,-0.2509752885138923
7.9438877755511,41.13513513513514,,100.0,1.0,100.0,-0.2488470961333521
8.142284569138276,41.13513513513514,,100.0,1.0,100.0,-0.2467448740309888
8.340681362725451,41.13513513513514,,100.0,1.0,100.0,-0.2446685955955078
8.539078156312625,41.13513513513514,,100.0,1.0,100.0,-0.2426182322836511
8.737474949899799,41.13513513513514,,100.0,1.0,100.0,-0.2405937535749955
8.935871743486974,41.13513513513514,,100.0,1.0,100.0,-0.23859512692843
9.13426853707415,41.13513513513514,,100.0,1.0,100.0,-0.23662231774041
9.332665330661325,41.13513513513514,,100.0,1.0,100.0,-0.2346752893048889
9.531062124248498,41.13513513513514,,100.0,1.0,100.0,-0.2327540027749365
9.729458917835672,41.13513513513514,,100.0,1.0,100.0,-0.2308584171260996
9.927855711422845,41.13513513513514,,100.0,1.0,100.0,-0.2289884891213922
10.126252505010019,41.13513513513514,,100.0,1.0,100.0,-0.227144173278036
10.324649298597194,41.13513513513514,,100.0,1.0,100.0,-0.2253254218358497
10.52304609218437,41.13513513513514,,100.0,1.0,100.0,-0.2235321847272662
10.721442885771543,41.13513513513514,,100.0,1.0,100.0,-0.2217644095491249
10.919839679358718,41.13513513513514,,100.0,1.0,100.0,-0.220022041535992
11.118236472945892,41.13513513513514,,100.0,1.0,100.0,-0.218305023535267
11.316633266533067,41.13513513513514,,100.0,1.0,100.0,-0.2166132959838152
11.515030060120242,41.13513513513514,,100.0,1.0,100.0,-0.2149467968863517
11.713426853707414,41.13513513513514,,100.0,1.0,100.0,-0.2133054617953813
11.91182364729459,41.13513513513514,,100.0,1.0,100.0,-0.2116892237928219
12.110220440881761,41.13513513513514,,100.0,1.0,100.0,-0.210098013473208
12.308617234468937,41.13513513513514,,100.0,1.0,100.0,-0.208531758928556
12.507014028056114,41.13513513513514,,100.0,1.0,100.0,-0.2069903857347949
12.705410821643287,41.13513513513514,,100.0,1.0,100.0,-0.2054738169398552
12.903807615230463,41.13513513513514,,100.0,1.0,100.0,-0.2039819730532752
13.102204408817634,41.13513513513514,,100.0,1.0,100.0,-0.2025147720374776
13.30060120240481,41.13513513513514,,100.0,1.0,100.0,-0.2010721293005719
13.498997995991983,41.13513513513514,,100.0,1.0,100.0,-0.1996539576907385
13.697394789579159,41.13513513513514,,100.0,1.0,100.0,-0.1982601674921977
13.895791583166334,41.13513513513514,,100.0,1.0,100.0,-0.1968906664226882
14.094188376753507,41.13513513513514,,100.0,1.0,100.0,-0.1955453596325234
14.292585170340683,41.13513513513514,,100.0,1.0,100.0,-0.1942241497051869
14.490981963927855,41.13513513513514,,100.0,1.0,100.0,-0.1929269366593873
14.689378757515032,41.13513513513514,,100.0,1.0,100.0,-0.1916536179527051
14.887775551102203,41.13513513513514,,100.0,1.0,100.0,-0.1904040884866852
15.086172344689379,41.13513513513514,,100.0,1.0,100.0,-0.1891782406134151
15.284569138276554,41.13513513513514,,100.0,1.0,100.0,-0.1879759641435976
15.482965931863726,41.13513513513514,,100.0,1.0,100.0,-0.1867971463560692
15.681362725450903,41.13513513513514,,100.0,1.0,100.0,-0.1856416720087656
15.879759519038075,41.13513513513514,,100.0,1.0,100.0,-0.1845094233511065
16.07815631262525,41.13513513513514,,100.0,1.0,100.0,-0.1834002801378038
16.276553106212425,41.13513513513514,,100.0,1.0,100.0,-0.1823141196440625
16.474949899799597,41.13513513513514,,100.0,1.0,100.0,-0.1812508166821626
16.673346693386772,41.13513513513514,,100.0,1.0,100.0,-0.1802102436194053
16.871743486973948,41.13513513513514,,100.0,1.0,100.0,-0.1791922703973679
17.070140280561123,41.13513513513514,,100.0,1.0,100.0,-0.178196764552566
17.2685370741483,41.13513513513514,,100.0,1.0,100.0,-0.1772235912383065
17.466933867735474,41.13513513513514,,100.0,1.0,100.0,-0.1762726132479337
17.66533066132265,41.13513513513514,,100.0,1.0,100.0,-0.1753436910392487
17.86372745490982,41.13513513513514,,100.0,1.0,100.0,-0.1744366827602222
18.062124248496996,41.13513513513514,,100.0,1.0,100.0,-0.1735514442759185
18.260521042084168,41.13513513513514,,100.0,1.0,100.0,-0.1726878291965916
18.458917835671343,41.13513513513514,,100.0,1.0,100.0,-0.17184568890695
18.657314629258515,41.13513513513514,,100.0,1.0,100.0,-0.1710248725966007
18.85571142284569,41.13513513513514,,100.0,1.0,100.0,-0.1702252272915912
19.054108216432866,41.13513513513514,,100.0,1.0,100.0,-0.1694465978870257
19.252505010020037,41.13513513513514,,100.0,1.0,100.0,-0.1686888271807798
19.450901803607216,41.13513513513514,,100.0,1.0,100.0,-0.1679517559082209
19.649298597194388,41.13513513513514,,100.0,1.0,100.0,-0.1672352227779843
19.847695390781563,41.13513513513514,,100.0,1.0,100.0,-0.1665390645087076
20.04609218436874,41.13513513513514,,100.0,1.0,100.0,-0.1658631158666709
20.244488977955914,41.13513513513514,,100.0,1.0,100.0,-0.1652072097044748
20.442885771543086,41.13513513513514,,100.0,1.0,100.0,-0.1645711770004752
20.64128256513026,41.13513513513514,,100.0,1.0,100.0,-0.1639548468992113
20.839679358717436,41.13513513513514,,100.0,1.0,100.0,-0.163358046752566
21.03807615230461,41.13513513513514,,100.0,1.0,100.0,-0.162780602161772
21.236472945891784,41.13513513513514,,100.0,1.0,100.0,-0.1622223370202014
21.43486973947896,41.13513513513514,,100.0,1.0,100.0,-0.1616830735568442
21.633266533066134,41.13513513513514,,100.0,1.0,100.0,-0.1611626323805435
21.831663326653306,41.13513513513514,,100.0,1.0,100.0,-0.1606608325248674
22.030060120240485,41.13513513513514,,100.0,1.0,100.0,-0.1601774914936415
22.228456913827657,41.13513513513514,,100.0,1.0,100.0,-0.159712425307068
22.42685370741483,41.13513513513514,,100.0,1.0,100.0,-0.1592654485484633
22.625250501002007,41.13513513513514,,100.0,1.0,100.0,-0.1588363744114805
22.82364729458918,41.13513513513514,,100.0,1.0,100.0,-0.1584250147478706
23.02204408817635,41.13513513513514,,100.0,1.0,100.0,-0.1580311801157387
23.220440881763523,41.13513513513514,,100.0,1.0,100.0,-0.1576546798281868
23.4188376753507,41.13513513513514,,100.0,1.0,100.0,-0.1572953220024605
23.617234468937873,41.13513513513514,,100.0,1.0,100.0,-0.1569529136093509
23.815631262525052,41.13513513513514,,100.0,1.0,100.0,-0.1566272605230686
24.014028056112227,41.13513513513514,,100.0,1.0,100.0,-0.1563181675713484
24.212424849699403,41.13513513513514,,100.0,1.0,100.0,-0.1560254385858669
24.410821643286575,41.13513513513514,,100.0,1.0,100.0,-0.1557488764529321
24.609218436873746,41.13513513513514,,100.0,1.0,100.0,-0.1554882831643476
24.807615230460925,41.13513513513514,,100.0,1.0,100.0,-0.1552434598685285
25.006012024048097,41.13513513513514,,100.0,1.0,100.0,-0.1550142069217414
25.20440881763527,41.13513513513514,,100.0,1.0,100.0,-0.1548003239394639
25.402805611222448,41.13513513513514,,100.0,1.0,100.0,-0.154601609847916
25.60120240480962,41.13513513513514,,100.0,1.0,100.0,-0.1544178629356213
25.79959919839679,41.13513513513514,,100.0,1.0,100.0,-0.1542488809050171
25.997995991983966,41.13513513513514,,100.0,1.0,100.0,-0.1540944609241017
26.196392785571145,41.13513513513514,,100.0,1.0,100.0,-0.1539543996781198
26.394789579158317,41.13513513513514,,100.0,1.0,100.0,-0.1538284934211368
26.59318637274549,41.13513513513514,,100.0,1.0,100.0,-0.1537165380276923
26.791583166332664,41.13513513513514,,100.0,1.0,100.0,-0.1536183290442443
26.98997995991984,41.13513513513514,,100.0,1.0,100.0,-0.1535336617406286
27.188376753507008,41.13513513513514,,100.0,1.0,100.0,-0.1534623311613747
27.386773547094187,41.13513513513514,,100.0,1.0,100.0,-0.1534041321768572
27.585170340681366,41.13513513513514,,100.0,1.0,100.0,-0.1533588595343475
27.783567134268534,41.13513513513514,,100.0,1.0,100.0,-0.1533263079088632
27.98196392785571,41.13513513513514,,100.0,1.0,100.0,-0.1533062719538459
28.180360721442888,41.13513513513514,,100.0,1.0,100.0,-0.1532985463516369
28.378757515030063,41.13513513513514,,100.0,1.0,100.0,-0.1533029258637367
28.577154308617235,41.13513513513514,,100.0,1.0,100.0,-0.1533192053808089
28.7755511022044,41.13513513513514,,100.0,1.0,100.0,-0.1533471799724816
28.97394789579158,41.13513513513514,,100.0,1.0,100.0,-0.1533866449368831
29.172344689378757,41.13513513513514,,100.0,1.0,100.0,-0.153437395849875
29.370741482965926,41.13513513513514,,100.0,1.0,100.0,-0.1534992286140527
29.5691382765531,41.13513513513514,,100.0,1.0,100.0,-0.1535719395074229
29.76753507014028,41.13513513513514,,100.0,1.0,100.0,-0.1536553252318255
29.965931863727448,41.13513513513514,,100.0,1.0,100.0,-0.1537491829610042
30.164328657314627,41.13513513513514,,100.0,1.0,100.0,-0.1538533103884019
30.36272545090181,41.13513513513514,,100.0,1.0,100.0,-0.1539675057746412
30.56112224448897,41.13513513513514,,100.0,1.0,100.0,-0.154091567994647
30.759519038076157,41.13513513513514,,100.0,1.0,100.0,-0.1542252965844898
30.957915831663332,41.13513513513514,,100.0,1.0,100.0,-0.1543684917878631
31.1563126252505,41.13513513513514,,100.0,1.0,100.0,-0.154520954602232
31.35470941883768,41.13513513513514,,100.0,1.0,100.0,-0.1546824868246612
31.553106212424858,41.13513513513514,,100.0,1.0,100.0,-0.1548528910972844
31.751503006012022,41.13513513513514,,100.0,1.0,100.0,-0.1550319709524479
31.949899799599194,41.13513513513514,,100.0,1.0,100.0,-0.1552195308574798
32.14829659318637,41.13513513513514,,100.0,1.0,100.0,-0.1554153762591512
32.346693386773545,41.13513513513514,,100.0,1.0,100.0,-0.1556193136277754
32.545090180360724,41.13513513513514,,100.0,1.0,100.0,-0.1558311505009131
32.743486973947896,41.13513513513514,,100.0,1.0,100.0,-0.1560506955268348
32.941883767535074,41.13513513513514,,100.0,1.0,100.0,-0.1562777585074926
33.140280561122246,41.13513513513514,,100.0,1.0,100.0,-0.1565121504412703
33.33867735470942,41.13513513513514,,100.0,1.0,100.0,-0.1567536835652887
33.5370741482966,41.13513513513514,,100.0,1.0,100.0,-0.1570021713973786
33.73547094188377,41.13513513513514,,100.0,1.0,100.0,-0.1572574287777286
33.93386773547095,41.13513513513514,,100.0,1.0,100.0,-0.1575192719101203
34.13226452905812,41.13513513513514,,100.0,1.0,100.0,-0.157787518402842
34.3306613226453,41.13513513513514,,100.0,1.0,100.0,-0.1580619873092118
34.52905811623247,41.13513513513514,,100.0,1.0,100.0,-0.1583424991677294
34.72745490981965,41.13513513513514,,100.0,1.0,100.0,-0.1586288760418701
34.92585170340681,41.13513513513514,,100.0,1.0,100.0,-0.1589209415594815
35.12424849699399,41.13513513513514,,100.0,1.0,100.0,-0.1592185209518016
35.32264529058117,41.13513513513514,,100.0,1.0,100.0,-0.1595214410920788
35.521042084168336,41.13513513513514,,100.0,1.0,100.0,-0.1598295305337916
35.719438877755515,41.13513513513514,,100.0,1.0,100.0,-0.1601426195484655
35.91783567134269,41.13513513513514,,100.0,1.0,100.0,-0.1604605401630512
36.11623246492986,41.13513513513514,,100.0,1.0,100.0,-0.1607831261969172
36.31462925851703,41.13513513513514,,100.0,1.0,100.0,-0.161110213298334
36.51302605210421,41.13513513513514,,100.0,1.0,100.0,-0.1614416389805697
36.71142284569138,41.13513513513514,,100.0,1.0,100.0,-0.161777242657477
36.90981963927855,41.13513513513514,,100.0,1.0,100.0,-0.1621168656786177
37.10821643286573,41.13513513513514,,100.0,1.0,100.0,-0.1624603513638705
37.3066132264529,41.13513513513514,,100.0,1.0,100.0,-0.1628075450375753
37.505010020040075,41.13513513513514,,100.0,1.0,100.0,-0.1631582940620368
37.703406813627254,41.13513513513514,,100.0,1.0,100.0,-0.1635124478706169
37.90180360721443,41.13513513513514,,100.0,1.0,100.0,-0.1638698580001415
38.100200400801604,41.13513513513514,,100.0,1.0,100.0,-0.164230378122767
38.298597194388776,41.13513513513514,,100.0,1.0,100.0,-0.1645938640772191
38.496993987975955,41.13513513513514,,100.0,1.0,100.0,-0.1649601738993842
38.69539078156313,41.13513513513514,,100.0,1.0,100.0,-0.1653291678522656
38.8937875751503,41.13513513513514,,100.0,1.0,100.0,-0.1657007084551877
39.09218436873748,41.13513513513514,,100.0,1.0,100.0,-0.1660746605123617
39.29058116232465,41.13513513513514,,100.0,1.0,100.0,-0.1664508911406824
39.48897795591183,41.13513513513514,,100.0,1.0,100.0,-0.1668292697966814
39.687374749499,41.13513513513514,,100.0,1.0,100.0,-0.1672096683028003
39.88577154308617,41.13513513513514,,100.0,1.0,100.0,-0.1675919608727629
40.08416833667335,41.13513513513514,,100.0,1.0,100.0,-0.1679760241360872
40.28256513026052,41.13513513513514,,100.0,1.0,100.0,-0.1683617371617332
40.4809619238477,41.13513513513514,,100.0,1.0,100.0,-0.1687489814808213
40.67935871743487,41.13513513513514,,100.0,1.0,100.0,-0.1691376411083966
40.877755511022045,41.13513513513514,,100.0,1.0,100.0,-0.1695276025642156
41.07615230460922,41.13513513513514,,100.0,1.0,100.0,-0.1699187548924975
41.274549098196395,41.13513513513514,,100.0,1.0,100.0,-0.1703109896806808
41.47294589178357,41.13513513513514,,100.0,1.0,100.0,-0.1707042010770324
41.671342685370746,41.13513513513514,,100.0,1.0,100.0,-0.1710982858072172
41.86973947895792,41.13513513513514,,100.0,1.0,100.0,-0.1714931431896906
42.06813627254509,41.13513513513514,,100.0,1.0,100.0,-0.171888675149926
42.26653306613227,41.13513513513514,,100.0,1.0,100.0,-0.1722847862334348
42.46492985971944,41.13513513513514,,100.0,1.0,100.0,-0.1726813836176221
42.66332665330661,41.13513513513514,,100.0,1.0,100.0,-0.1730783771222742
42.861723446893784,41.13513513513514,,100.0,1.0,100.0,-0.1734756792188748
43.06012024048097,41.13513513513514,,100.0,1.0,100.0,-0.1738732050385344
43.25851703406814,41.13513513513514,,100.0,1.0,100.0,-0.1742708723786392
43.45691382765531,41.13513513513514,,100.0,1.0,100.0,-0.1746686017081101
43.655310621242485,41.13513513513514,,100.0,1.0,100.0,-0.1750663161712916
43.85370741482966,41.13513513513514,,100.0,1.0,100.0,-0.1754639415904295
44.05210420841683,41.13513513513514,,100.0,1.0,100.0,-0.175861406466763
44.250501002004015,41.13513513513514,,100.0,1.0,100.0,-0.1762586419801266
44.448897795591186,41.13513513513514,,100.0,1.0,100.0,-0.1766555819871612
44.64729458917836,41.13513513513514,,100.0,1.0,100.0,-0.1770521630180161
44.84569138276553,41.13513513513514,,100.0,1.0,100.0,-0.1774483242715586
45.0440881763527,41.13513513513514,,100.0,1.0,100.0,-0.1778440076091656
45.24248496993987,41.13513513513514,,100.0,1.0,100.0,-0.1782391575469557
45.440881763527045,41.13513513513514,,100.0,1.0,100.0,-0.1786337212465437
45.63927855711423,41.13513513513514,,100.0,1.0,100.0,-0.1790276485042897
45.8376753507014,41.13513513513514,,100.0,1.0,100.0,-0.1794208917390689
46.036072144288575,41.13513513513514,,100.0,1.0,100.0,-0.1798134059785059
46.23446893787575,41.13513513513514,,100.0,1.0,100.0,-0.1802051488437417
46.43286573146293,41.13513513513514,,100.0,1.0,100.0,-0.1805960805326852
46.631262525050104,41.13513513513514,,100.0,1.0,100.0,-0.1809861638018263
46.829659318637276,41.13513513513514,,100.0,1.0,100.0,-0.181375363946547
47.028056112224455,41.13513513513514,,100.0,1.0,100.0,-0.1817636487799779
47.22645290581163,41.13513513513514,,100.0,1.0,100.0,-0.1821509886104741
47.424849699398806,41.13513513513514,,100.0,1.0,100.0,-0.1825373562176119
47.62324649298598,41.13513513513514,,100.0,1.0,100.0,-0.182922726826837
47.82164328657315,41.13513513513514,,100.0,1.0,100.0,-0.183307078082731
48.02004008016032,41.13513513513514,,100.0,1.0,100.0,-0.183690390020943
48.21843687374749,41.13513513513514,,100.0,1.0,100.0,-0.1840726450388159
48.41683366733468,41.13513513513514,,100.0,1.0,100.0,-0.1844538278647338
48.615230460921836,41.13513513513514,,100.0,1.0,100.0,-0.1848339255262485
48.81362725450902,41.13513513513514,,100.0,1.0,100.0,-0.1852129273169547
49.012024048096194,41.13513513513514,,100.0,1.0,100.0,-0.1855908247622691
49.21042084168337,41.13513513513514,,100.0,1.0,100.0,-0.185967611584046
49.40881763527054,41.13513513513514,,100.0,1.0,100.0,-0.186343283664087
49.60721442885771,41.13513513513514,,100.0,1.0,100.0,-0.1867178390067176
49.805611222444895,41.13513513513514,,100.0,1.0,100.0,-0.1870912777002734
50.00400801603207,41.13513513513514,,100.0,1.0,100.0,-0.1874636018776915
50.20240480961924,41.13513513513514,,100.0,1.0,100.0,-0.1878348156762528
50.40080160320641,41.13513513513514,,100.0,1.0,100.0,-0.188204925196426
50.59919839679358,41.13513513513514,,100.0,1.0,100.0,-0.1885739384599706
50.79759519038077,41.13513513513514,,100.0,1.0,100.0,-0.1889418653673582
50.99599198396793,41.13513513513514,,100.0,1.0,100.0,-0.1893087176543874
51.19438877755511,41.13513513513514,,100.0,1.0,100.0,-0.1896745088483746
51.39278557114229,41.13513513513514,,100.0,1.0,100.0,-0.1900392542236374
51.59118236472946,41.13513513513514,,100.0,1.0,100.0,-0.1904029707565581
51.789579158316634,41.13513513513514,,100.0,1.0,100.0,-0.1907656770801921
51.987975951903806,41.13513513513514,,100.0,1.0,100.0,-0.1911273934385249
52.18637274549098,41.13513513513514,,100.0,1.0,100.0,-0.1914881416403512
52.38476953907816,41.13513513513514,,100.0,1.0,100.0,-0.1918479450129663
52.583166332665336,41.13513513513514,,100.0,1.0,100.0,-0.1922068283556035
52.78156312625251,41.13513513513514,,100.0,1.0,100.0,-0.1925648178927834
52.97995991983967,41.13513513513514,,100.0,1.0,100.0,-0.1929219412275264
53.17835671342685,41.13513513513514,,100.0,1.0,100.0,-0.1932782272945939
53.37675350701403,41.13513513513514,,100.0,1.0,100.0,-0.1936337063137267
53.57515030060121,41.13513513513514,,100.0,1.0,100.0,-0.1939884097429854
53.77354709418837,41.13513513513514,,100.0,1.0,100.0,-0.1943423702322972
53.97194388777555,41.13513513513514,,100.0,1.0,100.0,-0.1946956215770768
54.17034068136273,41.13513513513514,,100.0,1.0,100.0,-0.1950481986722388
54.368737474949896,41.13513513513514,,100.0,1.0,100.0,-0.1954001374664473
54.567134268537075,41.13513513513514,,100.0,1.0,100.0,-0.1957514749167068
54.765531062124246,41.13513513513514,,100.0,1.0,100.0,-0.1961022489434619
54.96392785571142,41.13513513513514,,100.0,1.0,100.0,-0.1964524983860012
55.1623246492986,41.13513513513514,,100.0,1.0,100.0,-0.1968022629585289
55.360721442885776,41.13513513513514,,100.0,1.0,100.0,-0.1971515832066405
55.55911823647295,41.13513513513514,,100.0,1.0,100.0,-0.1975005004645053
55.75751503006013,41.13513513513514,,100.0,1.0,100.0,-0.1978490568125744
55.95591182364729,41.13513513513514,,100.0,1.0,100.0,-0.1981972950360327
56.15430861723447,41.13513513513514,,100.0,1.0,100.0,-0.1985452585839271
56.35270541082165,41.13513513513514,,100.0,1.0,100.0,-0.1988929915290137
56.551102204408814,41.13513513513514,,100.0,1.0,100.0,-0.1992405385284261
56.74949899799599,41.13513513513514,,100.0,1.0,100.0,-0.199587944785074
56.94789579158316,41.13513513513514,,100.0,1.0,100.0,-0.1999352560099165
57.146292585170336,41.13513513513514,,100.0,1.0,100.0,-0.2002825183851092
57.3446893787575,41.13513513513514,,100.0,1.0,100.0,-0.2006297785279414
57.543086172344694,41.13513513513514,,100.0,1.0,100.0,-0.2009770834557305
57.74148296593185,41.13513513513514,,100.0,1.0,100.0,-0.2013244805516497
57.93987975951904,41.13513513513514,,100.0,1.0,100.0,-0.2016720175314004
58.13827655310623,41.13513513513514,,100.0,1.0,100.0,-0.2020197424109332
58.336673346693395,41.13513513513514,,100.0,1.0,100.0,-0.2023677034750256
58.535070140280574,41.13513513513514,,100.0,1.0,100.0,-0.2027159492468994
58.73346693386774,41.13513513513514,,100.0,1.0,100.0,-0.2030645284587381
58.9318637274549,41.13513513513514,,100.0,1.0,100.0,-0.2034134900232572
59.13026052104208,41.13513513513514,,100.0,1.0,100.0,-0.203762883006215
59.32865731462926,41.13513513513514,,100.0,1.0,100.0,-0.204112756599866
59.52705410821644,41.13513513513514,,100.0,1.0,100.0,-0.2044631600974643
59.72545090180361,41.13513513513514,,100.0,1.0,100.0,-0.2048141428687137
59.92384769539078,41.13513513513514,,100.0,1.0,100.0,-0.2051657543361685
60.12224448897794,41.13513513513514,,100.0,1.0,100.0,-0.2055180439526335
60.32064128256512,41.13513513513514,,100.0,1.0,100.0,-0.205871061179508
60.51903807615231,41.13513513513514,,100.0,1.0,100.0,-0.2062248554660896
60.717434869739485,41.13513513513514,,100.0,1.0,100.0,-0.2065794762297845
60.915831663326664,41.13513513513514,,100.0,1.0,100.0,-0.2069349728372885
61.114228456913835,41.13513513513514,,100.0,1.0,100.0,-0.2072913945866891
61.312625250501,41.13513513513514,,100.0,1.0,100.0,-0.2076487906903735
61.51102204408818,41.13513513513514,,100.0,1.0,100.0,-0.2080072102589382
61.709418837675344,41.13513513513514,,100.0,1.0,100.0,-0.2083667022859191
61.90781563126252,41.13513513513514,,100.0,1.0,100.0,-0.2087273156333354
62.1062124248497,41.13513513513514,,100.0,1.0,100.0,-0.2090890990181146
62.30460921843688,41.13513513513514,,100.0,1.0,100.0,-0.2094521009993325
62.50300601202406,41.13513513513514,,100.0,1.0,100.0,-0.2098163699661858
62.701402805611224,41.13513513513514,,100.0,1.0,100.0,-0.2101819541268235
62.89979959919839,41.13513513513514,,100.0,1.0,100.0,-0.2105489014978753
63.09819639278557,41.13513513513514,,100.0,1.0,100.0,-0.2109172598947345
63.296593186372746,41.13513513513514,,100.0,1.0,100.0,-0.2112870769224969
63.494989979959925,41.13513513513514,,100.0,1.0,100.0,-0.2116583999677346
63.69338677354709,41.13513513513514,,100.0,1.0,100.0,-0.2120312761907661
63.89178356713427,41.13513513513514,,100.0,1.0,100.0,-0.2124057525186807
64.09018036072143,41.13513513513514,,100.0,1.0,100.0,-0.2127818756389633
64.28857715430863,41.13513513513514,,100.0,1.0,100.0,-0.2131596919937388
64.48697394789579,41.13513513513514,,100.0,1.0,100.0,-0.2135392477745469
64.68537074148296,41.13513513513514,,100.0,1.0,100.0,-0.2139205889177879
64.88376753507015,41.13513513513514,,100.0,1.0,100.0,-0.2143037611006033
65.08216432865731,41.13513513513514,,100.0,1.0,100.0,-0.2146888097373444
65.28056112224449,41.13513513513514,,100.0,1.0,100.0,-0.2150757799765497
65.47895791583166,41.13513513513514,,100.0,1.0,100.0,-0.2154647166983347
65.67735470941884,41.13513513513514,,100.0,1.0,100.0,-0.2158556645124087
65.87575150300601,41.13513513513514,,100.0,1.0,100.0,-0.216248667756344
66.0741482965932,41.13513513513514,,100.0,1.0,100.0,-0.2166437704944378
66.27254509018036,41.13513513513514,,100.0,1.0,100.0,-0.217041016516906
66.47094188376754,41.13513513513514,,100.0,1.0,100.0,-0.2174404493395277
66.66933867735472,41.13513513513514,,100.0,1.0,100.0,-0.2178421122036183
66.8677354709419,41.13513513513514,,100.0,1.0,100.0,-0.218246048076464
67.06613226452906,41.13513513513514,,100.0,1.0,100.0,-0.21865229965202
67.26452905811624,41.13513513513514,,100.0,1.0,100.0,-0.2190609093519822
67.4629258517034,41.13513513513514,,100.0,1.0,100.0,-0.2194719193272826
67.6613226452906,41.13513513513514,,100.0,1.0,100.0,-0.2198853714597455
67.85971943887776,41.13513513513514,,100.0,1.0,100.0,-0.2203013073641786
68.05811623246494,41.13513513513514,,100.0,1.0,100.0,-0.2207197683907228
68.2565130260521,41.13513513513514,,100.0,1.0,100.0,-0.2211407956274883
68.45490981963928,41.13513513513514,,100.0,1.0,100.0,-0.221564429903489
68.65330661322645,41.13513513513514,,100.0,1.0,100.0,-0.2219907117918393
68.85170340681363,41.13513513513514,,100.0,1.0,100.0,-0.2224196816132058
69.05010020040079,41.13513513513514,,100.0,1.0,100.0,-0.2228513794395517
69.24849699398798,41.13513513513514,,100.0,1.0,100.0,-0.2232858450981486
69.44689378757515,41.13513513513514,,100.0,1.0,100.0,-0.2237231181757129
69.64529058116234,41.13513513513514,,100.0,1.0,100.0,-0.2241632380230129
69.84368737474949,41.13513513513514,,100.0,1.0,100.0,-0.2246062437594697
70.04208416833667,41.13513513513514,,100.0,1.0,100.0,-0.2250521742781808
70.24048096192385,41.13513513513514,,100.0,1.0,100.0,-0.2255010682510797
70.43887775551103,41.13513513513514,,100.0,1.0,100.0,-0.2259529641343545
70.6372745490982,41.13513513513514,,100.0,1.0,100.0,-0.226407900174094
70.83567134268537,41.13513513513514,,100.0,1.0,100.0,-0.2268659144121688
71.03406813627254,41.13513513513514,,100.0,1.0,100.0,-0.2273270446923462
71.23246492985973,41.13513513513514,,100.0,1.0,100.0,-0.2277913286665444
71.4308617234469,41.13513513513514,,100.0,1.0,100.0,-0.228258803801474
71.62925851703406,41.13513513513514,,100.0,1.0,100.0,-0.2287295073853692
71.82765531062124,41.13513513513514,,100.0,1.0,100.0,-0.229203476534933
72.0260521042084,41.13513513513514,,100.0,1.0,100.0,-0.2296807482026737
72.2244488977956,41.13513513513514,,100.0,1.0,100.0,-0.2301613591842667
72.42284569138276,41.13513513513514,,100.0,1.0,100.0,-0.2306453461262197
72.62124248496994,41.13513513513514,,100.0,1.0,100.0,-0.2311327455338411
72.8196392785571,41.13513513513514,,100.0,1.0,100.0,-0.2316235937793356
73.01803607214428,41.13513513513514,,100.0,1.0,100.0,-0.2321179271101329
73.21643286573146,41.13513513513514,,100.0,1.0,100.0,-0.2326157816575171
73.41482965931863,41.13513513513514,,100.0,1.0,100.0,-0.2331171934454476
73.6132264529058,41.13513513513514,,100.0,1.0,100.0,-0.2336221983995995
73.81162324649299,41.13513513513514,,100.0,1.0,100.0,-0.2341308323566581
74.01002004008016,41.13513513513514,,100.0,1.0,100.0,-0.2346431310738795
74.20841683366733,41.13513513513514,,100.0,1.0,100.0,-0.2351591302388193
74.40681362725451,41.13513513513514,,100.0,1.0,100.0,-0.2356788654793766
74.60521042084169,41.13513513513514,,100.0,1.0,100.0,-0.2362023723740187
74.80360721442887,41.13513513513514,,100.0,1.0,100.0,-0.2367296864623111
75.00200400801603,41.13513513513514,,100.0,1.0,100.0,-0.2372608432556521
75.20040080160321,41.13513513513514,,100.0,1.0,100.0,-0.2377958782482288
75.39879759519039,41.13513513513514,,100.0,1.0,100.0,-0.2383348269283191
75.59719438877755,41.13513513513514,,100.0,1.0,100.0,-0.2388777247897361
75.79559118236472,41.13513513513514,,100.0,1.0,100.0,-0.2394246073435877
75.99398797595191,41.13513513513514,,100.0,1.0,100.0,-0.2399755101302354
76.19238476953907,41.13513513513514,,100.0,1.0,100.0,-0.2405304687316199
76.39078156312625,41.13513513513514,,100.0,1.0,100.0,-0.2410895187836836
76.58917835671345,41.13513513513514,,100.0,1.0,100.0,-0.241652695989169
76.7875751503006,41.13513513513514,,100.0,1.0,100.0,-0.2422200361306041
76.98597194388778,41.13513513513514,,100.0,1.0,100.0,-0.2427915750835803
77.18436873747495,41.13513513513514,,100.0,1.0,100.0,-0.2433673488303204
77.38276553106212,41.13513513513514,,100.0,1.0,100.0,-0.2439473934733852
77.5811623246493,41.13513513513514,,100.0,1.0,100.0,-0.2445317452497418
77.77955911823646,41.13513513513514,,100.0,1.0,100.0,-0.2451204405451024
77.97795591182366,41.13513513513514,,100.0,1.0,100.0,-0.245713515908403
78.1763527054108,41.13513513513514,,100.0,1.0,100.0,-0.2463110080666801
78.374749498998,41.13513513513514,,100.0,1.0,100.0,-0.2469129539400993
78.5731462925852,41.13513513513514,,100.0,1.0,100.0,-0.2475193906572939
78.77154308617234,41.13513513513514,,100.0,1.0,100.0,-0.2481303555709308
78.96993987975952,41.13513513513514,,100.0,1.0,100.0,-0.2487458862735522
79.1683366733467,41.13513513513514,,100.0,1.0,100.0,-0.2493660206136672
79.36673346693387,41.13513513513514,,100.0,1.0,100.0,-0.2499907967121144
79.56513026052104,41.13513513513514,,100.0,1.0,100.0,-0.2506202529785901
79.76352705410822,41.13513513513514,,100.0,1.0,100.0,-0.2512544281285587
79.9619238476954,41.13513513513514,,100.0,1.0,100.0,-0.2518933612003637
80.16032064128257,41.13513513513514,,100.0,1.0,100.0,-0.2525370915725027
80.35871743486975,41.13513513513514,,100.0,1.0,100.0,-0.2531856589812836
80.55711422845691,41.13513513513514,,100.0,1.0,100.0,-0.2538391035386562
80.75551102204409,41.13513513513514,,100.0,1.0,100.0,-0.2544974657502795
80.95390781563127,41.13513513513514,,100.0,1.0,100.0,-0.2551607865339282
81.15230460921843,41.13513513513514,,100.0,1.0,100.0,-0.2558291072379579
81.35070140280563,41.13513513513514,,100.0,1.0,100.0,-0.2565024696602498
81.54909819639279,41.13513513513514,,100.0,1.0,100.0,-0.2571809160671793
81.74749498997996,41.13513513513514,,100.0,1.0,100.0,-0.2578644892129926
81.94589178356713,41.13513513513514,,100.0,1.0,100.0,-0.2585532323593065
82.14428857715431,41.13513513513514,,100.0,1.0,100.0,-0.2592471892948942
82.34268537074149,41.13513513513514,,100.0,1.0,100.0,-0.2599464043557515
82.54108216432866,41.13513513513514,,100.0,1.0,100.0,-0.2606509224452682
82.73947895791585,41.13513513513514,,100.0,1.0,100.0,-0.2613607890547792
82.937875751503,41.13513513513514,,100.0,1.0,100.0,-0.2620760502842847
83.13627254509018,41.13513513513514,,100.0,1.0,100.0,-0.2627967528633365
83.33466933867736,41.13513513513514,,100.0,1.0,100.0,-0.2635229441723132
83.53306613226454,41.13513513513514,,100.0,1.0,100.0,-0.2642546722637533
83.7314629258517,41.13513513513514,,100.0,1.0,100.0,-0.2649919858840351
83.92985971943888,41.13513513513514,,100.0,1.0,100.0,-0.26573493449525
84.12825651302606,41.13513513513514,,100.0,1.0,100.0,-0.2664835682972716
84.32665330661322,41.13513513513514,,100.0,1.0,100.0,-0.2672379382500817
84.5250501002004,41.13513513513514,,100.0,1.0,100.0,-0.2679980960963412
84.72344689378757,41.13513513513514,,100.0,1.0,100.0,-0.2687640943841097
84.92184368737476,41.13513513513514,,100.0,1.0,100.0,-0.2695359864899
85.12024048096194,41.13513513513514,,100.0,1.0,100.0,-0.2703138266418481
85.3186372745491,41.13513513513514,,100.0,1.0,100.0,-0.2710976699431712
85.51703406813628,41.13513513513514,,100.0,1.0,100.0,-0.2718875723958043
85.71543086172345,41.13513513513514,,100.0,1.0,100.0,-0.2726835909243291
85.91382765531063,41.13513513513514,,100.0,1.0,100.0,-0.2734857834000498
86.1122244488978,41.13513513513514,,100.0,1.0,100.0,-0.2742942086653089
86.31062124248497,41.13513513513514,,100.0,1.0,100.0,-0.2751089265580733
86.50901803607215,41.13513513513514,,100.0,1.0,100.0,-0.2759299979366311
86.70741482965931,41.13513513513514,,100.0,1.0,100.0,-0.2767574847046943
86.90581162324649,41.13513513513514,,100.0,1.0,100.0,-0.2775914498365023
87.10420841683366,41.13513513513514,,100.0,1.0,100.0,-0.2784319574023302
87.30260521042084,41.13513513513514,,100.0,1.0,100.0,-0.2792790725941004
87.50100200400803,41.13513513513514,,100.0,1.0,100.0,-0.2801328617513094
87.6993987975952,41.13513513513514,,100.0,1.0,100.0,-0.280993392387073
87.89779559118237,41.13513513513514,,100.0,1.0,100.0,-0.2818607332145145
88.09619238476955,41.13513513513514,,100.0,1.0,100.0,-0.2827349541732977
88.29458917835672,41.13513513513514,,100.0,1.0,100.0,-0.2836161264563821
88.4929859719439,41.13513513513514,,100.0,1.0,100.0,-0.2845043225370631
88.69138276553106,41.13513513513514,,100.0,1.0,100.0,-0.2853996161962178
88.88977955911824,41.13513513513514,,100.0,1.0,100.0,-0.2863020825497047
89.0881763527054,41.13513513513514,,100.0,1.0,100.0,-0.287211798076155
89.28657314629258,41.13513513513514,,100.0,1.0,100.0,-0.2881288406447928
89.48496993987975,41.13513513513514,,100.0,1.0,100.0,-0.2890532895436944
89.68336673346693,41.13513513513514,,100.0,1.0,100.0,-0.2899852255081255
89.88176352705409,41.13513513513514,,100.0,1.0,100.0,-0.2909247307491849
90.08016032064127,41.13513513513514,,100.0,1.0,100.0,-0.2918718889826657
90.27855711422846,41.13513513513514,,100.0,1.0,100.0,-0.2928267854582048
90.47695390781564,41.13513513513514,,100.0,1.0,100.0,-0.2937895069885763
90.6753507014028,41.13513513513514,,100.0,1.0,100.0,-0.2947601419793418
90.87374749498998,41.13513513513514,,100.0,1.0,100.0,-0.2957387804586308
91.07214428857715,41.13513513513514,,100.0,1.0,100.0,-0.2967255141073147
91.27054108216433,41.13513513513514,,100.0,1.0,100.0,-0.2977204362892459
91.46893787575152,41.13513513513514,,100.0,1.0,100.0,-0.2987236420819484
91.66733466933867,41.13513513513514,,100.0,1.0,100.0,-0.2997352283073812
91.86573146292585,41.13513513513514,,100.0,1.0,100.0,-0.3007552935631162
92.06412825651303,41.13513513513514,,100.0,1.0,100.0,-0.3017839382536286
92.26252505010021,41.13513513513514,,100.0,1.0,100.0,-0.302821264622
92.46092184368737,41.13513513513514,,100.0,1.0,100.0,-0.3038673767817716
92.65931863727455,41.13513513513514,,100.0,1.0,100.0,-0.3049223807491118
92.85771543086172,41.13513513513514,,100.0,1.0,100.0,-0.3059863844752321
93.05611222444891,41.13513513513514,,100.0,1.0,100.0,-0.3070594978791714
93.25450901803607,41.13513513513514,,100.0,1.0,100.0,-0.30814183288068
93.45290581162325,41.13513513513514,,100.0,1.0,100.0,-0.3092335034335647
93.65130260521043,41.13513513513514,,100.0,1.0,100.0,-0.3103346255592054
93.84969939879761,41.13513513513514,,100.0,1.0,100.0,-0.3114453173804308
94.04809619238478,41.13513513513514,,100.0,1.0,100.0,-0.3125656991555784
94.24649298597195,41.13513513513514,,100.0,1.0,100.0,-0.3136958933130164
94.44488977955912,41.13513513513514,,100.0,1.0,100.0,-0.3148360244858107
94.6432865731463,41.13513513513514,,100.0,1.0,100.0,-0.3159862195467277
94.84168336673346,41.13513513513514,,100.0,1.0,100.0,-0.3171466076436582
95.04008016032064,41.13513513513514,,100.0,1.0,100.0,-0.3183173202351782
95.2384769539078,41.13513513513514,,100.0,1.0,100.0,-0.3194984911265376
95.43687374749499,41.13513513513514,,100.0,1.0,100.0,-0.320690256505953
95.63527054108215,41.13513513513514,,100.0,1.0,100.0,-0.3218927549811515
95.83366733466936,41.13513513513514,,100.0,1.0,100.0,-0.3231061276163729
96.03206412825652,41.13513513513514,,100.0,1.0,100.0,-0.3243305179695741
96.2304609218437,41.13513513513514,,100.0,1.0,100.0,-0.3255660721300152
96.42885771543087,41.13513513513514,,100.0,1.0,100.0,-0.3268129387562275
96.62725450901804,41.13513513513514,,100.0,1.0,100.0,-0.3280712691142482
96.82565130260521,41.13513513513514,,100.0,1.0,100.0,-0.3293412171163118
97.02404809619239,41.13513513513514,,100.0,1.0,100.0,-0.3306229393597283
97.22244488977958,41.13513513513514,,100.0,1.0,100.0,-0.3319165951663099
97.42084168336673,41.13513513513514,,100.0,1.0,100.0,-0.3332223466220516
97.6192384769539,41.13513513513514,,100.0,1.0,100.0,-0.3345403586171647
97.81763527054107,41.13513513513514,,100.0,1.0,100.0,-0.335870798886579
98.01603206412825,41.13513513513514,,100.0,1.0,100.0,-0.337213838050703
98.21442885771542,41.13513513513514,,100.0,1.0,100.0,-0.3385696496567139
98.4128256513026,41.13513513513514,,100.0,1.0,100.0,-0.3399384102200971
98.61122244488979,41.13513513513514,,100.0,1.0,100.0,-0.3413202992666296
98.80961923847698,41.13513513513514,,100.0,1.0,100.0,-0.3427154993748365
99.00801603206413,41.13513513513514,,100.0,1.0,100.0,-0.3441241962187935
99.2064128256513,41.13513513513514,,100.0,1.0,100.0,-0.3455465786112447
99.40480961923848,41.13513513513514,,100.0,1.0,100.0,-0.3469828385473823
99.60320641282564,41.13513513513514,,100.0,1.0,100.0,-0.3484331712487902
99.80160320641282,41.13513513513514,,100.0,1.0,100.0,-0.3498977752080126
100.0,41.13513513513514,,100.0,1.0,100.0,-0.3513768522334386
1.0,43.810810810810814,,100.0,1.0,100.0,-0.352176761876232
1.1983967935871744,43.810810810810814,,100.0,1.0,100.0,-0.3491674048807801
1.3967935871743486,43.810810810810814,,100.0,1.0,100.0,-0.346184367254342
1.595190380761523,43.810810810810814,,100.0,1.0,100.0,-0.3432276560919441
1.7935871743486973,43.810810810810814,,100.0,1.0,100.0,-0.3402972787842127
1.9919839679358717,43.810810810810814,,100.0,1.0,100.0,-0.3373932429164074
2.190380761523046,43.810810810810814,,100.0,1.0,100.0,-0.3345155561696289
2.38877755511022,43.810810810810814,,100.0,1.0,100.0,-0.3316642262240702
2.5871743486973946,43.810810810810814,,100.0,1.0,100.0,-0.3288392606643753
2.785571142284569,43.810810810810814,,100.0,1.0,100.0,-0.3260406668869917
2.9839679358717435,43.810810810810814,,100.0,1.0,100.0,-0.3232684520096349
3.182364729458918,43.810810810810814,,100.0,1.0,100.0,-0.3205226227826448
3.380761523046093,43.810810810810814,,100.0,1.0,100.0,-0.3178031855024242
3.579158316633267,43.810810810810814,,100.0,1.0,100.0,-0.3151101459267687
3.7775551102204403,43.810810810810814,,100.0,1.0,100.0,-0.3124435091921794
3.9759519038076157,43.810810810810814,,100.0,1.0,100.0,-0.3098032797330615
4.174348697394789,43.810810810810814,,100.0,1.0,100.0,-0.3071894612028514
4.372745490981964,43.810810810810814,,100.0,1.0,100.0,-0.3046020563970252
4.571142284569138,43.810810810810814,,100.0,1.0,100.0,-0.302041067177965
4.7695390781563125,43.810810810810814,,100.0,1.0,100.0,-0.2995064944016427
4.967935871743487,43.810810810810814,,100.0,1.0,100.0,-0.2969983378462328
5.166332665330662,43.810810810810814,,100.0,1.0,100.0,-0.2945165961424327
5.364729458917837,43.810810810810814,,100.0,1.0,100.0,-0.2920612667056436
5.563126252505009,43.810810810810814,,100.0,1.0,100.0,-0.2896323456699434
5.761523046092185,43.810810810810814,,100.0,1.0,100.0,-0.2872298278237765
5.959919839679359,43.810810810810814,,100.0,1.0,100.0,-0.284853706547489
6.158316633266534,43.810810810810814,,100.0,1.0,100.0,-0.2825039737525309
6.356713426853707,43.810810810810814,,100.0,1.0,100.0,-0.2801806198224377
6.555110220440882,43.810810810810814,,100.0,1.0,100.0,-0.2778836335555176
6.753507014028057,43.810810810810814,,100.0,1.0,100.0,-0.275613002109249
6.951903807615231,43.810810810810814,,100.0,1.0,100.0,-0.2733687109463631
7.150300601202405,43.810810810810814,,100.0,1.0,100.0,-0.271150743782664
7.348697394789579,43.810810810810814,,100.0,1.0,100.0,-0.2689590825364617
7.547094188376754,43.810810810810814,,100.0,1.0,100.0,-0.2667937072797103
7.745490981963927,43.810810810810814,,100.0,1.0,100.0,-0.2646545961908089
7.9438877755511,43.810810810810814,,100.0,1.0,100.0,-0.262541725509019
8.142284569138276,43.810810810810814,,100.0,1.0,100.0,-0.2604550694905641
8.340681362725451,43.810810810810814,,100.0,1.0,100.0,-0.2583946003663312
8.539078156312625,43.810810810810814,,100.0,1.0,100.0,-0.2563602883012048
8.737474949899799,43.810810810810814,,100.0,1.0,100.0,-0.254352101355022
8.935871743486974,43.810810810810814,,100.0,1.0,100.0,-0.252370005445146
9.13426853707415,43.810810810810814,,100.0,1.0,100.0,-0.2504139643105988
9.332665330661325,43.810810810810814,,100.0,1.0,100.0,-0.2484839394778618
9.531062124248498,43.810810810810814,,100.0,1.0,100.0,-0.2465798902281698
9.729458917835672,43.810810810810814,,100.0,1.0,100.0,-0.2447017735665011
9.927855711422845,43.810810810810814,,100.0,1.0,100.0,-0.2428495441920226
10.126252505010019,43.810810810810814,,100.0,1.0,100.0,-0.2410231544702075
10.324649298597194,43.810810810810814,,100.0,1.0,100.0,-0.2392225544064376
10.52304609218437,43.810810810810814,,100.0,1.0,100.0,-0.2374476916212193
10.721442885771543,43.810810810810814,,100.0,1.0,100.0,-0.2356985113269081
10.919839679358718,43.810810810810814,,100.0,1.0,100.0,-0.2339749563060246
11.118236472945892,43.810810810810814,,100.0,1.0,100.0,-0.2322769668910329
11.316633266533067,43.810810810810814,,100.0,1.0,100.0,-0.2306044809457449
11.515030060120242,43.810810810810814,,100.0,1.0,100.0,-0.2289574338481851
11.713426853707414,43.810810810810814,,100.0,1.0,100.0,-0.2273357584749957
11.91182364729459,43.810810810810814,,100.0,1.0,100.0,-0.2257393851873686
12.110220440881761,43.810810810810814,,100.0,1.0,100.0,-0.2241682418184501
12.308617234468937,43.810810810810814,,100.0,1.0,100.0,-0.2226222536623015
12.507014028056114,43.810810810810814,,100.0,1.0,100.0,-0.2211013434642716
12.705410821643287,43.810810810810814,,100.0,1.0,100.0,-0.2196054314129815
12.903807615230463,43.810810810810814,,100.0,1.0,100.0,-0.2181344351336185
13.102204408817634,43.810810810810814,,100.0,1.0,100.0,-0.2166882696828831
13.30060120240481,43.810810810810814,,100.0,1.0,100.0,-0.215266847545267
13.498997995991983,43.810810810810814,,100.0,1.0,100.0,-0.2138700786308464
13.697394789579159,43.810810810810814,,100.0,1.0,100.0,-0.2124978702745082
13.895791583166334,43.810810810810814,,100.0,1.0,100.0,-0.2111501272366278
14.094188376753507,43.810810810810814,,100.0,1.0,100.0,-0.2098267517051495
14.292585170340683,43.810810810810814,,100.0,1.0,100.0,-0.2085276432991176
14.490981963927855,43.810810810810814,,100.0,1.0,100.0,-0.2072526990735863
14.689378757515032,43.810810810810814,,100.0,1.0,100.0,-0.2060018135259602
14.887775551102203,43.810810810810814,,100.0,1.0,100.0,-0.2047748786036861
15.086172344689379,43.810810810810814,,100.0,1.0,100.0,-0.2035717837133562
15.284569138276554,43.810810810810814,,100.0,1.0,100.0,-0.2023924157311557
15.482965931863726,43.810810810810814,,100.0,1.0,100.0,-0.2012366590146257
15.681362725450903,43.810810810810814,,100.0,1.0,100.0,-0.200104395415857
15.879759519038075,43.810810810810814,,100.0,1.0,100.0,-0.1989955042958995
16.07815631262525,43.810810810810814,,100.0,1.0,100.0,-0.1979098625405588
16.276553106212425,43.810810810810814,,100.0,1.0,100.0,-0.1968473445774493
16.474949899799597,43.810810810810814,,100.0,1.0,100.0,-0.195807822394311
16.673346693386772,43.810810810810814,,100.0,1.0,100.0,-0.194791165558633
16.871743486973948,43.810810810810814,,100.0,1.0,100.0,-0.1937972412384764
17.070140280561123,43.810810810810814,,100.0,1.0,100.0,-0.1928259142245644
17.2685370741483,43.810810810810814,,100.0,1.0,100.0,-0.1918770469535247
17.466933867735474,43.810810810810814,,100.0,1.0,100.0,-0.1909504995323723
17.66533066132265,43.810810810810814,,100.0,1.0,100.0,-0.1900461297641466
17.86372745490982,43.810810810810814,,100.0,1.0,100.0,-0.189163793174676
18.062124248496996,43.810810810810814,,100.0,1.0,100.0,-0.1883033430404888
18.260521042084168,43.810810810810814,,100.0,1.0,100.0,-0.1874646304178562
18.458917835671343,43.810810810810814,,100.0,1.0,100.0,-0.1866475041728378
18.657314629258515,43.810810810810814,,100.0,1.0,100.0,-0.185851811012488
18.85571142284569,43.810810810810814,,100.0,1.0,100.0,-0.1850773955170474
19.054108216432866,43.810810810810814,,100.0,1.0,100.0,-0.1843241001731169
19.252505010020037,43.810810810810814,,100.0,1.0,100.0,-0.1835917654079104
19.450901803607216,43.810810810810814,,100.0,1.0,100.0,-0.1828802296243774
19.649298597194388,43.810810810810814,,100.0,1.0,100.0,-0.1821893292373396
19.847695390781563,43.810810810810814,,100.0,1.0,100.0,-0.1815188987104857
20.04609218436874,43.810810810810814,,100.0,1.0,100.0,-0.1808687705942765
20.244488977955914,43.810810810810814,,100.0,1.0,100.0,-0.1802387755647116
20.442885771543086,43.810810810810814,,100.0,1.0,100.0,-0.1796287424629338
20.64128256513026,43.810810810810814,,100.0,1.0,100.0,-0.1790384983355907
20.839679358717436,43.810810810810814,,100.0,1.0,100.0,-0.1784678684760425
21.03807615230461,43.810810810810814,,100.0,1.0,100.0,-0.1779166764662566
21.236472945891784,43.810810810810814,,100.0,1.0,100.0,-0.1773847442194565
21.43486973947896,43.810810810810814,,100.0,1.0,100.0,-0.1768718920234295
21.633266533066134,43.810810810810814,,100.0,1.0,100.0,-0.1763779385845426
21.831663326653306,43.810810810810814,,100.0,1.0,100.0,-0.1759027010723122
22.030060120240485,43.810810810810814,,100.0,1.0,100.0,-0.1754459951646538
22.228456913827657,43.810810810810814,,100.0,1.0,100.0,-0.1750076350936345
22.42685370741483,43.810810810810814,,100.0,1.0,100.0,-0.1745874336918318
22.625250501002007,43.810810810810814,,100.0,1.0,100.0,-0.174185202439129
22.82364729458918,43.810810810810814,,100.0,1.0,100.0,-0.1738007515100628
23.02204408817635,43.810810810810814,,100.0,1.0,100.0,-0.1734338898215617
23.220440881763523,43.810810810810814,,100.0,1.0,100.0,-0.1730844250811375
23.4188376753507,43.810810810810814,,100.0,1.0,100.0,-0.1727521638354801
23.617234468937873,43.810810810810814,,100.0,1.0,100.0,-0.1724369115193685
23.815631262525052,43.810810810810814,,100.0,1.0,100.0,-0.1721384725049575
24.014028056112227,43.810810810810814,,100.0,1.0,100.0,-0.1718566501513429
24.212424849699403,43.810810810810814,,100.0,1.0,100.0,-0.1715912468544206
24.410821643286575,43.810810810810814,,100.0,1.0,100.0,-0.1713420640969903
24.609218436873746,43.810810810810814,,100.0,1.0,100.0,-0.1711089024990368
24.807615230460925,43.810810810810814,,100.0,1.0,100.0,-0.1708915618682744
25.006012024048097,43.810810810810814,,100.0,1.0,100.0,-0.1706898412508201
25.20440881763527,43.810810810810814,,100.0,1.0,100.0,-0.1705035389819552
25.402805611222448,43.810810810810814,,100.0,1.0,100.0,-0.1703324527371326
25.60120240480962,43.810810810810814,,100.0,1.0,100.0,-0.1701763795829206
25.79959919839679,43.810810810810814,,100.0,1.0,100.0,-0.1700351160281163
25.997995991983966,43.810810810810814,,100.0,1.0,100.0,-0.1699084580748437
26.196392785571145,43.810810810810814,,100.0,1.0,100.0,-0.1697962012697065
26.394789579158317,43.810810810810814,,100.0,1.0,100.0,-0.1696981407549022
26.59318637274549,43.810810810810814,,100.0,1.0,100.0,-0.1696140713193226
26.791583166332664,43.810810810810814,,100.0,1.0,100.0,-0.1695437874496272
26.98997995991984,43.810810810810814,,100.0,1.0,100.0,-0.1694870833811948
27.188376753507008,43.810810810810814,,100.0,1.0,100.0,-0.1694437531490508
27.386773547094187,43.810810810810814,,100.0,1.0,100.0,-0.1694135906386526
27.585170340681366,43.810810810810814,,100.0,1.0,100.0,-0.1693963896365459
27.783567134268534,43.810810810810814,,100.0,1.0,100.0,-0.1693919438809026
27.98196392785571,43.810810810810814,,100.0,1.0,100.0,-0.1694000471118925
28.180360721442888,43.810810810810814,,100.0,1.0,100.0,-0.1694204931218822
28.378757515030063,43.810810810810814,,100.0,1.0,100.0,-0.1694530758054669
28.577154308617235,43.810810810810814,,100.0,1.0,100.0,-0.1694975892092603
28.7755511022044,43.810810810810814,,100.0,1.0,100.0,-0.1695538275815147
28.97394789579158,43.810810810810814,,100.0,1.0,100.0,-0.1696215854215268
29.172344689378757,43.810810810810814,,100.0,1.0,100.0,-0.1697006575287443
29.370741482965926,43.810810810810814,,100.0,1.0,100.0,-0.1697908390516909
29.5691382765531,43.810810810810814,,100.0,1.0,100.0,-0.1698919255366445
29.76753507014028,43.810810810810814,,100.0,1.0,100.0,-0.170003712975978
29.965931863727448,43.810810810810814,,100.0,1.0,100.0,-0.1701259978563183
30.164328657314627,43.810810810810814,,100.0,1.0,100.0,-0.1702585772063656
30.36272545090181,43.810810810810814,,100.0,1.0,100.0,-0.1704012486444595
30.56112224448897,43.810810810810814,,100.0,1.0,100.0,-0.1705538104258523
30.759519038076157,43.810810810810814,,100.0,1.0,100.0,-0.1707160614896606
30.957915831663332,43.810810810810814,,100.0,1.0,100.0,-0.1708878015055512
31.1563126252505,43.810810810810814,,100.0,1.0,100.0,-0.1710688309201051
31.35470941883768,43.810810810810814,,100.0,1.0,100.0,-0.1712589510028545
31.553106212424858,43.810810810810814,,100.0,1.0,100.0,-0.1714579638920392
31.751503006012022,43.810810810810814,,100.0,1.0,100.0,-0.1716656726400244
31.949899799599194,43.810810810810814,,100.0,1.0,100.0,-0.1718818812583867
32.14829659318637,43.810810810810814,,100.0,1.0,100.0,-0.1721063947626995
32.346693386773545,43.810810810810814,,100.0,1.0,100.0,-0.172339019216987
32.545090180360724,43.810810810810814,,100.0,1.0,100.0,-0.1725795617778258
32.743486973947896,43.810810810810814,,100.0,1.0,100.0,-0.1728278307381332
32.941883767535074,43.810810810810814,,100.0,1.0,100.0,-0.173083635570613
33.140280561122246,43.810810810810814,,100.0,1.0,100.0,-0.173346786970843
33.33867735470942,43.810810810810814,,100.0,1.0,100.0,-0.1736170969000614
33.5370741482966,43.810810810810814,,100.0,1.0,100.0,-0.1738943786275461
33.73547094188377,43.810810810810814,,100.0,1.0,100.0,-0.1741784467727047
33.93386773547095,43.810810810810814,,100.0,1.0,100.0,-0.1744691173467356
34.13226452905812,43.810810810810814,,100.0,1.0,100.0,-0.1747662077939925
34.3306613226453,43.810810810810814,,100.0,1.0,100.0,-0.1750695370329463
34.52905811623247,43.810810810810814,,100.0,1.0,100.0,-0.1753789254967764
34.72745490981965,43.810810810810814,,100.0,1.0,100.0,-0.1756941951735872
34.92585170340681,43.810810810810814,,100.0,1.0,100.0,-0.1760151696462137
35.12424849699399,43.810810810810814,,100.0,1.0,100.0,-0.1763416741316943
35.32264529058117,43.810810810810814,,100.0,1.0,100.0,-0.1766735355202344
35.521042084168336,43.810810810810814,,100.0,1.0,100.0,-0.1770105824138533
35.719438877755515,43.810810810810814,,100.0,1.0,100.0,-0.1773526451645364
35.91783567134269,43.810810810810814,,100.0,1.0,100.0,-0.1776995559119915
36.11623246492986,43.810810810810814,,100.0,1.0,100.0,-0.1780511486209334
36.31462925851703,43.810810810810814,,100.0,1.0,100.0,-0.1784072591178968
36.51302605210421,43.810810810810814,,100.0,1.0,100.0,-0.1787677251276017
36.71142284569138,43.810810810810814,,100.0,1.0,100.0,-0.1791323863087838
36.90981963927855,43.810810810810814,,100.0,1.0,100.0,-0.179501084289532
37.10821643286573,43.810810810810814,,100.0,1.0,100.0,-0.1798736627021225
37.3066132264529,43.810810810810814,,100.0,1.0,100.0,-0.1802499672172629
37.505010020040075,43.810810810810814,,100.0,1.0,100.0,-0.1806298455778013
37.703406813627254,43.810810810810814,,100.0,1.0,100.0,-0.1810131476318114
37.90180360721443,43.810810810810814,,100.0,1.0,100.0,-0.1813997253651226
38.100200400801604,43.810810810810814,,100.0,1.0,100.0,-0.1817894329331826
38.298597194388776,43.810810810810814,,100.0,1.0,100.0,-0.1821821266922501
38.496993987975955,43.810810810810814,,100.0,1.0,100.0,-0.1825776652299642
38.69539078156313,43.810810810810814,,100.0,1.0,100.0,-0.1829759093951639
38.8937875751503,43.810810810810814,,100.0,1.0,100.0,-0.1833767223269641
39.09218436873748,43.810810810810814,,100.0,1.0,100.0,-0.183779969483138
39.29058116232465,43.810810810810814,,100.0,1.0,100.0,-0.1841855186676775
39.48897795591183,43.810810810810814,,100.0,1.0,100.0,-0.1845932400575113
39.687374749499,43.810810810810814,,100.0,1.0,100.0,-0.185003006228423
39.88577154308617,43.810810810810814,,100.0,1.0,100.0,-0.1854146921801223
40.08416833667335,43.810810810810814,,100.0,1.0,100.0,-0.1858281753603352
40.28256513026052,43.810810810810814,,100.0,1.0,100.0,-0.1862433356880375
40.4809619238477,43.810810810810814,,100.0,1.0,100.0,-0.1866600555757209
40.67935871743487,43.810810810810814,,100.0,1.0,100.0,-0.1870782199506235
40.877755511022045,43.810810810810814,,100.0,1.0,100.0,-0.1874977162749689
41.07615230460922,43.810810810810814,,100.0,1.0,100.0,-0.1879184345651977
41.274549098196395,43.810810810810814,,100.0,1.0,100.0,-0.188340267410019
41.47294589178357,43.810810810810814,,100.0,1.0,100.0,-0.1887631099874579
41.671342685370746,43.810810810810814,,100.0,1.0,100.0,-0.1891868600806845
41.86973947895792,43.810810810810814,,100.0,1.0,100.0,-0.1896114180927308
42.06813627254509,43.810810810810814,,100.0,1.0,100.0,-0.1900366870599468
42.26653306613227,43.810810810810814,,100.0,1.0,100.0,-0.1904625726643046
42.46492985971944,43.810810810810814,,100.0,1.0,100.0,-0.1908889832444051
42.66332665330661,43.810810810810814,,100.0,1.0,100.0,-0.1913158298052152
42.861723446893784,43.810810810810814,,100.0,1.0,100.0,-0.1917430260264802
43.06012024048097,43.810810810810814,,100.0,1.0,100.0,-0.1921704882698798
43.25851703406814,43.810810810810814,,100.0,1.0,100.0,-0.1925981355847498
43.45691382765531,43.810810810810814,,100.0,1.0,100.0,-0.1930258897124909
43.655310621242485,43.810810810810814,,100.0,1.0,100.0,-0.1934536750895463
43.85370741482966,43.810810810810814,,100.0,1.0,100.0,-0.1938814188490396
44.05210420841683,43.810810810810814,,100.0,1.0,100.0,-0.1943090508208712
44.250501002004015,43.810810810810814,,100.0,1.0,100.0,-0.1947365035304995
44.448897795591186,43.810810810810814,,100.0,1.0,100.0,-0.1951637121961963
44.64729458917836,43.810810810810814,,100.0,1.0,100.0,-0.1955906147248512
44.84569138276553,43.810810810810814,,100.0,1.0,100.0,-0.1960171517063174
45.0440881763527,43.810810810810814,,100.0,1.0,100.0,-0.1964432664062601
45.24248496993987,43.810810810810814,,100.0,1.0,100.0,-0.1968689047575507
45.440881763527045,43.810810810810814,,100.0,1.0,100.0,-0.1972940153501317
45.63927855711423,43.810810810810814,,100.0,1.0,100.0,-0.1977185494194296
45.8376753507014,43.810810810810814,,100.0,1.0,100.0,-0.1981424608332793
46.036072144288575,43.810810810810814,,100.0,1.0,100.0,-0.1985657060773635
46.23446893787575,43.810810810810814,,100.0,1.0,100.0,-0.1989882442391548
46.43286573146293,43.810810810810814,,100.0,1.0,100.0,-0.199410036990447
46.631262525050104,43.810810810810814,,100.0,1.0,100.0,-0.1998310485684163
46.829659318637276,43.810810810810814,,100.0,1.0,100.0,-0.2002512457551973
47.028056112224455,43.810810810810814,,100.0,1.0,100.0,-0.2006705978561335
47.22645290581163,43.810810810810814,,100.0,1.0,100.0,-0.2010890766765404
47.424849699398806,43.810810810810814,,100.0,1.0,100.0,-0.2015066564971258
47.62324649298598,43.810810810810814,,100.0,1.0,100.0,-0.2019233140480942
47.82164328657315,43.810810810810814,,100.0,1.0,100.0,-0.2023390284818575
48.02004008016032,43.810810810810814,,100.0,1.0,100.0,-0.2027537813444744
48.21843687374749,43.810810810810814,,100.0,1.0,100.0,-0.2031675565458661
48.41683366733468,43.810810810810814,,100.0,1.0,100.0,-0.2035803403287354
48.615230460921836,43.810810810810814,,100.0,1.0,100.0,-0.203992121236313
48.81362725450902,43.810810810810814,,100.0,1.0,100.0,-0.2044028900789942
49.012024048096194,43.810810810810814,,100.0,1.0,100.0,-0.2048126398997533
49.21042084168337,43.810810810810814,,100.0,1.0,100.0,-0.2052213659386106
49.40881763527054,43.810810810810814,,100.0,1.0,100.0,-0.2056290655959647
49.60721442885771,43.810810810810814,,100.0,1.0,100.0,-0.2060357383949871
49.805611222444895,43.810810810810814,,100.0,1.0,100.0,-0.2064413859430788
50.00400801603207,43.810810810810814,,100.0,1.0,100.0,-0.2068460118924385
50.20240480961924,43.810810810810814,,100.0,1.0,100.0,-0.2072496218997698
50.40080160320641,43.810810810810814,,100.0,1.0,100.0,-0.207652223585235
50.59919839679358,43.810810810810814,,100.0,1.0,100.0,-0.2080538264906484
50.79759519038077,43.810810810810814,,100.0,1.0,100.0,-0.2084544420370372
50.99599198396793,43.810810810810814,,100.0,1.0,100.0,-0.2088540834814986
51.19438877755511,43.810810810810814,,100.0,1.0,100.0,-0.2092527658735925
51.39278557114229,43.810810810810814,,100.0,1.0,100.0,-0.2096505060111395
51.59118236472946,43.810810810810814,,100.0,1.0,100.0,-0.2100473223956113
51.789579158316634,43.810810810810814,,100.0,1.0,100.0,-0.210443235187111
51.987975951903806,43.810810810810814,,100.0,1.0,100.0,-0.2108382661590238
52.18637274549098,43.810810810810814,,100.0,1.0,100.0,-0.211232438652373
52.38476953907816,43.810810810810814,,100.0,1.0,100.0,-0.2116257775299824
52.583166332665336,43.810810810810814,,100.0,1.0,100.0,-0.2120183091304749
52.78156312625251,43.810810810810814,,100.0,1.0,100.0,-0.2124100612220869
52.97995991983967,43.810810810810814,,100.0,1.0,100.0,-0.2128010629565661
53.17835671342685,43.810810810810814,,100.0,1.0,100.0,-0.2131913448229973
53.37675350701403,43.810810810810814,,100.0,1.0,100.0,-0.2135809386016631
53.57515030060121,43.810810810810814,,100.0,1.0,100.0,-0.2139698773180806
53.77354709418837,43.810810810810814,,100.0,1.0,100.0,-0.2143581951972351
53.97194388777555,43.810810810810814,,100.0,1.0,100.0,-0.2147459276179339
54.17034068136273,43.810810810810814,,100.0,1.0,100.0,-0.2151331110675296
54.368737474949896,43.810810810810814,,100.0,1.0,100.0,-0.2155197830969364
54.567134268537075,43.810810810810814,,100.0,1.0,100.0,-0.2159059822760155
54.765531062124246,43.810810810810814,,100.0,1.0,100.0,-0.2162917481494065
54.96392785571142,43.810810810810814,,100.0,1.0,100.0,-0.2166771211927868
55.1623246492986,43.810810810810814,,100.0,1.0,100.0,-0.2170621427696775
55.360721442885776,43.810810810810814,,100.0,1.0,100.0,-0.2174468550888161
55.55911823647295,43.810810810810814,,100.0,1.0,100.0,-0.2178313011620549
55.75751503006013,43.810810810810814,,100.0,1.0,100.0,-0.2182155247629641
55.95591182364729,43.810810810810814,,100.0,1.0,100.0,-0.2185995703860809
56.15430861723447,43.810810810810814,,100.0,1.0,100.0,-0.21898348320681
56.35270541082165,43.810810810810814,,100.0,1.0,100.0,-0.2193673090421736
56.551102204408814,43.810810810810814,,100.0,1.0,100.0,-0.2197510943121868
56.74949899799599,43.810810810810814,,100.0,1.0,100.0,-0.2201348860021342
56.94789579158316,43.810810810810814,,100.0,1.0,100.0,-0.2205187316256021
57.146292585170336,43.810810810810814,,100.0,1.0,100.0,-0.2209026791883787
57.3446893787575,43.810810810810814,,100.0,1.0,100.0,-0.2212867771532265
57.543086172344694,43.810810810810814,,100.0,1.0,100.0,-0.2216710744054697
57.74148296593185,43.810810810810814,,100.0,1.0,100.0,-0.2220556202195888
57.93987975951904,43.810810810810814,,100.0,1.0,100.0,-0.2224404642266171
58.13827655310623,43.810810810810814,,100.0,1.0,100.0,-0.2228256563825411
58.336673346693395,43.810810810810814,,100.0,1.0,100.0,-0.2232112469375943
58.535070140280574,43.810810810810814,,100.0,1.0,100.0,-0.2235972864065128
58.73346693386774,43.810810810810814,,100.0,1.0,100.0,-0.2239838255397034
58.9318637274549,43.810810810810814,,100.0,1.0,100.0,-0.2243709152954505
59.13026052104208,43.810810810810814,,100.0,1.0,100.0,-0.2247586068129834
59.32865731462926,43.810810810810814,,100.0,1.0,100.0,-0.2251469513865387
59.52705410821644,43.810810810810814,,100.0,1.0,100.0,-0.2255360004403924
59.72545090180361,43.810810810810814,,100.0,1.0,100.0,-0.2259258055048438
59.92384769539078,43.810810810810814,,100.0,1.0,100.0,-0.2263164181931004
60.12224448897794,43.810810810810814,,100.0,1.0,100.0,-0.2267078901791535
60.32064128256512,43.810810810810814,,100.0,1.0,100.0,-0.2271002731765703
60.51903807615231,43.810810810810814,,100.0,1.0,100.0,-0.22749361891821
60.717434869739485,43.810810810810814,,100.0,1.0,100.0,-0.2278879791368284
60.915831663326664,43.810810810810814,,100.0,1.0,100.0,-0.2282834055466279
61.114228456913835,43.810810810810814,,100.0,1.0,100.0,-0.2286799498256561
61.312625250501,43.810810810810814,,100.0,1.0,100.0,-0.2290776635991026
61.51102204408818,43.810810810810814,,100.0,1.0,100.0,-0.2294765984234262
61.709418837675344,43.810810810810814,,100.0,1.0,100.0,-0.2298768057713596
61.90781563126252,43.810810810810814,,100.0,1.0,100.0,-0.2302783370177185
62.1062124248497,43.810810810810814,,100.0,1.0,100.0,-0.2306812434259924
62.30460921843688,43.810810810810814,,100.0,1.0,100.0,-0.2310855761357778
62.50300601202406,43.810810810810814,,100.0,1.0,100.0,-0.2314913861509399
62.701402805611224,43.810810810810814,,100.0,1.0,100.0,-0.2318987243285531
62.89979959919839,43.810810810810814,,100.0,1.0,100.0,-0.2323076413685348
63.09819639278557,43.810810810810814,,100.0,1.0,100.0,-0.2327181878040338
63.296593186372746,43.810810810810814,,100.0,1.0,100.0,-0.233130413992451
63.494989979959925,43.810810810810814,,100.0,1.0,100.0,-0.2335443701072467
63.69338677354709,43.810810810810814,,100.0,1.0,100.0,-0.2339601061302217
63.89178356713427,43.810810810810814,,100.0,1.0,100.0,-0.2343776718445864
64.09018036072143,43.810810810810814,,100.0,1.0,100.0,-0.2347971168285704
64.28857715430863,43.810810810810814,,100.0,1.0,100.0,-0.23521849044961
64.48697394789579,43.810810810810814,,100.0,1.0,100.0,-0.235641841859128
64.68537074148296,43.810810810810814,,100.0,1.0,100.0,-0.2360672199878875
64.88376753507015,43.810810810810814,,100.0,1.0,100.0,-0.2364946735418217
65.08216432865731,43.810810810810814,,100.0,1.0,100.0,-0.2369242509984018
65.28056112224449,43.810810810810814,,100.0,1.0,100.0,-0.2373560006035221
65.47895791583166,43.810810810810814,,100.0,1.0,100.0,-0.2377899703687951
65.67735470941884,43.810810810810814,,100.0,1.0,100.0,-0.2382262080694089
65.87575150300601,43.810810810810814,,100.0,1.0,100.0,-0.2386647612423357
66.0741482965932,43.810810810810814,,100.0,1.0,100.0,-0.239105677184948
66.27254509018036,43.810810810810814,,100.0,1.0,100.0,-0.2395490029541813
66.47094188376754,43.810810810810814,,100.0,1.0,100.0,-0.2399947853659406
66.66933867735472,43.810810810810814,,100.0,1.0,100.0,-0.2404430709949406
66.8677354709419,43.810810810810814,,100.0,1.0,100.0,-0.2408939061749759
67.06613226452906,43.810810810810814,,100.0,1.0,100.0,-0.2413473369994517
67.26452905811624,43.810810810810814,,100.0,1.0,100.0,-0.241803409322256
67.4629258517034,43.810810810810814,,100.0,1.0,100.0,-0.2422621687590944
67.6613226452906,43.810810810810814,,100.0,1.0,100.0,-0.2427236606889538
67.85971943887776,43.810810810810814,,100.0,1.0,100.0,-0.2431879302560108
68.05811623246494,43.810810810810814,,100.0,1.0,100.0,-0.2436550223718113
68.2565130260521,43.810810810810814,,100.0,1.0,100.0,-0.2441249817176984
68.45490981963928,43.810810810810814,,100.0,1.0,100.0,-0.2445978527475462
68.65330661322645,43.810810810810814,,100.0,1.0,100.0,-0.2450736796908289
68.85170340681363,43.810810810810814,,100.0,1.0,100.0,-0.245552506555822
69.05010020040079,43.810810810810814,,100.0,1.0,100.0,-0.2460343771331968
69.24849699398798,43.810810810810814,,100.0,1.0,100.0,-0.246519334999835
69.44689378757515,43.810810810810814,,100.0,1.0,100.0,-0.2470074235228198
69.64529058116234,43.810810810810814,,100.0,1.0,100.0,-0.2474986858637896
69.84368737474949,43.810810810810814,,100.0,1.0,100.0,-0.2479931649834635
70.04208416833667,43.810810810810814,,100.0,1.0,100.0,-0.2484909036464048
70.24048096192385,43.810810810810814,,100.0,1.0,100.0,-0.248991944426053
70.43887775551103,43.810810810810814,,100.0,1.0,100.0,-0.2494963297100052
70.6372745490982,43.810810810810814,,100.0,1.0,100.0,-0.2500041017054595
70.83567134268537,43.810810810810814,,100.0,1.0,100.0,-0.2505153024449316
71.03406813627254,43.810810810810814,,100.0,1.0,100.0,-0.2510299737922808
71.23246492985973,43.810810810810814,,100.0,1.0,100.0,-0.2515481574487704
71.4308617234469,43.810810810810814,,100.0,1.0,100.0,-0.2520698949595724
71.62925851703406,43.810810810810814,,100.0,1.0,100.0,-0.2525952277203704
71.82765531062124,43.810810810810814,,100.0,1.0,100.0,-0.2531241969841972
72.0260521042084,43.810810810810814,,100.0,1.0,100.0,-0.253656843868586
72.2244488977956,43.810810810810814,,100.0,1.0,100.0,-0.2541932093628726
72.42284569138276,43.810810810810814,,100.0,1.0,100.0,-0.2547333343357304
72.62124248496994,43.810810810810814,,100.0,1.0,100.0,-0.2552772595430063
72.8196392785571,43.810810810810814,,100.0,1.0,100.0,-0.255825025635722
73.01803607214428,43.810810810810814,,100.0,1.0,100.0,-0.2563766731683198
73.21643286573146,43.810810810810814,,100.0,1.0,100.0,-0.2569322426071996
73.41482965931863,43.810810810810814,,100.0,1.0,100.0,-0.2574917743394157
73.6132264529058,43.810810810810814,,100.0,1.0,100.0,-0.2580553086816605
73.81162324649299,43.810810810810814,,100.0,1.0,100.0,-0.2586228858894915
74.01002004008016,43.810810810810814,,100.0,1.0,100.0,-0.2591945461667967
74.20841683366733,43.810810810810814,,100.0,1.0,100.0,-0.2597703296754426
74.40681362725451,43.810810810810814,,100.0,1.0,100.0,-0.2603502765453175
74.60521042084169,43.810810810810814,,100.0,1.0,100.0,-0.2609344268844106
74.80360721442887,43.810810810810814,,100.0,1.0,100.0,-0.2615228207893523
75.00200400801603,43.810810810810814,,100.0,1.0,100.0,-0.2621154983560717
75.20040080160321,43.810810810810814,,100.0,1.0,100.0,-0.2627124996907368
75.39879759519039,43.810810810810814,,100.0,1.0,100.0,-0.2633138649209352
75.59719438877755,43.810810810810814,,100.0,1.0,100.0,-0.2639196342072113
75.79559118236472,43.810810810810814,,100.0,1.0,100.0,-0.2645298477546569
75.99398797595191,43.810810810810814,,100.0,1.0,100.0,-0.2651445458249746
76.19238476953907,43.810810810810814,,100.0,1.0,100.0,-0.2657637687486478
76.39078156312625,43.810810810810814,,100.0,1.0,100.0,-0.2663875569374401
76.58917835671345,43.810810810810814,,100.0,1.0,100.0,-0.2670159508971385
76.7875751503006,43.810810810810814,,100.0,1.0,100.0,-0.2676489912405149
76.98597194388778,43.810810810810814,,100.0,1.0,100.0,-0.2682867187006351
77.18436873747495,43.810810810810814,,100.0,1.0,100.0,-0.2689291741443674
77.38276553106212,43.810810810810814,,100.0,1.0,100.0,-0.2695763985861369
77.5811623246493,43.810810810810814,,100.0,1.0,100.0,-0.270228433201983
77.77955911823646,43.810810810810814,,100.0,1.0,100.0,-0.2708853193438484
77.97795591182366,43.810810810810814,,100.0,1.0,100.0,-0.2715470985541626
78.1763527054108,43.810810810810814,,100.0,1.0,100.0,-0.2722138125806282
78.374749498998,43.810810810810814,,100.0,1.0,100.0,-0.2728855033913442
78.5731462925852,43.810810810810814,,100.0,1.0,100.0,-0.2735622131900982
78.77154308617234,43.810810810810814,,100.0,1.0,100.0,-0.2742439844320081
78.96993987975952,43.810810810810814,,100.0,1.0,100.0,-0.2749308598393539
79.1683366733467,43.810810810810814,,100.0,1.0,100.0,-0.2756228824176849
79.36673346693387,43.810810810810814,,100.0,1.0,100.0,-0.2763200954722198
79.56513026052104,43.810810810810814,,100.0,1.0,100.0,-0.2770225426244502
79.76352705410822,43.810810810810814,,100.0,1.0,100.0,-0.2777302678290279
79.9619238476954,43.810810810810814,,100.0,1.0,100.0,-0.2784433153908909
80.16032064128257,43.810810810810814,,100.0,1.0,100.0,-0.279161729982682
80.35871743486975,43.810810810810814,,100.0,1.0,100.0,-0.27988555666235
80.55711422845691,43.810810810810814,,100.0,1.0,100.0,-0.2806148408910596
80.75551102204409,43.810810810810814,,100.0,1.0,100.0,-0.2813496285513198
80.95390781563127,43.810810810810814,,100.0,1.0,100.0,-0.2820899659654081
81.15230460921843,43.810810810810814,,100.0,1.0,100.0,-0.2828358999139266
81.35070140280563,43.810810810810814,,100.0,1.0,100.0,-0.2835874776547759
81.54909819639279,43.810810810810814,,100.0,1.0,100.0,-0.2843447469422179
81.74749498997996,43.810810810810814,,100.0,1.0,100.0,-0.2851077560462574
81.94589178356713,43.810810810810814,,100.0,1.0,100.0,-0.2858765537722489
82.14428857715431,43.810810810810814,,100.0,1.0,100.0,-0.2866511894807469
82.34268537074149,43.810810810810814,,100.0,1.0,100.0,-0.2874317131076238
82.54108216432866,43.810810810810814,,100.0,1.0,100.0,-0.2882181751843388
82.73947895791585,43.810810810810814,,100.0,1.0,100.0,-0.2890106268585527
82.937875751503,43.810810810810814,,100.0,1.0,100.0,-0.2898091199149153
83.13627254509018,43.810810810810814,,100.0,1.0,100.0,-0.2906137067960647
83.33466933867736,43.810810810810814,,100.0,1.0,100.0,-0.291424440623956
83.53306613226454,43.810810810810814,,100.0,1.0,100.0,-0.2922413752213295
83.7314629258517,43.810810810810814,,100.0,1.0,100.0,-0.2930645651334282
83.92985971943888,43.810810810810814,,100.0,1.0,100.0,-0.2938940656499815
84.12825651302606,43.810810810810814,,100.0,1.0,100.0,-0.2947299328274169
84.32665330661322,43.810810810810814,,100.0,1.0,100.0,-0.2955722235112209
84.5250501002004,43.810810810810814,,100.0,1.0,100.0,-0.2964209953586754
84.72344689378757,43.810810810810814,,100.0,1.0,100.0,-0.2972763068616538
84.92184368737476,43.810810810810814,,100.0,1.0,100.0,-0.2981382173697788
85.12024048096194,43.810810810810814,,100.0,1.0,100.0,-0.2990067871137409
85.3186372745491,43.810810810810814,,100.0,1.0,100.0,-0.299882077228861
85.51703406813628,43.810810810810814,,100.0,1.0,100.0,-0.3007641497788405
85.71543086172345,43.810810810810814,,100.0,1.0,100.0,-0.3016530677798394
85.91382765531063,43.810810810810814,,100.0,1.0,100.0,-0.3025488952246584
86.1122244488978,43.810810810810814,,100.0,1.0,100.0,-0.3034516971071914
86.31062124248497,43.810810810810814,,100.0,1.0,100.0,-0.3043615394471707
86.50901803607215,43.810810810810814,,100.0,1.0,100.0,-0.3052784893150195
86.70741482965931,43.810810810810814,,100.0,1.0,100.0,-0.3062026148570291
86.90581162324649,43.810810810810814,,100.0,1.0,100.0,-0.3071339853207
87.10420841683366,43.810810810810814,,100.0,1.0,100.0,-0.3080726710803407
87.30260521042084,43.810810810810814,,100.0,1.0,100.0,-0.3090187436628649
87.50100200400803,43.810810810810814,,100.0,1.0,100.0,-0.3099722757739069
87.6993987975952,43.810810810810814,,100.0,1.0,100.0,-0.310933341323963
87.89779559118237,43.810810810810814,,100.0,1.0,100.0,-0.311902015455009
88.09619238476955,43.810810810810814,,100.0,1.0,100.0,-0.312878374567215
88.29458917835672,43.810810810810814,,100.0,1.0,100.0,-0.3138624963458395
88.4929859719439,43.810810810810814,,100.0,1.0,100.0,-0.3148544597884493
88.69138276553106,43.810810810810814,,100.0,1.0,100.0,-0.3158543452324164
88.88977955911824,43.810810810810814,,100.0,1.0,100.0,-0.3168622343824541
89.0881763527054,43.810810810810814,,100.0,1.0,100.0,-0.3178782103385902
89.28657314629258,43.810810810810814,,100.0,1.0,100.0,-0.3189023576243043
89.48496993987975,43.810810810810814,,100.0,1.0,100.0,-0.3199347622148086
89.68336673346693,43.810810810810814,,100.0,1.0,100.0,-0.320975511565772
89.88176352705409,43.810810810810814,,100.0,1.0,100.0,-0.3220246946420776
90.08016032064127,43.810810810810814,,100.0,1.0,100.0,-0.3230824019469303
90.27855711422846,43.810810810810814,,100.0,1.0,100.0,-0.3241487255512473
90.47695390781564,43.810810810810814,,100.0,1.0,100.0,-0.3252237591231494
90.6753507014028,43.810810810810814,,100.0,1.0,100.0,-0.3263075979578637
90.87374749498998,43.810810810810814,,100.0,1.0,100.0,-0.3274003390077541
91.07214428857715,43.810810810810814,,100.0,1.0,100.0,-0.3285020809127287
91.27054108216433,43.810810810810814,,100.0,1.0,100.0,-0.3296129240307218
91.46893787575152,43.810810810810814,,100.0,1.0,100.0,-0.3307329704686367
91.66733466933867,43.810810810810814,,100.0,1.0,100.0,-0.3318623241134125
91.86573146292585,43.810810810810814,,100.0,1.0,100.0,-0.3330010906633439
92.06412825651303,43.810810810810814,,100.0,1.0,100.0,-0.3341493776598316
92.26252505010021,43.810810810810814,,100.0,1.0,100.0,-0.3353072945191722
92.46092184368737,43.810810810810814,,100.0,1.0,100.0,-0.3364749525648025
92.65931863727455,43.810810810810814,,100.0,1.0,100.0,-0.3376524650597023
92.85771543086172,43.810810810810814,,100.0,1.0,100.0,-0.3388399472391579
93.05611222444891,43.810810810810814,,100.0,1.0,100.0,-0.3400375163437297
93.25450901803607,43.810810810810814,,100.0,1.0,100.0,-0.3412452916525451
93.45290581162325,43.810810810810814,,100.0,1.0,100.0,-0.3424633945168989
93.65130260521043,43.810810810810814,,100.0,1.0,100.0,-0.34369194839408
93.84969939879761,43.810810810810814,,100.0,1.0,100.0,-0.3449310788815608
94.04809619238478,43.810810810810814,,100.0,1.0,100.0,-0.3461809137513997
94.24649298597195,43.810810810810814,,100.0,1.0,100.0,-0.3474415829850354
94.44488977955912,43.810810810810814,,100.0,1.0,100.0,-0.3487132188083542
94.6432865731463,43.810810810810814,,100.0,1.0,100.0,-0.3499959557269728
94.84168336673346,43.810810810810814,,100.0,1.0,100.0,-0.3512899305620335
95.04008016032064,43.810810810810814,,100.0,1.0,100.0,-0.352595282486065
95.2384769539078,43.810810810810814,,100.0,1.0,100.0,-0.3539121530593839
95.43687374749499,43.810810810810814,,100.0,1.0,100.0,-0.3552406862667145
95.63527054108215,43.810810810810814,,100.0,1.0,100.0,-0.3565810285540994
95.83366733466936,43.810810810810814,,100.0,1.0,100.0,-0.3579333288662063
96.03206412825652,43.810810810810814,,100.0,1.0,100.0,-0.3592977386840269
96.2304609218437,43.810810810810814,,100.0,1.0,100.0,-0.3606744120627493
96.42885771543087,43.810810810810814,,100.0,1.0,100.0,-0.3620635056700939
96.62725450901804,43.810810810810814,,100.0,1.0,100.0,-0.3634651788250513
96.82565130260521,43.810810810810814,,100.0,1.0,100.0,-0.364879593536791
97.02404809619239,43.810810810810814,,100.0,1.0,100.0,-0.3663069145441161
97.22244488977958,43.810810810810814,,100.0,1.0,100.0,-0.3677473093551862
97.42084168336673,43.810810810810814,,100.0,1.0,100.0,-0.3692009482876262
97.6192384769539,43.810810810810814,,100.0,1.0,100.0,-0.370668004508969
97.81763527054107,43.810810810810814,,100.0,1.0,100.0,-0.3721486540776088
98.01603206412825,43.810810810810814,,100.0,1.0,100.0,-0.3736430759839694
98.21442885771542,43.810810810810814,,100.0,1.0,100.0,-0.3751514521922237
98.4128256513026,43.810810810810814,,100.0,1.0,100.0,-0.3766739676822228
98.61122244488979,43.810810810810814,,100.0,1.0,100.0,-0.3782108104920177
98.80961923847698,43.810810810810814,,100.0,1.0,100.0,-0.3797621717606972
99.00801603206413,43.810810810810814,,100.0,1.0,100.0,-0.3813282457715927
99.2064128256513,43.810810810810814,,100.0,1.0,100.0,-0.3829092299960263
99.40480961923848,43.810810810810814,,100.0,1.0,100.0,-0.3845053251373248
99.60320641282564,43.810810810810814,,100.0,1.0,100.0,-0.3861167351754171
99.80160320641282,43.810810810810814,,100.0,1.0,100.0,-0.3877436674117612
100.0,43.810810810810814,,100.0,1.0,100.0,-0.3893863325147891
1.0,46.486486486486484,,100.0,1.0,100.0,-0.366461261868574
1.1983967935871744,46.486486486486484,,100.0,1.0,100.0,-0.3634619756599416
1.3967935871743486,46.486486486486484,,100.0,1.0,100.0,-0.3604891480480899
1.595190380761523,46.486486486486484,,100.0,1.0,100.0,-0.3575427932801981
1.7935871743486973,46.486486486486484,,100.0,1.0,100.0,-0.3546229255160966
1.9919839679358717,46.486486486486484,,100.0,1.0,100.0,-0.3517295587365546
2.190380761523046,46.486486486486484,,100.0,1.0,100.0,-0.3488627066536824
2.38877755511022,46.486486486486484,,100.0,1.0,100.0,-0.3460223826232311
2.5871743486973946,46.486486486486484,,100.0,1.0,100.0,-0.3432085995589726
2.785571142284569,46.486486486486484,,100.0,1.0,100.0,-0.3404213698489486
2.9839679358717435,46.486486486486484,,100.0,1.0,100.0,-0.3376607052737053
3.182364729458918,46.486486486486484,,100.0,1.0,100.0,-0.3349266169264103
3.380761523046093,46.486486486486484,,100.0,1.0,100.0,-0.3322191151348806
3.579158316633267,46.486486486486484,,100.0,1.0,100.0,-0.3295382093854562
3.7775551102204403,46.486486486486484,,100.0,1.0,100.0,-0.3268839082487046
3.9759519038076157,46.486486486486484,,100.0,1.0,100.0,-0.3242562193070011
4.174348697394789,46.486486486486484,,100.0,1.0,100.0,-0.3216551490838586
4.372745490981964,46.486486486486484,,100.0,1.0,100.0,-0.3190807029750818
4.571142284569138,46.486486486486484,,100.0,1.0,100.0,-0.31653288518166
4.7695390781563125,46.486486486486484,,100.0,1.0,100.0,-0.3140116986444507
4.967935871743487,46.486486486486484,,100.0,1.0,100.0,-0.311517144980538
5.166332665330662,46.486486486486484,,100.0,1.0,100.0,-0.3090492244213734
5.364729458917837,46.486486486486484,,100.0,1.0,100.0,-0.3066079357525599
5.563126252505009,46.486486486486484,,100.0,1.0,100.0,-0.304193276255378
5.761523046092185,46.486486486486484,,100.0,1.0,100.0,-0.3018052416499061
5.959919839679359,46.486486486486484,,100.0,1.0,100.0,-0.299443826039897
6.158316633266534,46.486486486486484,,100.0,1.0,100.0,-0.2971090218591922
6.356713426853707,46.486486486486484,,100.0,1.0,100.0,-0.2948008198198729
6.555110220440882,46.486486486486484,,100.0,1.0,100.0,-0.2925192088619121
6.753507014028057,46.486486486486484,,100.0,1.0,100.0,-0.2902641761045589
6.951903807615231,46.486486486486484,,100.0,1.0,100.0,-0.2880357067991874
7.150300601202405,46.486486486486484,,100.0,1.0,100.0,-0.2858337842838309
7.348697394789579,46.486486486486484,,100.0,1.0,100.0,-0.2836583899392401
7.547094188376754,46.486486486486484,,100.0,1.0,100.0,-0.2815095031465059
7.745490981963927,46.486486486486484,,100.0,1.0,100.0,-0.2793871012462374
7.9438877755511,46.486486486486484,,100.0,1.0,100.0,-0.2772911594992844
8.142284569138276,46.486486486486484,,100.0,1.0,100.0,-0.2752216510489834
8.340681362725451,46.486486486486484,,100.0,1.0,100.0,-0.2731785468849478
8.539078156312625,46.486486486486484,,100.0,1.0,100.0,-0.271161815808347
8.737474949899799,46.486486486486484,,100.0,1.0,100.0,-0.269171424398725
8.935871743486974,46.486486486486484,,100.0,1.0,100.0,-0.2672073369822857
9.13426853707415,46.486486486486484,,100.0,1.0,100.0,-0.2652695156016807
9.332665330661325,46.486486486486484,,100.0,1.0,100.0,-0.2633579199873043
9.531062124248498,46.486486486486484,,100.0,1.0,100.0,-0.2614725075300369
9.729458917835672,46.486486486486484,,100.0,1.0,100.0,-0.2596132332554692
9.927855711422845,46.486486486486484,,100.0,1.0,100.0,-0.2577800497996159
10.126252505010019,46.486486486486484,,100.0,1.0,100.0,-0.2559729073860213
10.324649298597194,46.486486486486484,,100.0,1.0,100.0,-0.2541917538044167
10.52304609218437,46.486486486486484,,100.0,1.0,100.0,-0.2524365343907115
10.721442885771543,46.486486486486484,,100.0,1.0,100.0,-0.2507071920085215
10.919839679358718,46.486486486486484,,100.0,1.0,100.0,-0.249003667032072
11.118236472945892,46.486486486486484,,100.0,1.0,100.0,-0.247325897330533
11.316633266533067,46.486486486486484,,100.0,1.0,100.0,-0.2456738182537999
11.515030060120242,46.486486486486484,,100.0,1.0,100.0,-0.2440473626196771
11.713426853707414,46.486486486486484,,100.0,1.0,100.0,-0.2424464607024705
11.91182364729459,46.486486486486484,,100.0,1.0,100.0,-0.2408710402229615
12.110220440881761,46.486486486486484,,100.0,1.0,100.0,-0.2393210263398227
12.308617234468937,46.486486486486484,,100.0,1.0,100.0,-0.2377963416423823
12.507014028056114,46.486486486486484,,100.0,1.0,100.0,-0.2362969061447854
12.705410821643287,46.486486486486484,,100.0,1.0,100.0,-0.2348226372815577
12.903807615230463,46.486486486486484,,100.0,1.0,100.0,-0.2333734499044713
13.102204408817634,46.486486486486484,,100.0,1.0,100.0,-0.2319492562808634
13.30060120240481,46.486486486486484,,100.0,1.0,100.0,-0.2305499660932191
13.498997995991983,46.486486486486484,,100.0,1.0,100.0,-0.2291754864401804
13.697394789579159,46.486486486486484,,100.0,1.0,100.0,-0.2278257218388322
13.895791583166334,46.486486486486484,,100.0,1.0,100.0,-0.2265005742283517
14.094188376753507,46.486486486486484,,100.0,1.0,100.0,-0.2251999429749744
14.292585170340683,46.486486486486484,,100.0,1.0,100.0,-0.2239237248782688
14.490981963927855,46.486486486486484,,100.0,1.0,100.0,-0.2226718141787133
14.689378757515032,46.486486486486484,,100.0,1.0,100.0,-0.2214441025665645
14.887775551102203,46.486486486486484,,100.0,1.0,100.0,-0.220240479192021
15.086172344689379,46.486486486486484,,100.0,1.0,100.0,-0.2190608306766346
15.284569138276554,46.486486486486484,,100.0,1.0,100.0,-0.2179050411260069
15.482965931863726,46.486486486486484,,100.0,1.0,100.0,-0.2167729921437082
15.681362725450903,46.486486486486484,,100.0,1.0,100.0,-0.2156645628464809
15.879759519038075,46.486486486486484,,100.0,1.0,100.0,-0.2145796298805855
16.07815631262525,46.486486486486484,,100.0,1.0,100.0,-0.2135180674394386
16.276553106212425,46.486486486486484,,100.0,1.0,100.0,-0.2124797472823988
16.474949899799597,46.486486486486484,,100.0,1.0,100.0,-0.2114645387547473
16.673346693386772,46.486486486486484,,100.0,1.0,100.0,-0.2104723088088233
16.871743486973948,46.486486486486484,,100.0,1.0,100.0,-0.2095029220263418
17.070140280561123,46.486486486486484,,100.0,1.0,100.0,-0.2085562406418058
17.2685370741483,46.486486486486484,,100.0,1.0,100.0,-0.2076321245670651
17.466933867735474,46.486486486486484,,100.0,1.0,100.0,-0.2067304314169505
17.66533066132265,46.486486486486484,,100.0,1.0,100.0,-0.2058510165360424
17.86372745490982,46.486486486486484,,100.0,1.0,100.0,-0.2049937330263866
18.062124248496996,46.486486486486484,,100.0,1.0,100.0,-0.2041584317764207
18.260521042084168,46.486486486486484,,100.0,1.0,100.0,-0.203344961490803
18.458917835671343,46.486486486486484,,100.0,1.0,100.0,-0.202553168721246
18.657314629258515,46.486486486486484,,100.0,1.0,100.0,-0.2017828978984289
18.85571142284569,46.486486486486484,,100.0,1.0,100.0,-0.2010339913647693
19.054108216432866,46.486486486486484,,100.0,1.0,100.0,-0.2003062894081961
19.252505010020037,46.486486486486484,,100.0,1.0,100.0,-0.1995996302968158
19.450901803607216,46.486486486486484,,100.0,1.0,100.0,-0.1989138503144889
19.649298597194388,46.486486486486484,,100.0,1.0,100.0,-0.1982487837972734
19.847695390781563,46.486486486486484,,100.0,1.0,100.0,-0.1976042631706984
20.04609218436874,46.486486486486484,,100.0,1.0,100.0,-0.1969801189878955
20.244488977955914,46.486486486486484,,100.0,1.0,100.0,-0.1963761799684933
20.442885771543086,46.486486486486484,,100.0,1.0,100.0,-0.1957922730383423
20.64128256513026,46.486486486486484,,100.0,1.0,100.0,-0.1952282233698937
20.839679358717436,46.486486486486484,,100.0,1.0,100.0,-0.1946838544234106
21.03807615230461,46.486486486486484,,100.0,1.0,100.0,-0.1941589879887958
21.236472945891784,46.486486486486484,,100.0,1.0,100.0,-0.1936534442281482
21.43486973947896,46.486486486486484,,100.0,1.0,100.0,-0.1931670417188895
21.633266533066134,46.486486486486484,,100.0,1.0,100.0,-0.1926995974975835
21.831663326653306,46.486486486486484,,100.0,1.0,100.0,-0.1922509271043303
22.030060120240485,46.486486486486484,,100.0,1.0,100.0,-0.1918208446276713
22.228456913827657,46.486486486486484,,100.0,1.0,100.0,-0.1914091627501062
22.42685370741483,46.486486486486484,,100.0,1.0,100.0,-0.1910156927940469
22.625250501002007,46.486486486486484,,100.0,1.0,100.0,-0.1906402447683193
22.82364729458918,46.486486486486484,,100.0,1.0,100.0,-0.1902826274150661
23.02204408817635,46.486486486486484,,100.0,1.0,100.0,-0.1899426482571191
23.220440881763523,46.486486486486484,,100.0,1.0,100.0,-0.1896201136457186
23.4188376753507,46.486486486486484,,100.0,1.0,100.0,-0.1893148288086778
23.617234468937873,46.486486486486484,,100.0,1.0,100.0,-0.1890265978988238
23.815631262525052,46.486486486486484,,100.0,1.0,100.0,-0.1887552240428098
24.014028056112227,46.486486486486484,,100.0,1.0,100.0,-0.1885005093901914
24.212424849699403,46.486486486486484,,100.0,1.0,100.0,-0.1882622551627654
24.410821643286575,46.486486486486484,,100.0,1.0,100.0,-0.1880402617041919
24.609218436873746,46.486486486486484,,100.0,1.0,100.0,-0.1878343285297779
24.807615230460925,46.486486486486484,,100.0,1.0,100.0,-0.1876442543764802
25.006012024048097,46.486486486486484,,100.0,1.0,100.0,-0.187469837253095
25.20440881763527,46.486486486486484,,100.0,1.0,100.0,-0.1873108744905346
25.402805611222448,46.486486486486484,,100.0,1.0,100.0,-0.1871671627922781
25.60120240480962,46.486486486486484,,100.0,1.0,100.0,-0.1870384982848837
25.79959919839679,46.486486486486484,,100.0,1.0,100.0,-0.1869246765685939
25.997995991983966,46.486486486486484,,100.0,1.0,100.0,-0.186825492767969
26.196392785571145,46.486486486486484,,100.0,1.0,100.0,-0.1867407415825884
26.394789579158317,46.486486486486484,,100.0,1.0,100.0,-0.1866702173377094
26.59318637274549,46.486486486486484,,100.0,1.0,100.0,-0.1866137140349483
26.791583166332664,46.486486486486484,,100.0,1.0,100.0,-0.1865710254029632
26.98997995991984,46.486486486486484,,100.0,1.0,100.0,-0.1865419449479841
27.188376753507008,46.486486486486484,,100.0,1.0,100.0,-0.1865262660044113
27.386773547094187,46.486486486486484,,100.0,1.0,100.0,-0.1865237817851961
27.585170340681366,46.486486486486484,,100.0,1.0,100.0,-0.186534285432245
27.783567134268534,46.486486486486484,,100.0,1.0,100.0,-0.1865575700665966
27.98196392785571,46.486486486486484,,100.0,1.0,100.0,-0.186593428838563
28.180360721442888,46.486486486486484,,100.0,1.0,100.0,-0.1866416549776332
28.378757515030063,46.486486486486484,,100.0,1.0,100.0,-0.1867020418422925
28.577154308617235,46.486486486486484,,100.0,1.0,100.0,-0.1867743829696443
28.7755511022044,46.486486486486484,,100.0,1.0,100.0,-0.1868584721248192
28.97394789579158,46.486486486486484,,100.0,1.0,100.0,-0.1869541033502316
29.172344689378757,46.486486486486484,,100.0,1.0,100.0,-0.1870610710145898
29.370741482965926,46.486486486486484,,100.0,1.0,100.0,-0.1871791698617122
29.5691382765531,46.486486486486484,,100.0,1.0,100.0,-0.1873081950591221
29.76753507014028,46.486486486486484,,100.0,1.0,100.0,-0.1874479422463829
29.965931863727448,46.486486486486484,,100.0,1.0,100.0,-0.1875982075831905
30.164328657314627,46.486486486486484,,100.0,1.0,100.0,-0.1877587877972395
30.36272545090181,46.486486486486484,,100.0,1.0,100.0,-0.1879294802318016
30.56112224448897,46.486486486486484,,100.0,1.0,100.0,-0.1881100828930386
30.759519038076157,46.486486486486484,,100.0,1.0,100.0,-0.1883003944970745
30.957915831663332,46.486486486486484,,100.0,1.0,100.0,-0.1885002145167428
31.1563126252505,46.486486486486484,,100.0,1.0,100.0,-0.1887093432280637
31.35470941883768,46.486486486486484,,100.0,1.0,100.0,-0.1889275817564446
31.553106212424858,46.486486486486484,,100.0,1.0,100.0,-0.1891547321225895
31.751503006012022,46.486486486486484,,100.0,1.0,100.0,-0.1893905972880509
31.949899799599194,46.486486486486484,,100.0,1.0,100.0,-0.1896349812005481
32.14829659318637,46.486486486486484,,100.0,1.0,100.0,-0.1898876888389329
32.346693386773545,46.486486486486484,,100.0,1.0,100.0,-0.1901485262578471
32.545090180360724,46.486486486486484,,100.0,1.0,100.0,-0.1904173006320514
32.743486973947896,46.486486486486484,,100.0,1.0,100.0,-0.1906938203004494
32.941883767535074,46.486486486486484,,100.0,1.0,100.0,-0.190977894809755
33.140280561122246,46.486486486486484,,100.0,1.0,100.0,-0.1912693349578382
33.33867735470942,46.486486486486484,,100.0,1.0,100.0,-0.1915679528367352
33.5370741482966,46.486486486486484,,100.0,1.0,100.0,-0.1918735618752874
33.73547094188377,46.486486486486484,,100.0,1.0,100.0,-0.1921859768814438
33.93386773547095,46.486486486486484,,100.0,1.0,100.0,-0.1925050140842104
34.13226452905812,46.486486486486484,,100.0,1.0,100.0,-0.1928304911752049
34.3306613226453,46.486486486486484,,100.0,1.0,100.0,-0.1931622273498536
34.52905811623247,46.486486486486484,,100.0,1.0,100.0,-0.1935000433482155
34.72745490981965,46.486486486486484,,100.0,1.0,100.0,-0.1938437614953714
34.92585170340681,46.486486486486484,,100.0,1.0,100.0,-0.1941932057414805
35.12424849699399,46.486486486486484,,100.0,1.0,100.0,-0.194548201701357
35.32264529058117,46.486486486486484,,100.0,1.0,100.0,-0.1949085766936482
35.521042084168336,46.486486486486484,,100.0,1.0,100.0,-0.1952741597795926
35.719438877755515,46.486486486486484,,100.0,1.0,100.0,-0.1956447818013174
35.91783567134269,46.486486486486484,,100.0,1.0,100.0,-0.1960202754196761
36.11623246492986,46.486486486486484,,100.0,1.0,100.0,-0.1964004751516034
36.31462925851703,46.486486486486484,,100.0,1.0,100.0,-0.1967852174070017
36.51302605210421,46.486486486486484,,100.0,1.0,100.0,-0.1971743405250892
36.71142284569138,46.486486486486484,,100.0,1.0,100.0,-0.1975676848102618
36.90981963927855,46.486486486486484,,100.0,1.0,100.0,-0.1979650925674038
37.10821643286573,46.486486486486484,,100.0,1.0,100.0,-0.1983664081365929
37.3066132264529,46.486486486486484,,100.0,1.0,100.0,-0.1987714779273099
37.505010020040075,46.486486486486484,,100.0,1.0,100.0,-0.1991801504519975
37.703406813627254,46.486486486486484,,100.0,1.0,100.0,-0.199592276358962
37.90180360721443,46.486486486486484,,100.0,1.0,100.0,-0.2000077084647408
38.100200400801604,46.486486486486484,,100.0,1.0,100.0,-0.2004263017856979
38.298597194388776,46.486486486486484,,100.0,1.0,100.0,-0.2008479135689657
38.496993987975955,46.486486486486484,,100.0,1.0,100.0,-0.2012724033227249
38.69539078156313,46.486486486486484,,100.0,1.0,100.0,-0.201699632845629
38.8937875751503,46.486486486486484,,100.0,1.0,100.0,-0.2021294662555874
39.09218436873748,46.486486486486484,,100.0,1.0,100.0,-0.2025617700176734
39.29058116232465,46.486486486486484,,100.0,1.0,100.0,-0.2029964129712423
39.48897795591183,46.486486486486484,,100.0,1.0,100.0,-0.2034332663562102
39.687374749499,46.486486486486484,,100.0,1.0,100.0,-0.2038722038384153
39.88577154308617,46.486486486486484,,100.0,1.0,100.0,-0.2043131015341658
40.08416833667335,46.486486486486484,,100.0,1.0,100.0,-0.2047558380337323
40.28256513026052,46.486486486486484,,100.0,1.0,100.0,-0.2052002944239708
40.4809619238477,46.486486486486484,,100.0,1.0,100.0,-0.2056463543099503
40.67935871743487,46.486486486486484,,100.0,1.0,100.0,-0.2060939038355107
40.877755511022045,46.486486486486484,,100.0,1.0,100.0,-0.2065428317027866
41.07615230460922,46.486486486486484,,100.0,1.0,100.0,-0.2069930291907064
41.274549098196395,46.486486486486484,,100.0,1.0,100.0,-0.2074443901723436
41.47294589178357,46.486486486486484,,100.0,1.0,100.0,-0.2078968111310948
41.671342685370746,46.486486486486484,,100.0,1.0,100.0,-0.2083501911757822
41.86973947895792,46.486486486486484,,100.0,1.0,100.0,-0.2088044320545327
42.06813627254509,46.486486486486484,,100.0,1.0,100.0,-0.209259438167404
42.26653306613227,46.486486486486484,,100.0,1.0,100.0,-0.2097151165777914
42.46492985971944,46.486486486486484,,100.0,1.0,100.0,-0.2101713770226463
42.66332665330661,46.486486486486484,,100.0,1.0,100.0,-0.2106281319212656
42.861723446893784,46.486486486486484,,100.0,1.0,100.0,-0.2110852963828777
43.06012024048097,46.486486486486484,,100.0,1.0,100.0,-0.2115427882128721
43.25851703406814,46.486486486486484,,100.0,1.0,100.0,-0.2120005279176364
43.45691382765531,46.486486486486484,,100.0,1.0,100.0,-0.2124584387080693
43.655310621242485,46.486486486486484,,100.0,1.0,100.0,-0.2129164465016721
43.85370741482966,46.486486486486484,,100.0,1.0,100.0,-0.2133744799232685
44.05210420841683,46.486486486486484,,100.0,1.0,100.0,-0.2138324703042734
44.250501002004015,46.486486486486484,,100.0,1.0,100.0,-0.2142903516805174
44.448897795591186,46.486486486486484,,100.0,1.0,100.0,-0.2147480607887218
44.64729458917836,46.486486486486484,,100.0,1.0,100.0,-0.215205537061383
44.84569138276553,46.486486486486484,,100.0,1.0,100.0,-0.2156627226203369
45.0440881763527,46.486486486486484,,100.0,1.0,100.0,-0.2161195622687712
45.24248496993987,46.486486486486484,,100.0,1.0,100.0,-0.2165760034818027
45.440881763527045,46.486486486486484,,100.0,1.0,100.0,-0.2170319963956193
45.63927855711423,46.486486486486484,,100.0,1.0,100.0,-0.2174874937951101
45.8376753507014,46.486486486486484,,100.0,1.0,100.0,-0.2179424511001086
46.036072144288575,46.486486486486484,,100.0,1.0,100.0,-0.2183968263500892
46.23446893787575,46.486486486486484,,100.0,1.0,100.0,-0.2188505801875206
46.43286573146293,46.486486486486484,,100.0,1.0,100.0,-0.2193036758397759
46.631262525050104,46.486486486486484,,100.0,1.0,100.0,-0.2197560790995335
46.829659318637276,46.486486486486484,,100.0,1.0,100.0,-0.2202077583038907
47.028056112224455,46.486486486486484,,100.0,1.0,100.0,-0.2206586843120864
47.22645290581163,46.486486486486484,,100.0,1.0,100.0,-0.2211088304817823
47.424849699398806,46.486486486486484,,100.0,1.0,100.0,-0.2215581726440886
47.62324649298598,46.486486486486484,,100.0,1.0,100.0,-0.2220066890772641
47.82164328657315,46.486486486486484,,100.0,1.0,100.0,-0.2224543604791178
48.02004008016032,46.486486486486484,,100.0,1.0,100.0,-0.2229011699381506
48.21843687374749,46.486486486486484,,100.0,1.0,100.0,-0.2233471029035365
48.41683366733468,46.486486486486484,,100.0,1.0,100.0,-0.2237921471538386
48.615230460921836,46.486486486486484,,100.0,1.0,100.0,-0.2242362927646367
48.81362725450902,46.486486486486484,,100.0,1.0,100.0,-0.2246795320750229
49.012024048096194,46.486486486486484,,100.0,1.0,100.0,-0.225121859653035
49.21042084168337,46.486486486486484,,100.0,1.0,100.0,-0.2255632722600696
49.40881763527054,46.486486486486484,,100.0,1.0,100.0,-0.226003768814277
49.60721442885771,46.486486486486484,,100.0,1.0,100.0,-0.2264433503530841
49.805611222444895,46.486486486486484,,100.0,1.0,100.0,-0.2268820199947691
50.00400801603207,46.486486486486484,,100.0,1.0,100.0,-0.2273197828992236
50.20240480961924,46.486486486486484,,100.0,1.0,100.0,-0.2277566462279217
50.40080160320641,46.486486486486484,,100.0,1.0,100.0,-0.2281926191031641
50.59919839679358,46.486486486486484,,100.0,1.0,100.0,-0.2286277125665825
50.79759519038077,46.486486486486484,,100.0,1.0,100.0,-0.2290619395370885
50.99599198396793,46.486486486486484,,100.0,1.0,100.0,-0.2294953147681846
51.19438877755511,46.486486486486484,,100.0,1.0,100.0,-0.2299278548047529
51.39278557114229,46.486486486486484,,100.0,1.0,100.0,-0.2303595779394419
51.59118236472946,46.486486486486484,,100.0,1.0,100.0,-0.2307905041685198
51.789579158316634,46.486486486486484,,100.0,1.0,100.0,-0.231220655147493
51.987975951903806,46.486486486486484,,100.0,1.0,100.0,-0.2316500541463595
52.18637274549098,46.486486486486484,,100.0,1.0,100.0,-0.2320787260046082
52.38476953907816,46.486486486486484,,100.0,1.0,100.0,-0.2325066970860477
52.583166332665336,46.486486486486484,,100.0,1.0,100.0,-0.2329339952335549
52.78156312625251,46.486486486486484,,100.0,1.0,100.0,-0.2333606497236153
52.97995991983967,46.486486486486484,,100.0,1.0,100.0,-0.2337866912209837
53.17835671342685,46.486486486486484,,100.0,1.0,100.0,-0.2342121517332831
53.37675350701403,46.486486486486484,,100.0,1.0,100.0,-0.2346370645657201
53.57515030060121,46.486486486486484,,100.0,1.0,100.0,-0.2350614642759386
53.77354709418837,46.486486486486484,,100.0,1.0,100.0,-0.235485386629064
53.97194388777555,46.486486486486484,,100.0,1.0,100.0,-0.2359088685529738
54.17034068136273,46.486486486486484,,100.0,1.0,100.0,-0.2363319480938737
54.368737474949896,46.486486486486484,,100.0,1.0,100.0,-0.2367546643722142
54.567134268537075,46.486486486486484,,100.0,1.0,100.0,-0.2371770575389391
54.765531062124246,46.486486486486484,,100.0,1.0,100.0,-0.2375991687322568
54.96392785571142,46.486486486486484,,100.0,1.0,100.0,-0.2380210400347819
55.1623246492986,46.486486486486484,,100.0,1.0,100.0,-0.2384427144312584
55.360721442885776,46.486486486486484,,100.0,1.0,100.0,-0.2388642357668268
55.55911823647295,46.486486486486484,,100.0,1.0,100.0,-0.2392856487058408
55.75751503006013,46.486486486486484,,100.0,1.0,100.0,-0.2397069986913645
55.95591182364729,46.486486486486484,,100.0,1.0,100.0,-0.2401283319052701
56.15430861723447,46.486486486486484,,100.0,1.0,100.0,-0.2405496952291209
56.35270541082165,46.486486486486484,,100.0,1.0,100.0,-0.2409711362056714
56.551102204408814,46.486486486486484,,100.0,1.0,100.0,-0.2413927030011955
56.74949899799599,46.486486486486484,,100.0,1.0,100.0,-0.2418144443685547
56.94789579158316,46.486486486486484,,100.0,1.0,100.0,-0.2422364096110716
57.146292585170336,46.486486486486484,,100.0,1.0,100.0,-0.242658648547266
57.3446893787575,46.486486486486484,,100.0,1.0,100.0,-0.2430812114763672
57.543086172344694,46.486486486486484,,100.0,1.0,100.0,-0.2435041491447221
57.74148296593185,46.486486486486484,,100.0,1.0,100.0,-0.2439275127131212
57.93987975951904,46.486486486486484,,100.0,1.0,100.0,-0.2443513537249108
58.13827655310623,46.486486486486484,,100.0,1.0,100.0,-0.2447757240750884
58.336673346693395,46.486486486486484,,100.0,1.0,100.0,-0.2452006759803265
58.535070140280574,46.486486486486484,,100.0,1.0,100.0,-0.245626261949803
58.73346693386774,46.486486486486484,,100.0,1.0,100.0,-0.2460525347570701
58.9318637274549,46.486486486486484,,100.0,1.0,100.0,-0.2464795474127892
59.13026052104208,46.486486486486484,,100.0,1.0,100.0,-0.2469073531384054
59.32865731462926,46.486486486486484,,100.0,1.0,100.0,-0.2473360053407565
59.52705410821644,46.486486486486484,,100.0,1.0,100.0,-0.2477655575875982
59.72545090180361,46.486486486486484,,100.0,1.0,100.0,-0.2481960635840603
59.92384769539078,46.486486486486484,,100.0,1.0,100.0,-0.2486275771500182
60.12224448897794,46.486486486486484,,100.0,1.0,100.0,-0.2490601521983698
60.32064128256512,46.486486486486484,,100.0,1.0,100.0,-0.2494938427142096
60.51903807615231,46.486486486486484,,100.0,1.0,100.0,-0.2499287027349405
60.717434869739485,46.486486486486484,,100.0,1.0,100.0,-0.2503647863311786
60.915831663326664,46.486486486486484,,100.0,1.0,100.0,-0.2508021475886429
61.114228456913835,46.486486486486484,,100.0,1.0,100.0,-0.2512408405908152
61.312625250501,46.486486486486484,,100.0,1.0,100.0,-0.2516809194024706
61.51102204408818,46.486486486486484,,100.0,1.0,100.0,-0.2521224380540463
61.709418837675344,46.486486486486484,,100.0,1.0,100.0,-0.2525654505268546
61.90781563126252,46.486486486486484,,100.0,1.0,100.0,-0.2530100107390024
62.1062124248497,46.486486486486484,,100.0,1.0,100.0,-0.2534561725321741
62.30460921843688,46.486486486486484,,100.0,1.0,100.0,-0.2539039896591887
62.50300601202406,46.486486486486484,,100.0,1.0,100.0,-0.254353515772214
62.701402805611224,46.486486486486484,,100.0,1.0,100.0,-0.2548048044117634
62.89979959919839,46.486486486486484,,100.0,1.0,100.0,-0.2552579089964594
63.09819639278557,46.486486486486484,,100.0,1.0,100.0,-0.255712882813326
63.296593186372746,46.486486486486484,,100.0,1.0,100.0,-0.2561697790089432
63.494989979959925,46.486486486486484,,100.0,1.0,100.0,-0.2566286505810937
63.69338677354709,46.486486486486484,,100.0,1.0,100.0,-0.2570895503711298
63.89178356713427,46.486486486486484,,100.0,1.0,100.0,-0.257552531056923
64.09018036072143,46.486486486486484,,100.0,1.0,100.0,-0.2580176451464048
64.28857715430863,46.486486486486484,,100.0,1.0,100.0,-0.2584849449716875
64.48697394789579,46.486486486486484,,100.0,1.0,100.0,-0.2589544826837439
64.68537074148296,46.486486486486484,,100.0,1.0,100.0,-0.2594263102476
64.88376753507015,46.486486486486484,,100.0,1.0,100.0,-0.2599004794380823
65.08216432865731,46.486486486486484,,100.0,1.0,100.0,-0.2603770418360359
65.28056112224449,46.486486486486484,,100.0,1.0,100.0,-0.2608560488250212
65.47895791583166,46.486486486486484,,100.0,1.0,100.0,-0.2613375515885008
65.67735470941884,46.486486486486484,,100.0,1.0,100.0,-0.2618216011074779
65.87575150300601,46.486486486486484,,100.0,1.0,100.0,-0.26230824815852
66.0741482965932,46.486486486486484,,100.0,1.0,100.0,-0.2627975433122848
66.27254509018036,46.486486486486484,,100.0,1.0,100.0,-0.2632895369323459
66.47094188376754,46.486486486486484,,100.0,1.0,100.0,-0.2637842791744795
66.66933867735472,46.486486486486484,,100.0,1.0,100.0,-0.2642818199863611
66.8677354709419,46.486486486486484,,100.0,1.0,100.0,-0.2647822091074836
67.06613226452906,46.486486486486484,,100.0,1.0,100.0,-0.2652854960695846
67.26452905811624,46.486486486486484,,100.0,1.0,100.0,-0.2657917301973111
67.4629258517034,46.486486486486484,,100.0,1.0,100.0,-0.2663009606092739
67.6613226452906,46.486486486486484,,100.0,1.0,100.0,-0.2668132362193576
67.85971943887776,46.486486486486484,,100.0,1.0,100.0,-0.2673286057384162
68.05811623246494,46.486486486486484,,100.0,1.0,100.0,-0.2678471176761863
68.2565130260521,46.486486486486484,,100.0,1.0,100.0,-0.2683688203435671
68.45490981963928,46.486486486486484,,100.0,1.0,100.0,-0.2688937618551342
68.65330661322645,46.486486486486484,,100.0,1.0,100.0,-0.2694219901319339
68.85170340681363,46.486486486486484,,100.0,1.0,100.0,-0.2699535529046103
69.05010020040079,46.486486486486484,,100.0,1.0,100.0,-0.2704884977166784
69.24849699398798,46.486486486486484,,100.0,1.0,100.0,-0.27102687192822
69.44689378757515,46.486486486486484,,100.0,1.0,100.0,-0.2715687227196302
69.64529058116234,46.486486486486484,,100.0,1.0,100.0,-0.2721140970958442
69.84368737474949,46.486486486486484,,100.0,1.0,100.0,-0.2726630418906226
70.04208416833667,46.486486486486484,,100.0,1.0,100.0,-0.2732156037711715
70.24048096192385,46.486486486486484,,100.0,1.0,100.0,-0.2737718292430199
70.43887775551103,46.486486486486484,,100.0,1.0,100.0,-0.2743317646550569
70.6372745490982,46.486486486486484,,100.0,1.0,100.0,-0.2748954562049108
70.83567134268537,46.486486486486484,,100.0,1.0,100.0,-0.2754629499444625
71.03406813627254,46.486486486486484,,100.0,1.0,100.0,-0.2760342917857047
71.23246492985973,46.486486486486484,,100.0,1.0,100.0,-0.2766095275067181
71.4308617234469,46.486486486486484,,100.0,1.0,100.0,-0.2771887027579778
71.62925851703406,46.486486486486484,,100.0,1.0,100.0,-0.2777718630688739
71.82765531062124,46.486486486486484,,100.0,1.0,100.0,-0.2783590538543842
72.0260521042084,46.486486486486484,,100.0,1.0,100.0,-0.2789503204221482
72.2244488977956,46.486486486486484,,100.0,1.0,100.0,-0.2795457079796274
72.42284569138276,46.486486486486484,,100.0,1.0,100.0,-0.2801452616415213
72.62124248496994,46.486486486486484,,100.0,1.0,100.0,-0.2807490264375815
72.8196392785571,46.486486486486484,,100.0,1.0,100.0,-0.2813570473204108
73.01803607214428,46.486486486486484,,100.0,1.0,100.0,-0.2819693691737045
73.21643286573146,46.486486486486484,,100.0,1.0,100.0,-0.2825860368206585
73.41482965931863,46.486486486486484,,100.0,1.0,100.0,-0.2832070950326164
73.6132264529058,46.486486486486484,,100.0,1.0,100.0,-0.2838325885379785
73.81162324649299,46.486486486486484,,100.0,1.0,100.0,-0.2844625620313334
74.01002004008016,46.486486486486484,,100.0,1.0,100.0,-0.2850970601828927
74.20841683366733,46.486486486486484,,100.0,1.0,100.0,-0.2857361276481133
74.40681362725451,46.486486486486484,,100.0,1.0,100.0,-0.2863798090775974
74.60521042084169,46.486486486486484,,100.0,1.0,100.0,-0.2870281491272425
74.80360721442887,46.486486486486484,,100.0,1.0,100.0,-0.2876811924686339
75.00200400801603,46.486486486486484,,100.0,1.0,100.0,-0.2883389837997451
75.20040080160321,46.486486486486484,,100.0,1.0,100.0,-0.2890015678558073
75.39879759519039,46.486486486486484,,100.0,1.0,100.0,-0.2896689894204776
75.59719438877755,46.486486486486484,,100.0,1.0,100.0,-0.2903412933373511
75.79559118236472,46.486486486486484,,100.0,1.0,100.0,-0.2910185245215193
75.99398797595191,46.486486486486484,,100.0,1.0,100.0,-0.291700727971641
76.19238476953907,46.486486486486484,,100.0,1.0,100.0,-0.2923879487820833
76.39078156312625,46.486486486486484,,100.0,1.0,100.0,-0.2930802321554091
76.58917835671345,46.486486486486484,,100.0,1.0,100.0,-0.2937776234151367
76.7875751503006,46.486486486486484,,100.0,1.0,100.0,-0.2944801680187187
76.98597194388778,46.486486486486484,,100.0,1.0,100.0,-0.2951879115707807
77.18436873747495,46.486486486486484,,100.0,1.0,100.0,-0.2959008998366929
77.38276553106212,46.486486486486484,,100.0,1.0,100.0,-0.2966191787563382
77.5811623246493,46.486486486486484,,100.0,1.0,100.0,-0.2973427944581132
77.77955911823646,46.486486486486484,,100.0,1.0,100.0,-0.2980717932733648
77.97795591182366,46.486486486486484,,100.0,1.0,100.0,-0.2988062217508299
78.1763527054108,46.486486486486484,,100.0,1.0,100.0,-0.2995461266715564
78.374749498998,46.486486486486484,,100.0,1.0,100.0,-0.3002915550639856
78.5731462925852,46.486486486486484,,100.0,1.0,100.0,-0.3010425542193274
78.77154308617234,46.486486486486484,,100.0,1.0,100.0,-0.301799171707177
78.96993987975952,46.486486486486484,,100.0,1.0,100.0,-0.3025614553913881
79.1683366733467,46.486486486486484,,100.0,1.0,100.0,-0.3033294534462281
79.36673346693387,46.486486486486484,,100.0,1.0,100.0,-0.3041032143728261
79.56513026052104,46.486486486486484,,100.0,1.0,100.0,-0.3048827870157587
79.76352705410822,46.486486486486484,,100.0,1.0,100.0,-0.30566822058
79.9619238476954,46.486486486486484,,100.0,1.0,100.0,-0.3064595646481451
80.16032064128257,46.486486486486484,,100.0,1.0,100.0,-0.3072568691977978
80.35871743486975,46.486486486486484,,100.0,1.0,100.0,-0.308060184619232
80.55711422845691,46.486486486486484,,100.0,1.0,100.0,-0.3088695617333791
80.75551102204409,46.486486486486484,,100.0,1.0,100.0,-0.3096850518099979
80.95390781563127,46.486486486486484,,100.0,1.0,100.0,-0.310506706586108
81.15230460921843,46.486486486486484,,100.0,1.0,100.0,-0.3113345782846939
81.35070140280563,46.486486486486484,,100.0,1.0,100.0,-0.3121687196336143
81.54909819639279,46.486486486486484,,100.0,1.0,100.0,-0.3130091838848178
81.74749498997996,46.486486486486484,,100.0,1.0,100.0,-0.3138560248337676
81.94589178356713,46.486486486486484,,100.0,1.0,100.0,-0.3147092968390782
82.14428857715431,46.486486486486484,,100.0,1.0,100.0,-0.31556905484245
82.34268537074149,46.486486486486484,,100.0,1.0,100.0,-0.3164353543888998
82.54108216432866,46.486486486486484,,100.0,1.0,100.0,-0.3173082516470249
82.73947895791585,46.486486486486484,,100.0,1.0,100.0,-0.3181878034297457
82.937875751503,46.486486486486484,,100.0,1.0,100.0,-0.3190740672151172
83.13627254509018,46.486486486486484,,100.0,1.0,100.0,-0.319967101167511
83.33466933867736,46.486486486486484,,100.0,1.0,100.0,-0.3208669641588856
83.53306613226454,46.486486486486484,,100.0,1.0,100.0,-0.3217737157904324
83.7314629258517,46.486486486486484,,100.0,1.0,100.0,-0.3226874164143773
83.92985971943888,46.486486486486484,,100.0,1.0,100.0,-0.323608127156038
84.12825651302606,46.486486486486484,,100.0,1.0,100.0,-0.3245359099360787
84.32665330661322,46.486486486486484,,100.0,1.0,100.0,-0.3254708274930574
84.5250501002004,46.486486486486484,,100.0,1.0,100.0,-0.326412943406174
84.72344689378757,46.486486486486484,,100.0,1.0,100.0,-0.3273623221182647
84.92184368737476,46.486486486486484,,100.0,1.0,100.0,-0.3283190289589575
85.12024048096194,46.486486486486484,,100.0,1.0,100.0,-0.3292831301681684
85.3186372745491,46.486486486486484,,100.0,1.0,100.0,-0.3302546929197441
85.51703406813628,46.486486486486484,,100.0,1.0,100.0,-0.3312337853453786
85.71543086172345,46.486486486486484,,100.0,1.0,100.0,-0.3322204765587233
85.91382765531063,46.486486486486484,,100.0,1.0,100.0,-0.3332148366797499
86.1122244488978,46.486486486486484,,100.0,1.0,100.0,-0.3342169368593004
86.31062124248497,46.486486486486484,,100.0,1.0,100.0,-0.3352268493039997
86.50901803607215,46.486486486486484,,100.0,1.0,100.0,-0.33624464730118
86.70741482965931,46.486486486486484,,100.0,1.0,100.0,-0.3372704052442199
86.90581162324649,46.486486486486484,,100.0,1.0,100.0,-0.3383041986580604
87.10420841683366,46.486486486486484,,100.0,1.0,100.0,-0.3393461042248749
87.30260521042084,46.486486486486484,,100.0,1.0,100.0,-0.3403961998100834
87.50100200400803,46.486486486486484,,100.0,1.0,100.0,-0.3414545644885145
87.6993987975952,46.486486486486484,,100.0,1.0,100.0,-0.3425212785708503
87.89779559118237,46.486486486486484,,100.0,1.0,100.0,-0.3435964236302889
88.09619238476955,46.486486486486484,,100.0,1.0,100.0,-0.3446800825294148
88.29458917835672,46.486486486486484,,100.0,1.0,100.0,-0.3457723394473063
88.4929859719439,46.486486486486484,,100.0,1.0,100.0,-0.346873279906954
88.69138276553106,46.486486486486484,,100.0,1.0,100.0,-0.3479829908028241
88.88977955911824,46.486486486486484,,100.0,1.0,100.0,-0.3491015604286712
89.0881763527054,46.486486486486484,,100.0,1.0,100.0,-0.3502290785056574
89.28657314629258,46.486486486486484,,100.0,1.0,100.0,-0.35136563621062
89.48496993987975,46.486486486486484,,100.0,1.0,100.0,-0.3525113262046769
89.68336673346693,46.486486486486484,,100.0,1.0,100.0,-0.3536662426619821
89.88176352705409,46.486486486486484,,100.0,1.0,100.0,-0.3548304812988176
90.08016032064127,46.486486486486484,,100.0,1.0,100.0,-0.3560041394027968
90.27855711422846,46.486486486486484,,100.0,1.0,100.0,-0.3571873158625459
90.47695390781564,46.486486486486484,,100.0,1.0,100.0,-0.3583801111973735
90.6753507014028,46.486486486486484,,100.0,1.0,100.0,-0.3595826275873488
90.87374749498998,46.486486486486484,,100.0,1.0,100.0,-0.3607949689036466
91.07214428857715,46.486486486486484,,100.0,1.0,100.0,-0.3620172407390533
91.27054108216433,46.486486486486484,,100.0,1.0,100.0,-0.3632495504387901
91.46893787575152,46.486486486486484,,100.0,1.0,100.0,-0.364492007131618
91.66733466933867,46.486486486486484,,100.0,1.0,100.0,-0.3657447217611894
91.86573146292585,46.486486486486484,,100.0,1.0,100.0,-0.3670078071176053
92.06412825651303,46.486486486486484,,100.0,1.0,100.0,-0.3682813778693504
92.26252505010021,46.486486486486484,,100.0,1.0,100.0,-0.3695655505954273
92.46092184368737,46.486486486486484,,100.0,1.0,100.0,-0.3708604438177719
92.65931863727455,46.486486486486484,,100.0,1.0,100.0,-0.3721661780339863
92.85771543086172,46.486486486486484,,100.0,1.0,100.0,-0.3734828757503096
93.05611222444891,46.486486486486484,,100.0,1.0,100.0,-0.3748106615149358
93.25450901803607,46.486486486486484,,100.0,1.0,100.0,-0.3761496619514858
93.45290581162325,46.486486486486484,,100.0,1.0,100.0,-0.3775000057929296
93.65130260521043,46.486486486486484,,100.0,1.0,100.0,-0.3788618239157328
93.84969939879761,46.486486486486484,,100.0,1.0,100.0,-0.3802352493742938
94.04809619238478,46.486486486486484,,100.0,1.0,100.0,-0.3816204174356322
94.24649298597195,46.486486486486484,,100.0,1.0,100.0,-0.3830174656145287
94.44488977955912,46.486486486486484,,100.0,1.0,100.0,-0.3844265337088297
94.6432865731463,46.486486486486484,,100.0,1.0,100.0,-0.3858477638351307
94.84168336673346,46.486486486486484,,100.0,1.0,100.0,-0.3872813004647869
95.04008016032064,46.486486486486484,,100.0,1.0,100.0,-0.3887272904601585
95.2384769539078,46.486486486486484,,100.0,1.0,100.0,-0.3901858831113204
95.43687374749499,46.486486486486484,,100.0,1.0,100.0,-0.3916572301730008
95.63527054108215,46.486486486486484,,100.0,1.0,100.0,-0.3931414859018095
95.83366733466936,46.486486486486484,,100.0,1.0,100.0,-0.3946388070939448
96.03206412825652,46.486486486486484,,100.0,1.0,100.0,-0.3961493531231488
96.2304609218437,46.486486486486484,,100.0,1.0,100.0,-0.3976732859790087
96.42885771543087,46.486486486486484,,100.0,1.0,100.0,-0.399210770305609
96.62725450901804,46.486486486486484,,100.0,1.0,100.0,-0.4007619734405996
96.82565130260521,46.486486486486484,,100.0,1.0,100.0,-0.4023270654545406
97.02404809619239,46.486486486486484,,100.0,1.0,100.0,-0.4039062191906474
97.22244488977958,46.486486486486484,,100.0,1.0,100.0,-0.4054996103049398
97.42084168336673,46.486486486486484,,100.0,1.0,100.0,-0.4071074173066926
97.6192384769539,46.486486486486484,,100.0,1.0,100.0,-0.408729821599298
97.81763527054107,46.486486486486484,,100.0,1.0,100.0,-0.4103670075215827
98.01603206412825,46.486486486486484,,100.0,1.0,100.0,-0.412019162389372
98.21442885771542,46.486486486486484,,100.0,1.0,100.0,-0.4136864765375911
98.4128256513026,46.486486486486484,,100.0,1.0,100.0,-0.415369143362659
98.61122244488979,46.486486486486484,,100.0,1.0,100.0,-0.4170673593653422
98.80961923847698,46.486486486486484,,100.0,1.0,100.0,-0.418781324194044
99.00801603206413,46.486486486486484,,100.0,1.0,100.0,-0.4205112406884271
99.2064128256513,46.486486486486484,,100.0,1.0,100.0,-0.4222573149235599
99.40480961923848,46.486486486486484,,100.0,1.0,100.0,-0.4240197562543937
99.60320641282564,46.486486486486484,,100.0,1.0,100.0,-0.4257987773607925
99.80160320641282,46.486486486486484,,100.0,1.0,100.0,-0.4275945942928461
100.0,46.486486486486484,,100.0,1.0,100.0,-0.4294074265168095
1.0,49.16216216216216,,100.0,1.0,100.0,-0.3817186153660733
1.1983967935871744,49.16216216216216,,100.0,1.0,100.0,-0.3787313685161019
1.3967935871743486,49.16216216216216,,100.0,1.0,100.0,-0.3757707082542848
1.595190380761523,49.16216216216216,,100.0,1.0,100.0,-0.3728366553941368
1.7935871743486973,49.16216216216216,,100.0,1.0,100.0,-0.369929230301409
1.9919839679358717,49.16216216216216,,100.0,1.0,100.0,-0.367048452811256
2.190380761523046,49.16216216216216,,100.0,1.0,100.0,-0.3641943421472833
2.38877755511022,49.16216216216216,,100.0,1.0,100.0,-0.3613669168425636
2.5871743486973946,49.16216216216216,,100.0,1.0,100.0,-0.3585661946625376
2.785571142284569,49.16216216216216,,100.0,1.0,100.0,-0.3557921925297365
2.9839679358717435,49.16216216216216,,100.0,1.0,100.0,-0.3530449264504154
3.182364729458918,49.16216216216216,,100.0,1.0,100.0,-0.3503244114429374
3.380761523046093,49.16216216216216,,100.0,1.0,100.0,-0.3476306614680223
3.579158316633267,49.16216216216216,,100.0,1.0,100.0,-0.3449636893607153
3.7775551102204403,49.16216216216216,,100.0,1.0,100.0,-0.3423235067641296
3.9759519038076157,49.16216216216216,,100.0,1.0,100.0,-0.3397101240649416
4.174348697394789,49.16216216216216,,100.0,1.0,100.0,-0.337123550330559
4.372745490981964,49.16216216216216,,100.0,1.0,100.0,-0.3345637932480042
4.571142284569138,49.16216216216216,,100.0,1.0,100.0,-0.3320308590644911
4.7695390781563125,49.16216216216216,,100.0,1.0,100.0,-0.3295247525296045
4.967935871743487,49.16216216216216,,100.0,1.0,100.0,-0.3270454768391825
5.166332665330662,49.16216216216216,,100.0,1.0,100.0,-0.3245930335807538
5.364729458917837,49.16216216216216,,100.0,1.0,100.0,-0.3221674226806378
5.563126252505009,49.16216216216216,,100.0,1.0,100.0,-0.3197686423526065
5.761523046092185,49.16216216216216,,100.0,1.0,100.0,-0.3173966890481096
5.959919839679359,49.16216216216216,,100.0,1.0,100.0,-0.3150515574080705
6.158316633266534,49.16216216216216,,100.0,1.0,100.0,-0.3127332402162461
6.356713426853707,49.16216216216216,,100.0,1.0,100.0,-0.3104417283540662
6.555110220440882,49.16216216216216,,100.0,1.0,100.0,-0.3081770107570697
6.753507014028057,49.16216216216216,,100.0,1.0,100.0,-0.3059390743727392
6.951903807615231,49.16216216216216,,100.0,1.0,100.0,-0.3037279041199272
7.150300601202405,49.16216216216216,,100.0,1.0,100.0,-0.3015434828497193
7.348697394789579,49.16216216216216,,100.0,1.0,100.0,-0.2993857913077592
7.547094188376754,49.16216216216216,,100.0,1.0,100.0,-0.2972548080980587
7.745490981963927,49.16216216216216,,100.0,1.0,100.0,-0.2951505096482301
7.9438877755511,49.16216216216216,,100.0,1.0,100.0,-0.2930728701761755
8.142284569138276,49.16216216216216,,100.0,1.0,100.0,-0.2910218616582112
8.340681362725451,49.16216216216216,,100.0,1.0,100.0,-0.288997453798581
8.539078156312625,49.16216216216216,,100.0,1.0,100.0,-0.2869996140004242
8.737474949899799,49.16216216216216,,100.0,1.0,100.0,-0.285028307338122
8.935871743486974,49.16216216216216,,100.0,1.0,100.0,-0.2830834965310266
9.13426853707415,49.16216216216216,,100.0,1.0,100.0,-0.2811651419186033
9.332665330661325,49.16216216216216,,100.0,1.0,100.0,-0.2792732014369424
9.531062124248498,49.16216216216216,,100.0,1.0,100.0,-0.2774076305966367
9.729458917835672,49.16216216216216,,100.0,1.0,100.0,-0.27556838246205
9.927855711422845,49.16216216216216,,100.0,1.0,100.0,-0.2737554076318991
10.126252505010019,49.16216216216216,,100.0,1.0,100.0,-0.2719686542212277
10.324649298597194,49.16216216216216,,100.0,1.0,100.0,-0.2702080678447258
10.52304609218437,49.16216216216216,,100.0,1.0,100.0,-0.2684735916013334
10.721442885771543,49.16216216216216,,100.0,1.0,100.0,-0.2667651660602828
10.919839679358718,49.16216216216216,,100.0,1.0,100.0,-0.2650827292483421
11.118236472945892,49.16216216216216,,100.0,1.0,100.0,-0.2634262166384584
11.316633266533067,49.16216216216216,,100.0,1.0,100.0,-0.2617955611397161
11.515030060120242,49.16216216216216,,100.0,1.0,100.0,-0.2601906930885774
11.713426853707414,49.16216216216216,,100.0,1.0,100.0,-0.2586115402414143
11.91182364729459,49.16216216216216,,100.0,1.0,100.0,-0.2570580277683919
12.110220440881761,49.16216216216216,,100.0,1.0,100.0,-0.2555300782485646
12.308617234468937,49.16216216216216,,100.0,1.0,100.0,-0.254027611666331
12.507014028056114,49.16216216216216,,100.0,1.0,100.0,-0.2525505454091139
12.705410821643287,49.16216216216216,,100.0,1.0,100.0,-0.2510987942663515
12.903807615230463,49.16216216216216,,100.0,1.0,100.0,-0.2496722704296965
13.102204408817634,49.16216216216216,,100.0,1.0,100.0,-0.2482708834945582
13.30060120240481,49.16216216216216,,100.0,1.0,100.0,-0.2468945404627882
13.498997995991983,49.16216216216216,,100.0,1.0,100.0,-0.2455431457467369
13.697394789579159,49.16216216216216,,100.0,1.0,100.0,-0.2442166011743896
13.895791583166334,49.16216216216216,,100.0,1.0,100.0,-0.2429148059959084
14.094188376753507,49.16216216216216,,100.0,1.0,100.0,-0.2416376568912145
14.292585170340683,49.16216216216216,,100.0,1.0,100.0,-0.2403850479789531
14.490981963927855,49.16216216216216,,100.0,1.0,100.0,-0.2391568708264963
14.689378757515032,49.16216216216216,,100.0,1.0,100.0,-0.2379530144612777
14.887775551102203,49.16216216216216,,100.0,1.0,100.0,-0.2367733653832329
15.086172344689379,49.16216216216216,,100.0,1.0,100.0,-0.2356178075784226
15.284569138276554,49.16216216216216,,100.0,1.0,100.0,-0.2344862225338417
15.482965931863726,49.16216216216216,,100.0,1.0,100.0,-0.233378489253371
15.681362725450903,49.16216216216216,,100.0,1.0,100.0,-0.2322944842748454
15.879759519038075,49.16216216216216,,100.0,1.0,100.0,-0.2312340816883172
16.07815631262525,49.16216216216216,,100.0,1.0,100.0,-0.2301971531553365
16.276553106212425,49.16216216216216,,100.0,1.0,100.0,-0.2291835679294345
16.474949899799597,49.16216216216216,,100.0,1.0,100.0,-0.2281931928776404
16.673346693386772,49.16216216216216,,100.0,1.0,100.0,-0.2272258925030962
16.871743486973948,49.16216216216216,,100.0,1.0,100.0,-0.2262815289687219
17.070140280561123,49.16216216216216,,100.0,1.0,100.0,-0.2253599621219408
17.2685370741483,49.16216216216216,,100.0,1.0,100.0,-0.2244610495204359
17.466933867735474,49.16216216216216,,100.0,1.0,100.0,-0.223584646458923
17.66533066132265,49.16216216216216,,100.0,1.0,100.0,-0.2227306059969298
17.86372745490982,49.16216216216216,,100.0,1.0,100.0,-0.2218987789875384
18.062124248496996,49.16216216216216,,100.0,1.0,100.0,-0.221089014107117
18.260521042084168,49.16216216216216,,100.0,1.0,100.0,-0.2203011578860098
18.458917835671343,49.16216216216216,,100.0,1.0,100.0,-0.2195350547401309
18.657314629258515,49.16216216216216,,100.0,1.0,100.0,-0.2187905470034695
18.85571142284569,49.16216216216216,,100.0,1.0,100.0,-0.2180674749615197
19.054108216432866,49.16216216216216,,100.0,1.0,100.0,-0.2173656768855588
19.252505010020037,49.16216216216216,,100.0,1.0,100.0,-0.2166849890677724
19.450901803607216,49.16216216216216,,100.0,1.0,100.0,-0.2160252458572351
19.649298597194388,49.16216216216216,,100.0,1.0,100.0,-0.2153862796966762
19.847695390781563,49.16216216216216,,100.0,1.0,100.0,-0.2147679211600766
20.04609218436874,49.16216216216216,,100.0,1.0,100.0,-0.214169998990945
20.244488977955914,49.16216216216216,,100.0,1.0,100.0,-0.2135923401414592
20.442885771543086,49.16216216216216,,100.0,1.0,100.0,-0.213034769812233
20.64128256513026,49.16216216216216,,100.0,1.0,100.0,-0.2124971114928099
20.839679358717436,49.16216216216216,,100.0,1.0,100.0,-0.2119791870028647
21.03807615230461,49.16216216216216,,100.0,1.0,100.0,-0.2114808165340034
21.236472945891784,49.16216216216216,,100.0,1.0,100.0,-0.211001818692231
21.43486973947896,49.16216216216216,,100.0,1.0,100.0,-0.2105420105410149
21.633266533066134,49.16216216216216,,100.0,1.0,100.0,-0.210101207644887
21.831663326653306,49.16216216216216,,100.0,1.0,100.0,-0.2096792241136867
22.030060120240485,49.16216216216216,,100.0,1.0,100.0,-0.2092758726472456
22.228456913827657,49.16216216216216,,100.0,1.0,100.0,-0.2088909645806125
22.42685370741483,49.16216216216216,,100.0,1.0,100.0,-0.2085243099297926
22.625250501002007,49.16216216216216,,100.0,1.0,100.0,-0.2081757174378627
22.82364729458918,49.16216216216216,,100.0,1.0,100.0,-0.2078449946216136
23.02204408817635,49.16216216216216,,100.0,1.0,100.0,-0.2075319478185089
23.220440881763523,49.16216216216216,,100.0,1.0,100.0,-0.2072363822340791
23.4188376753507,49.16216216216216,,100.0,1.0,100.0,-0.2069581019896659
23.617234468937873,49.16216216216216,,100.0,1.0,100.0,-0.2066969101704771
23.815631262525052,49.16216216216216,,100.0,1.0,100.0,-0.2064526088739633
24.014028056112227,49.16216216216216,,100.0,1.0,100.0,-0.2062249992584899
24.212424849699403,49.16216216216216,,100.0,1.0,100.0,-0.2060138815922217
24.410821643286575,49.16216216216216,,100.0,1.0,100.0,-0.2058190553023137
24.609218436873746,49.16216216216216,,100.0,1.0,100.0,-0.2056403190242591
24.807615230460925,49.16216216216216,,100.0,1.0,100.0,-0.2054774706514285
25.006012024048097,49.16216216216216,,100.0,1.0,100.0,-0.2053303073848325
25.20440881763527,49.16216216216216,,100.0,1.0,100.0,-0.2051986257829322
25.402805611222448,49.16216216216216,,100.0,1.0,100.0,-0.2050822218116819
25.60120240480962,49.16216216216216,,100.0,1.0,100.0,-0.2049808908945756
25.79959919839679,49.16216216216216,,100.0,1.0,100.0,-0.2048944279628453
25.997995991983966,49.16216216216216,,100.0,1.0,100.0,-0.2048226275056642
26.196392785571145,49.16216216216216,,100.0,1.0,100.0,-0.2047652836204648
26.394789579158317,49.16216216216216,,100.0,1.0,100.0,-0.2047221900631529
26.59318637274549,49.16216216216216,,100.0,1.0,100.0,-0.2046931402984818
26.791583166332664,49.16216216216216,,100.0,1.0,100.0,-0.2046779275502697
26.98997995991984,49.16216216216216,,100.0,1.0,100.0,-0.2046763448516671
27.188376753507008,49.16216216216216,,100.0,1.0,100.0,-0.2046881850953587
27.386773547094187,49.16216216216216,,100.0,1.0,100.0,-0.2047132410836598
27.585170340681366,49.16216216216216,,100.0,1.0,100.0,-0.2047513055785735
27.783567134268534,49.16216216216216,,100.0,1.0,100.0,-0.2048021713517512
27.98196392785571,49.16216216216216,,100.0,1.0,100.0,-0.2048656312342918
28.180360721442888,49.16216216216216,,100.0,1.0,100.0,-0.2049414781664567
28.378757515030063,49.16216216216216,,100.0,1.0,100.0,-0.2050295052472711
28.577154308617235,49.16216216216216,,100.0,1.0,100.0,-0.2051295057838619
28.7755511022044,49.16216216216216,,100.0,1.0,100.0,-0.2052412733407821
28.97394789579158,49.16216216216216,,100.0,1.0,100.0,-0.2053646017890356
29.172344689378757,49.16216216216216,,100.0,1.0,100.0,-0.2054992853549673
29.370741482965926,49.16216216216216,,100.0,1.0,100.0,-0.2056451186689639
29.5691382765531,49.16216216216216,,100.0,1.0,100.0,-0.2058018968139132
29.76753507014028,49.16216216216216,,100.0,1.0,100.0,-0.2059694153734866
29.965931863727448,49.16216216216216,,100.0,1.0,100.0,-0.2061474704801535
30.164328657314627,49.16216216216216,,100.0,1.0,100.0,-0.2063358588629882
30.36272545090181,49.16216216216216,,100.0,1.0,100.0,-0.2065343778952333
30.56112224448897,49.16216216216216,,100.0,1.0,100.0,-0.2067428256415989
30.759519038076157,49.16216216216216,,100.0,1.0,100.0,-0.2069610009053065
30.957915831663332,49.16216216216216,,100.0,1.0,100.0,-0.2071887032748833
31.1563126252505,49.16216216216216,,100.0,1.0,100.0,-0.2074257331706671
31.35470941883768,49.16216216216216,,100.0,1.0,100.0,-0.2076718918910309
31.553106212424858,49.16216216216216,,100.0,1.0,100.0,-0.2079269816583436
31.751503006012022,49.16216216216216,,100.0,1.0,100.0,-0.2081908056646099
31.949899799599194,49.16216216216216,,100.0,1.0,100.0,-0.208463168116829
32.14829659318637,49.16216216216216,,100.0,1.0,100.0,-0.2087438742820473
32.346693386773545,49.16216216216216,,100.0,1.0,100.0,-0.2090327305321155
32.545090180360724,49.16216216216216,,100.0,1.0,100.0,-0.2093295443880715
32.743486973947896,49.16216216216216,,100.0,1.0,100.0,-0.209634124564277
32.941883767535074,49.16216216216216,,100.0,1.0,100.0,-0.2099462810121594
33.140280561122246,49.16216216216216,,100.0,1.0,100.0,-0.2102658249636668
33.33867735470942,49.16216216216216,,100.0,1.0,100.0,-0.2105925689743281
33.5370741482966,49.16216216216216,,100.0,1.0,100.0,-0.2109263269660021
33.73547094188377,49.16216216216216,,100.0,1.0,100.0,-0.2112669142692481
33.93386773547095,49.16216216216216,,100.0,1.0,100.0,-0.2116141476653272
34.13226452905812,49.16216216216216,,100.0,1.0,100.0,-0.2119678454278151
34.3306613226453,49.16216216216216,,100.0,1.0,100.0,-0.2123278273638786
34.52905811623247,49.16216216216216,,100.0,1.0,100.0,-0.2126939148550708
34.72745490981965,49.16216216216216,,100.0,1.0,100.0,-0.2130659308978065
34.92585170340681,49.16216216216216,,100.0,1.0,100.0,-0.2134437001433575
35.12424849699399,49.16216216216216,,100.0,1.0,100.0,-0.2138270489374382
35.32264529058117,49.16216216216216,,100.0,1.0,100.0,-0.2142158053593856
35.521042084168336,49.16216216216216,,100.0,1.0,100.0,-0.2146097992607852
35.719438877755515,49.16216216216216,,100.0,1.0,100.0,-0.2150088623037457
35.91783567134269,49.16216216216216,,100.0,1.0,100.0,-0.2154128279986175
36.11623246492986,49.16216216216216,,100.0,1.0,100.0,-0.2158215317412372
36.31462925851703,49.16216216216216,,100.0,1.0,100.0,-0.2162348108496224
36.51302605210421,49.16216216216216,,100.0,1.0,100.0,-0.216652504600178
36.71142284569138,49.16216216216216,,100.0,1.0,100.0,-0.21707445426335
36.90981963927855,49.16216216216216,,100.0,1.0,100.0,-0.2175005031386684
37.10821643286573,49.16216216216216,,100.0,1.0,100.0,-0.2179304965892324
37.3066132264529,49.16216216216216,,100.0,1.0,100.0,-0.2183642820755806
37.505010020040075,49.16216216216216,,100.0,1.0,100.0,-0.2188017091889551
37.703406813627254,49.16216216216216,,100.0,1.0,100.0,-0.2192426296838512
37.90180360721443,49.16216216216216,,100.0,1.0,100.0,-0.2196868975099771
38.100200400801604,49.16216216216216,,100.0,1.0,100.0,-0.2201343688434265
38.298597194388776,49.16216216216216,,100.0,1.0,100.0,-0.2205849021172085
38.496993987975955,49.16216216216216,,100.0,1.0,100.0,-0.221038358050994
38.69539078156313,49.16216216216216,,100.0,1.0,100.0,-0.2214945996800923
38.8937875751503,49.16216216216216,,100.0,1.0,100.0,-0.221953492383624
39.09218436873748,49.16216216216216,,100.0,1.0,100.0,-0.2224149039118925
39.29058116232465,49.16216216216216,,100.0,1.0,100.0,-0.2228787044129285
39.48897795591183,49.16216216216216,,100.0,1.0,100.0,-0.2233447664580555
39.687374749499,49.16216216216216,,100.0,1.0,100.0,-0.2238129650666848
39.88577154308617,49.16216216216216,,100.0,1.0,100.0,-0.2242831777301061
40.08416833667335,49.16216216216216,,100.0,1.0,100.0,-0.2247552844343118
40.28256513026052,49.16216216216216,,100.0,1.0,100.0,-0.2252291676818619
40.4809619238477,49.16216216216216,,100.0,1.0,100.0,-0.225704712512784
40.67935871743487,49.16216216216216,,100.0,1.0,100.0,-0.2261818065242715
40.877755511022045,49.16216216216216,,100.0,1.0,100.0,-0.22666033988953
41.07615230460922,49.16216216216216,,100.0,1.0,100.0,-0.2271402053753431
41.274549098196395,49.16216216216216,,100.0,1.0,100.0,-0.227621298358646
41.47294589178357,49.16216216216216,,100.0,1.0,100.0,-0.2281035168418391
41.671342685370746,49.16216216216216,,100.0,1.0,100.0,-0.2285867614670504
41.86973947895792,49.16216216216216,,100.0,1.0,100.0,-0.2290709355290782
42.06813627254509,49.16216216216216,,100.0,1.0,100.0,-0.2295559449872113
42.26653306613227,49.16216216216216,,100.0,1.0,100.0,-0.2300416984757111
42.46492985971944,49.16216216216216,,100.0,1.0,100.0,-0.230528107313119
42.66332665330661,49.16216216216216,,100.0,1.0,100.0,-0.231015085510188
42.861723446893784,49.16216216216216,,100.0,1.0,100.0,-0.2315025497765575
43.06012024048097,49.16216216216216,,100.0,1.0,100.0,-0.2319904195260862
43.25851703406814,49.16216216216216,,100.0,1.0,100.0,-0.2324786168808091
43.45691382765531,49.16216216216216,,100.0,1.0,100.0,-0.2329670666735854
43.655310621242485,49.16216216216216,,100.0,1.0,100.0,-0.2334556964493138
43.85370741482966,49.16216216216216,,100.0,1.0,100.0,-0.2339444364647795
44.05210420841683,49.16216216216216,,100.0,1.0,100.0,-0.2344332196870956
44.250501002004015,49.16216216216216,,100.0,1.0,100.0,-0.2349219817907533
44.448897795591186,49.16216216216216,,100.0,1.0,100.0,-0.2354106611531803
44.64729458917836,49.16216216216216,,100.0,1.0,100.0,-0.2358991988489918
44.84569138276553,49.16216216216216,,100.0,1.0,100.0,-0.2363875386426543
45.0440881763527,49.16216216216216,,100.0,1.0,100.0,-0.2368756269798777
45.24248496993987,49.16216216216216,,100.0,1.0,100.0,-0.2373634129774365
45.440881763527045,49.16216216216216,,100.0,1.0,100.0,-0.2378508484116586
45.63927855711423,49.16216216216216,,100.0,1.0,100.0,-0.2383378877054236
45.8376753507014,49.16216216216216,,100.0,1.0,100.0,-0.238824487913787
46.036072144288575,49.16216216216216,,100.0,1.0,100.0,-0.2393106087081374
46.23446893787575,49.16216216216216,,100.0,1.0,100.0,-0.2397962123589972
46.43286573146293,49.16216216216216,,100.0,1.0,100.0,-0.2402812637174609
46.631262525050104,49.16216216216216,,100.0,1.0,100.0,-0.2407657301951422
46.829659318637276,49.16216216216216,,100.0,1.0,100.0,-0.2412495817429153
47.028056112224455,49.16216216216216,,100.0,1.0,100.0,-0.2417327908282348
47.22645290581163,49.16216216216216,,100.0,1.0,100.0,-0.2422153324111328
47.424849699398806,49.16216216216216,,100.0,1.0,100.0,-0.2426971839189834
47.62324649298598,49.16216216216216,,100.0,1.0,100.0,-0.2431783252199532
47.82164328657315,49.16216216216216,,100.0,1.0,100.0,-0.2436587385952653
48.02004008016032,49.16216216216216,,100.0,1.0,100.0,-0.2441384087102227
48.21843687374749,49.16216216216216,,100.0,1.0,100.0,-0.2446173225840735
48.41683366733468,49.16216216216216,,100.0,1.0,100.0,-0.2450954695587496
48.615230460921836,49.16216216216216,,100.0,1.0,100.0,-0.2455728412664886
48.81362725450902,49.16216216216216,,100.0,1.0,100.0,-0.2460494315964381
49.012024048096194,49.16216216216216,,100.0,1.0,100.0,-0.2465252366601881
49.21042084168337,49.16216216216216,,100.0,1.0,100.0,-0.2470002547563382
49.40881763527054,49.16216216216216,,100.0,1.0,100.0,-0.2474744863341764
49.60721442885771,49.16216216216216,,100.0,1.0,100.0,-0.2479479339564227
49.805611222444895,49.16216216216216,,100.0,1.0,100.0,-0.248420602261143
50.00400801603207,49.16216216216216,,100.0,1.0,100.0,-0.2488924979228515
50.20240480961924,49.16216216216216,,100.0,1.0,100.0,-0.2493636296129311
50.40080160320641,49.16216216216216,,100.0,1.0,100.0,-0.2498340079592959
50.59919839679358,49.16216216216216,,100.0,1.0,100.0,-0.2503036455054164
50.79759519038077,49.16216216216216,,100.0,1.0,100.0,-0.2507725566687924
50.99599198396793,49.16216216216216,,100.0,1.0,100.0,-0.2512407576988283
51.19438877755511,49.16216216216216,,100.0,1.0,100.0,-0.2517082666343073
51.39278557114229,49.16216216216216,,100.0,1.0,100.0,-0.25217510326035
51.59118236472946,49.16216216216216,,100.0,1.0,100.0,-0.2526412890650109
51.789579158316634,49.16216216216216,,100.0,1.0,100.0,-0.2531068471956067
51.987975951903806,49.16216216216216,,100.0,1.0,100.0,-0.2535718024147178
52.18637274549098,49.16216216216216,,100.0,1.0,100.0,-0.2540361810559893
52.38476953907816,49.16216216216216,,100.0,1.0,100.0,-0.2545000109797727
52.583166332665336,49.16216216216216,,100.0,1.0,100.0,-0.2549633215286817
52.78156312625251,49.16216216216216,,100.0,1.0,100.0,-0.2554261434830437
52.97995991983967,49.16216216216216,,100.0,1.0,100.0,-0.2558885090163921
53.17835671342685,49.16216216216216,,100.0,1.0,100.0,-0.2563504516509977
53.37675350701403,49.16216216216216,,100.0,1.0,100.0,-0.2568120062134895
53.57515030060121,49.16216216216216,,100.0,1.0,100.0,-0.2572732087906407
53.77354709418837,49.16216216216216,,100.0,1.0,100.0,-0.2577340966853759
53.97194388777555,49.16216216216216,,100.0,1.0,100.0,-0.2581947083729421
54.17034068136273,49.16216216216216,,100.0,1.0,100.0,-0.2586550834574888
54.368737474949896,49.16216216216216,,100.0,1.0,100.0,-0.2591152626289335
54.567134268537075,49.16216216216216,,100.0,1.0,100.0,-0.2595752876201866
54.765531062124246,49.16216216216216,,100.0,1.0,100.0,-0.2600352011648524
54.96392785571142,49.16216216216216,,100.0,1.0,100.0,-0.2604950469553879
55.1623246492986,49.16216216216216,,100.0,1.0,100.0,-0.2609548696017555
55.360721442885776,49.16216216216216,,100.0,1.0,100.0,-0.2614147145906255
55.55911823647295,49.16216216216216,,100.0,1.0,100.0,-0.2618746282451702
55.75751503006013,49.16216216216216,,100.0,1.0,100.0,-0.2623346576854859
55.95591182364729,49.16216216216216,,100.0,1.0,100.0,-0.262794850789621
56.15430861723447,49.16216216216216,,100.0,1.0,100.0,-0.2632552561553277
56.35270541082165,49.16216216216216,,100.0,1.0,100.0,-0.2637159230625167
56.551102204408814,49.16216216216216,,100.0,1.0,100.0,-0.2641769014364116
56.74949899799599,49.16216216216216,,100.0,1.0,100.0,-0.2646382418114826
56.94789579158316,49.16216216216216,,100.0,1.0,100.0,-0.2650999952961772
57.146292585170336,49.16216216216216,,100.0,1.0,100.0,-0.2655622135384186
57.3446893787575,49.16216216216216,,100.0,1.0,100.0,-0.2660249486919674
57.543086172344694,49.16216216216216,,100.0,1.0,100.0,-0.2664882533835697
57.74148296593185,49.16216216216216,,100.0,1.0,100.0,-0.2669521806809892
57.93987975951904,49.16216216216216,,100.0,1.0,100.0,-0.2674167840618842
58.13827655310623,49.16216216216216,,100.0,1.0,100.0,-0.2678821173835618
58.336673346693395,49.16216216216216,,100.0,1.0,100.0,-0.2683482348536284
58.535070140280574,49.16216216216216,,100.0,1.0,100.0,-0.2688151910015145
58.73346693386774,49.16216216216216,,100.0,1.0,100.0,-0.2692830406508687
58.9318637274549,49.16216216216216,,100.0,1.0,100.0,-0.2697518388929164
59.13026052104208,49.16216216216216,,100.0,1.0,100.0,-0.270221641060607
59.32865731462926,49.16216216216216,,100.0,1.0,100.0,-0.2706925027038034
59.52705410821644,49.16216216216216,,100.0,1.0,100.0,-0.2711644795652149
59.72545090180361,49.16216216216216,,100.0,1.0,100.0,-0.2716376275573102
59.92384769539078,49.16216216216216,,100.0,1.0,100.0,-0.2721120027401498
60.12224448897794,49.16216216216216,,100.0,1.0,100.0,-0.2725876612999586
60.32064128256512,49.16216216216216,,100.0,1.0,100.0,-0.2730646595287076
60.51903807615231,49.16216216216216,,100.0,1.0,100.0,-0.2735430538045237
60.717434869739485,49.16216216216216,,100.0,1.0,100.0,-0.274022900572902
60.915831663326664,49.16216216216216,,100.0,1.0,100.0,-0.2745042563288056
61.114228456913835,49.16216216216216,,100.0,1.0,100.0,-0.2749871775996048
61.312625250501,49.16216216216216,,100.0,1.0,100.0,-0.2754717209287669
61.51102204408818,49.16216216216216,,100.0,1.0,100.0,-0.2759579428604405
61.709418837675344,49.16216216216216,,100.0,1.0,100.0,-0.2764458999247613
61.90781563126252,49.16216216216216,,100.0,1.0,100.0,-0.2769356486239299
62.1062124248497,49.16216216216216,,100.0,1.0,100.0,-0.2774272454190668
62.30460921843688,49.16216216216216,,100.0,1.0,100.0,-0.2779207467178276
62.50300601202406,49.16216216216216,,100.0,1.0,100.0,-0.2784162088626657
62.701402805611224,49.16216216216216,,100.0,1.0,100.0,-0.278913688119887
62.89979959919839,49.16216216216216,,100.0,1.0,100.0,-0.2794132406693307
63.09819639278557,49.16216216216216,,100.0,1.0,100.0,-0.2799149225947218
63.296593186372746,49.16216216216216,,100.0,1.0,100.0,-0.2804187898747117
63.494989979959925,49.16216216216216,,100.0,1.0,100.0,-0.28092489837451
63.69338677354709,49.16216216216216,,100.0,1.0,100.0,-0.2814333038381499
63.89178356713427,49.16216216216216,,100.0,1.0,100.0,-0.2819440618813298
64.09018036072143,49.16216216216216,,100.0,1.0,100.0,-0.2824572279848721
64.28857715430863,49.16216216216216,,100.0,1.0,100.0,-0.2829728574886884
64.48697394789579,49.16216216216216,,100.0,1.0,100.0,-0.2834910055863294
64.68537074148296,49.16216216216216,,100.0,1.0,100.0,-0.2840117273200063
64.88376753507015,49.16216216216216,,100.0,1.0,100.0,-0.2845350775762009
65.08216432865731,49.16216216216216,,100.0,1.0,100.0,-0.2850611110816717
65.28056112224449,49.16216216216216,,100.0,1.0,100.0,-0.2855898824000205
65.47895791583166,49.16216216216216,,100.0,1.0,100.0,-0.2861214459286294
65.67735470941884,49.16216216216216,,100.0,1.0,100.0,-0.2866558558961206
65.87575150300601,49.16216216216216,,100.0,1.0,100.0,-0.2871931663601789
66.0741482965932,49.16216216216216,,100.0,1.0,100.0,-0.2877334312058455
66.27254509018036,49.16216216216216,,100.0,1.0,100.0,-0.2882767041441514
66.47094188376754,49.16216216216216,,100.0,1.0,100.0,-0.2888230387111933
66.66933867735472,49.16216216216216,,100.0,1.0,100.0,-0.2893724882675316
66.8677354709419,49.16216216216216,,100.0,1.0,100.0,-0.2899251059979979
67.06613226452906,49.16216216216216,,100.0,1.0,100.0,-0.290480944911803
67.26452905811624,49.16216216216216,,100.0,1.0,100.0,-0.2910400578430306
67.4629258517034,49.16216216216216,,100.0,1.0,100.0,-0.2916024974514276
67.6613226452906,49.16216216216216,,100.0,1.0,100.0,-0.2921683162235265
67.85971943887776,49.16216216216216,,100.0,1.0,100.0,-0.2927375664740806
68.05811623246494,49.16216216216216,,100.0,1.0,100.0,-0.2933103003477885
68.2565130260521,49.16216216216216,,100.0,1.0,100.0,-0.2938865698213415
68.45490981963928,49.16216216216216,,100.0,1.0,100.0,-0.2944664267057166
68.65330661322645,49.16216216216216,,100.0,1.0,100.0,-0.2950499226487983
68.85170340681363,49.16216216216216,,100.0,1.0,100.0,-0.295637109138231
69.05010020040079,49.16216216216216,,100.0,1.0,100.0,-0.2962280375045703
69.24849699398798,49.16216216216216,,100.0,1.0,100.0,-0.2968227589247169
69.44689378757515,49.16216216216216,,100.0,1.0,100.0,-0.2974213244255101
69.64529058116234,49.16216216216216,,100.0,1.0,100.0,-0.2980237848877556
69.84368737474949,49.16216216216216,,100.0,1.0,100.0,-0.2986301910503275
70.04208416833667,49.16216216216216,,100.0,1.0,100.0,-0.2992405935146298
70.24048096192385,49.16216216216216,,100.0,1.0,100.0,-0.2998550427492871
70.43887775551103,49.16216216216216,,100.0,1.0,100.0,-0.3004735890950656
70.6372745490982,49.16216216216216,,100.0,1.0,100.0,-0.301096282770017
70.83567134268537,49.16216216216216,,100.0,1.0,100.0,-0.3017231738749429
71.03406813627254,49.16216216216216,,100.0,1.0,100.0,-0.3023543123990168
71.23246492985973,49.16216216216216,,100.0,1.0,100.0,-0.3029897482257003
71.4308617234469,49.16216216216216,,100.0,1.0,100.0,-0.3036295311388922
71.62925851703406,49.16216216216216,,100.0,1.0,100.0,-0.3042737108293258
71.82765531062124,49.16216216216216,,100.0,1.0,100.0,-0.304922336901128
72.0260521042084,49.16216216216216,,100.0,1.0,100.0,-0.3055754588788101
72.2244488977956,49.16216216216216,,100.0,1.0,100.0,-0.3062331262142792
72.42284569138276,49.16216216216216,,100.0,1.0,100.0,-0.3068953882942328
72.62124248496994,49.16216216216216,,100.0,1.0,100.0,-0.3075622944477904
72.8196392785571,49.16216216216216,,100.0,1.0,100.0,-0.3082338939542886
73.01803607214428,49.16216216216216,,100.0,1.0,100.0,-0.3089102360514211
73.21643286573146,49.16216216216216,,100.0,1.0,100.0,-0.3095913699435756
73.41482965931863,49.16216216216216,,100.0,1.0,100.0,-0.3102773448103773
73.6132264529058,49.16216216216216,,100.0,1.0,100.0,-0.310968209815641
73.81162324649299,49.16216216216216,,100.0,1.0,100.0,-0.3116640141163572
74.01002004008016,49.16216216216216,,100.0,1.0,100.0,-0.3123648068721099
74.20841683366733,49.16216216216216,,100.0,1.0,100.0,-0.3130706372546549
74.40681362725451,49.16216216216216,,100.0,1.0,100.0,-0.3137815544577791
74.60521042084169,49.16216216216216,,100.0,1.0,100.0,-0.3144976077074187
74.80360721442887,49.16216216216216,,100.0,1.0,100.0,-0.3152188462720696
75.00200400801603,49.16216216216216,,100.0,1.0,100.0,-0.3159453194733498
75.20040080160321,49.16216216216216,,100.0,1.0,100.0,-0.3166770766969824
75.39879759519039,49.16216216216216,,100.0,1.0,100.0,-0.3174141674038628
75.59719438877755,49.16216216216216,,100.0,1.0,100.0,-0.3181566411415625
75.79559118236472,49.16216216216216,,100.0,1.0,100.0,-0.3189045475559242
75.99398797595191,49.16216216216216,,100.0,1.0,100.0,-0.3196579364031287
76.19238476953907,49.16216216216216,,100.0,1.0,100.0,-0.3204168575617436
76.39078156312625,49.16216216216216,,100.0,1.0,100.0,-0.3211813610453347
76.58917835671345,49.16216216216216,,100.0,1.0,100.0,-0.32195149701516
76.7875751503006,49.16216216216216,,100.0,1.0,100.0,-0.3227273157931765
76.98597194388778,49.16216216216216,,100.0,1.0,100.0,-0.3235088678752642
77.18436873747495,49.16216216216216,,100.0,1.0,100.0,-0.3242962039448628
77.38276553106212,49.16216216216216,,100.0,1.0,100.0,-0.3250893748867131
77.5811623246493,49.16216216216216,,100.0,1.0,100.0,-0.3258884318008985
77.77955911823646,49.16216216216216,,100.0,1.0,100.0,-0.3266934260172814
77.97795591182366,49.16216216216216,,100.0,1.0,100.0,-0.327504409110008
78.1763527054108,49.16216216216216,,100.0,1.0,100.0,-0.3283214329123957
78.374749498998,49.16216216216216,,100.0,1.0,100.0,-0.3291445495321101
78.5731462925852,49.16216216216216,,100.0,1.0,100.0,-0.3299738113665017
78.77154308617234,49.16216216216216,,100.0,1.0,100.0,-0.330809271118309
78.96993987975952,49.16216216216216,,100.0,1.0,100.0,-0.3316509818115477
79.1683366733467,49.16216216216216,,100.0,1.0,100.0,-0.3324989968076925
79.36673346693387,49.16216216216216,,100.0,1.0,100.0,-0.3333533698221738
79.56513026052104,49.16216216216216,,100.0,1.0,100.0,-0.3342141549409947
79.76352705410822,49.16216216216216,,100.0,1.0,100.0,-0.3350814066377423
79.9619238476954,49.16216216216216,,100.0,1.0,100.0,-0.3359551797908229
80.16032064128257,49.16216216216216,,100.0,1.0,100.0,-0.3368355297009073
80.35871743486975,49.16216216216216,,100.0,1.0,100.0,-0.3377225121086714
80.55711422845691,49.16216216216216,,100.0,1.0,100.0,-0.3386161832127723
80.75551102204409,49.16216216216216,,100.0,1.0,100.0,-0.3395165996881085
80.95390781563127,49.16216216216216,,100.0,1.0,100.0,-0.3404238187043076
81.15230460921843,49.16216216216216,,100.0,1.0,100.0,-0.3413378979444584
81.35070140280563,49.16216216216216,,100.0,1.0,100.0,-0.3422588956241081
81.54909819639279,49.16216216216216,,100.0,1.0,100.0,-0.3431868705104802
81.74749498997996,49.16216216216216,,100.0,1.0,100.0,-0.3441218819420464
81.94589178356713,49.16216216216216,,100.0,1.0,100.0,-0.345063989848138
82.14428857715431,49.16216216216216,,100.0,1.0,100.0,-0.3460132547690148
82.34268537074149,49.16216216216216,,100.0,1.0,100.0,-0.3469697378760588
82.54108216432866,49.16216216216216,,100.0,1.0,100.0,-0.3479335009922366
82.73947895791585,49.16216216216216,,100.0,1.0,100.0,-0.3489046066128177
82.937875751503,49.16216216216216,,100.0,1.0,100.0,-0.3498831179263071
83.13627254509018,49.16216216216216,,100.0,1.0,100.0,-0.3508690988356403
83.33466933867736,49.16216216216216,,100.0,1.0,100.0,-0.3518626139796179
83.53306613226454,49.16216216216216,,100.0,1.0,100.0,-0.3528637287545582
83.7314629258517,49.16216216216216,,100.0,1.0,100.0,-0.3538725093361841
83.92985971943888,49.16216216216216,,100.0,1.0,100.0,-0.3548890227017907
84.12825651302606,49.16216216216216,,100.0,1.0,100.0,-0.3559133366525986
84.32665330661322,49.16216216216216,,100.0,1.0,100.0,-0.3569455198363337
84.5250501002004,49.16216216216216,,100.0,1.0,100.0,-0.3579856417701257
84.72344689378757,49.16216216216216,,100.0,1.0,100.0,-0.3590337728635175
84.92184368737476,49.16216216216216,,100.0,1.0,100.0,-0.3600899844418253
85.12024048096194,49.16216216216216,,100.0,1.0,100.0,-0.3611543487696365
85.3186372745491,49.16216216216216,,100.0,1.0,100.0,-0.3622269390746017
85.51703406813628,49.16216216216216,,100.0,1.0,100.0,-0.3633078295714319
85.71543086172345,49.16216216216216,,100.0,1.0,100.0,-0.3643970954861111
85.91382765531063,49.16216216216216,,100.0,1.0,100.0,-0.3654948130804363
86.1122244488978,49.16216216216216,,100.0,1.0,100.0,-0.3666010596765832
86.31062124248497,49.16216216216216,,100.0,1.0,100.0,-0.367715913682189
86.50901803607215,49.16216216216216,,100.0,1.0,100.0,-0.3688394546153832
86.70741482965931,49.16216216216216,,100.0,1.0,100.0,-0.3699717631302848
86.90581162324649,49.16216216216216,,100.0,1.0,100.0,-0.3711129210425521
87.10420841683366,49.16216216216216,,100.0,1.0,100.0,-0.3722630113552854
87.30260521042084,49.16216216216216,,100.0,1.0,100.0,-0.3734221182851052
87.50100200400803,49.16216216216216,,100.0,1.0,100.0,-0.3745903272884956
87.6993987975952,49.16216216216216,,100.0,1.0,100.0,-0.3757677250883486
87.89779559118237,49.16216216216216,,100.0,1.0,100.0,-0.3769543997007647
88.09619238476955,49.16216216216216,,100.0,1.0,100.0,-0.3781504404621191
88.29458917835672,49.16216216216216,,100.0,1.0,100.0,-0.3793559380563084
88.4929859719439,49.16216216216216,,100.0,1.0,100.0,-0.3805709845422516
88.69138276553106,49.16216216216216,,100.0,1.0,100.0,-0.3817956733817059
88.88977955911824,49.16216216216216,,100.0,1.0,100.0,-0.3830300994671672
89.0881763527054,49.16216216216216,,100.0,1.0,100.0,-0.3842743591502088
89.28657314629258,49.16216216216216,,100.0,1.0,100.0,-0.3855285502698867
89.48496993987975,49.16216216216216,,100.0,1.0,100.0,-0.3867927721814934
89.68336673346693,49.16216216216216,,100.0,1.0,100.0,-0.3880671257855685
89.88176352705409,49.16216216216216,,100.0,1.0,100.0,-0.3893517135570787
90.08016032064127,49.16216216216216,,100.0,1.0,100.0,-0.390646639574884
90.27855711422846,49.16216216216216,,100.0,1.0,100.0,-0.3919520095515393
90.47695390781564,49.16216216216216,,100.0,1.0,100.0,-0.3932679308632115
90.6753507014028,49.16216216216216,,100.0,1.0,100.0,-0.3945945125799192
90.87374749498998,49.16216216216216,,100.0,1.0,100.0,-0.395931865496094
91.07214428857715,49.16216216216216,,100.0,1.0,100.0,-0.3972801021612847
91.27054108216433,49.16216216216216,,100.0,1.0,100.0,-0.3986393369111999
91.46893787575152,49.16216216216216,,100.0,1.0,100.0,-0.4000096858990176
91.66733466933867,49.16216216216216,,100.0,1.0,100.0,-0.4013912671269416
91.86573146292585,49.16216216216216,,100.0,1.0,100.0,-0.4027842004779939
92.06412825651303,49.16216216216216,,100.0,1.0,100.0,-0.4041886077481992
92.26252505010021,49.16216216216216,,100.0,1.0,100.0,-0.4056046126788994
92.46092184368737,49.16216216216216,,100.0,1.0,100.0,-0.4070323409894498
92.65931863727455,49.16216216216216,,100.0,1.0,100.0,-0.4084719204101328
92.85771543086172,49.16216216216216,,100.0,1.0,100.0,-0.4099234807154654
93.05611222444891,49.16216216216216,,100.0,1.0,100.0,-0.4113871537576388
93.25450901803607,49.16216216216216,,100.0,1.0,100.0,-0.4128630735003706
93.45290581162325,49.16216216216216,,100.0,1.0,100.0,-0.4143513760530312
93.65130260521043,49.16216216216216,,100.0,1.0,100.0,-0.4158521997049785
93.84969939879761,49.16216216216216,,100.0,1.0,100.0,-0.417365684960403
94.04809619238478,49.16216216216216,,100.0,1.0,100.0,-0.4188919745731486
94.24649298597195,49.16216216216216,,100.0,1.0,100.0,-0.4204312135822408
94.44488977955912,49.16216216216216,,100.0,1.0,100.0,-0.4219835493473817
94.6432865731463,49.16216216216216,,100.0,1.0,100.0,-0.4235491315849851
94.84168336673346,49.16216216216216,,100.0,1.0,100.0,-0.4251281124044034
95.04008016032064,49.16216216216216,,100.0,1.0,100.0,-0.4267206463445464
95.2384769539078,49.16216216216216,,100.0,1.0,100.0,-0.4283268904108072
95.43687374749499,49.16216216216216,,100.0,1.0,100.0,-0.42994700411239
95.63527054108215,49.16216216216216,,100.0,1.0,100.0,-0.431581149499779
95.83366733466936,49.16216216216216,,100.0,1.0,100.0,-0.4332294912027552
96.03206412825652,49.16216216216216,,100.0,1.0,100.0,-0.4348921964687283
96.2304609218437,49.16216216216216,,100.0,1.0,100.0,-0.436569435201278
96.42885771543087,49.16216216216216,,100.0,1.0,100.0,-0.4382613799991989
96.62725450901804,49.16216216216216,,100.0,1.0,100.0,-0.43996820619585
96.82565130260521,49.16216216216216,,100.0,1.0,100.0,-0.4416900918988758
97.02404809619239,49.16216216216216,,100.0,1.0,100.0,-0.4434272180302425
97.22244488977958,49.16216216216216,,100.0,1.0,100.0,-0.4451797683667835
97.42084168336673,49.16216216216216,,100.0,1.0,100.0,-0.4469479295809579
97.6192384769539,49.16216216216216,,100.0,1.0,100.0,-0.4487318912820874
97.81763527054107,49.16216216216216,,100.0,1.0,100.0,-0.4505318460580146
98.01603206412825,49.16216216216216,,100.0,1.0,100.0,-0.4523479895170349
98.21442885771542,49.16216216216216,,100.0,1.0,100.0,-0.454180520330383
98.4128256513026,49.16216216216216,,100.0,1.0,100.0,-0.4560296402749744
98.61122244488979,49.16216216216216,,100.0,1.0,100.0,-0.4578955542766199
98.80961923847698,49.16216216216216,,100.0,1.0,100.0,-0.4597784704537605
99.00801603206413,49.16216216216216,,100.0,1.0,100.0,-0.4616786001614359
99.2064128256513,49.16216216216216,,100.0,1.0,100.0,-0.4635961580357538
99.40480961923848,49.16216216216216,,100.0,1.0,100.0,-0.4655313620389347
99.60320641282564,49.16216216216216,,100.0,1.0,100.0,-0.4674844335045303
99.80160320641282,49.16216216216216,,100.0,1.0,100.0,-0.4694555971832965
100.0,49.16216216216216,,100.0,1.0,100.0,-0.4714450812894897
1.0,51.83783783783784,,100.0,1.0,100.0,-0.3979386547233273
1.1983967935871744,51.83783783783784,,100.0,1.0,100.0,-0.3949651488654614
1.3967935871743486,51.83783783783784,,100.0,1.0,100.0,-0.3920183482417055
1.595190380761523,51.83783783783784,,100.0,1.0,100.0,-0.3890982797348866
1.7935871743486973,51.83783783783784,,100.0,1.0,100.0,-0.3862049694400655
1.9919839679358717,51.83783783783784,,100.0,1.0,100.0,-0.3833384425900487
2.190380761523046,51.83783783783784,,100.0,1.0,100.0,-0.3804987234828134
2.38877755511022,51.83783783783784,,100.0,1.0,100.0,-0.377685835410705
2.5871743486973946,51.83783783783784,,100.0,1.0,100.0,-0.3748998005914761
2.785571142284569,51.83783783783784,,100.0,1.0,100.0,-0.3721406401011191
2.9839679358717435,51.83783783783784,,100.0,1.0,100.0,-0.3694083738084182
3.182364729458918,51.83783783783784,,100.0,1.0,100.0,-0.3667030203112685
3.380761523046093,51.83783783783784,,100.0,1.0,100.0,-0.3640245968746992
3.579158316633267,51.83783783783784,,100.0,1.0,100.0,-0.3613731193705781
3.7775551102204403,51.83783783783784,,100.0,1.0,100.0,-0.3587486022189968
3.9759519038076157,51.83783783783784,,100.0,1.0,100.0,-0.3561510583312717
4.174348697394789,51.83783783783784,,100.0,1.0,100.0,-0.3535804990545959
4.372745490981964,51.83783783783784,,100.0,1.0,100.0,-0.3510369341182985
4.571142284569138,51.83783783783784,,100.0,1.0,100.0,-0.34852037158167
4.7695390781563125,51.83783783783784,,100.0,1.0,100.0,-0.3460308177833324
4.967935871743487,51.83783783783784,,100.0,1.0,100.0,-0.3435682772922392
5.166332665330662,51.83783783783784,,100.0,1.0,100.0,-0.3411327528600969
5.364729458917837,51.83783783783784,,100.0,1.0,100.0,-0.3387242453753831
5.563126252505009,51.83783783783784,,100.0,1.0,100.0,-0.336342753818827
5.761523046092185,51.83783783783784,,100.0,1.0,100.0,-0.3339882752203497
5.959919839679359,51.83783783783784,,100.0,1.0,100.0,-0.3316608046175207
6.158316633266534,51.83783783783784,,100.0,1.0,100.0,-0.329360335015409
6.356713426853707,51.83783783783784,,100.0,1.0,100.0,-0.3270868573479413
6.555110220440882,51.83783783783784,,100.0,1.0,100.0,-0.324840360440593
6.753507014028057,51.83783783783784,,100.0,1.0,100.0,-0.3226208309745423
6.951903807615231,51.83783783783784,,100.0,1.0,100.0,-0.3204282534522411
7.150300601202405,51.83783783783784,,100.0,1.0,100.0,-0.3182626101643045
7.348697394789579,51.83783783783784,,100.0,1.0,100.0,-0.3161238811578436
7.547094188376754,51.83783783783784,,100.0,1.0,100.0,-0.3140120442061119
7.745490981963927,51.83783783783784,,100.0,1.0,100.0,-0.3119270747795126
7.9438877755511,51.83783783783784,,100.0,1.0,100.0,-0.3098689460179602
8.142284569138276,51.83783783783784,,100.0,1.0,100.0,-0.3078376287045699
8.340681362725451,51.83783783783784,,100.0,1.0,100.0,-0.3058330912406456
8.539078156312625,51.83783783783784,,100.0,1.0,100.0,-0.3038552996220124
8.737474949899799,51.83783783783784,,100.0,1.0,100.0,-0.3019042174166379
8.935871743486974,51.83783783783784,,100.0,1.0,100.0,-0.2999798057435536
9.13426853707415,51.83783783783784,,100.0,1.0,100.0,-0.2980820232530302
9.332665330661325,51.83783783783784,,100.0,1.0,100.0,-0.2962108261080981
9.531062124248498,51.83783783783784,,100.0,1.0,100.0,-0.2943661679672767
9.729458917835672,51.83783783783784,,100.0,1.0,100.0,-0.2925479999686053
9.927855711422845,51.83783783783784,,100.0,1.0,100.0,-0.2907562707149209
10.126252505010019,51.83783783783784,,100.0,1.0,100.0,-0.2889909262603743
10.324649298597194,51.83783783783784,,100.0,1.0,100.0,-0.2872519100982202
10.52304609218437,51.83783783783784,,100.0,1.0,100.0,-0.2855391631498123
10.721442885771543,51.83783783783784,,100.0,1.0,100.0,-0.2838526237548497
10.919839679358718,51.83783783783784,,100.0,1.0,100.0,-0.282192227662848
11.118236472945892,51.83783783783784,,100.0,1.0,100.0,-0.2805579080258189
11.316633266533067,51.83783783783784,,100.0,1.0,100.0,-0.2789495953921755
11.515030060120242,51.83783783783784,,100.0,1.0,100.0,-0.2773672177018259
11.713426853707414,51.83783783783784,,100.0,1.0,100.0,-0.2758107002825078
11.91182364729459,51.83783783783784,,100.0,1.0,100.0,-0.2742799658472591
12.110220440881761,51.83783783783784,,100.0,1.0,100.0,-0.2727749344931244
12.308617234468937,51.83783783783784,,100.0,1.0,100.0,-0.2712955237010582
12.507014028056114,51.83783783783784,,100.0,1.0,100.0,-0.2698416483369164
12.705410821643287,51.83783783783784,,100.0,1.0,100.0,-0.2684132206537497
12.903807615230463,51.83783783783784,,100.0,1.0,100.0,-0.2670101502951443
13.102204408817634,51.83783783783784,,100.0,1.0,100.0,-0.265632344299793
13.30060120240481,51.83783783783784,,100.0,1.0,100.0,-0.2642797071071876
13.498997995991983,51.83783783783784,,100.0,1.0,100.0,-0.2629521405644721
13.697394789579159,51.83783783783784,,100.0,1.0,100.0,-0.2616495439344007
13.895791583166334,51.83783783783784,,100.0,1.0,100.0,-0.2603718139044958
14.094188376753507,51.83783783783784,,100.0,1.0,100.0,-0.2591188445972349
14.292585170340683,51.83783783783784,,100.0,1.0,100.0,-0.2578905275814496
14.490981963927855,51.83783783783784,,100.0,1.0,100.0,-0.2566867518847331
14.689378757515032,51.83783783783784,,100.0,1.0,100.0,-0.2555074040070637
14.887775551102203,51.83783783783784,,100.0,1.0,100.0,-0.2543523679353943
15.086172344689379,51.83783783783784,,100.0,1.0,100.0,-0.2532215251594157
15.284569138276554,51.83783783783784,,100.0,1.0,100.0,-0.2521147546883423
15.482965931863726,51.83783783783784,,100.0,1.0,100.0,-0.2510319330687964
15.681362725450903,51.83783783783784,,100.0,1.0,100.0,-0.249972934403701
15.879759519038075,51.83783783783784,,100.0,1.0,100.0,-0.24893763037225
16.07815631262525,51.83783783783784,,100.0,1.0,100.0,-0.2479258902508958
16.276553106212425,51.83783783783784,,100.0,1.0,100.0,-0.2469375809353539
16.474949899799597,51.83783783783784,,100.0,1.0,100.0,-0.2459725669635934
16.673346693386772,51.83783783783784,,100.0,1.0,100.0,-0.2450307105398878
16.871743486973948,51.83783783783784,,100.0,1.0,100.0,-0.2441118715597515
17.070140280561123,51.83783783783784,,100.0,1.0,100.0,-0.2432159076359567
17.2685370741483,51.83783783783784,,100.0,1.0,100.0,-0.2423426741253703
17.466933867735474,51.83783783783784,,100.0,1.0,100.0,-0.2414920241568761
17.66533066132265,51.83783783783784,,100.0,1.0,100.0,-0.2406638086601112
17.86372745490982,51.83783783783784,,100.0,1.0,100.0,-0.2398578763951417
18.062124248496996,51.83783783783784,,100.0,1.0,100.0,-0.2390740739830861
18.260521042084168,51.83783783783784,,100.0,1.0,100.0,-0.238312245937556
18.458917835671343,51.83783783783784,,100.0,1.0,100.0,-0.2375722346969472
18.657314629258515,51.83783783783784,,100.0,1.0,100.0,-0.2368538806576695
18.85571142284569,51.83783783783784,,100.0,1.0,100.0,-0.2361570222080808
19.054108216432866,51.83783783783784,,100.0,1.0,100.0,-0.2354814957633302
19.252505010020037,51.83783783783784,,100.0,1.0,100.0,-0.2348271358009423
19.450901803607216,51.83783783783784,,100.0,1.0,100.0,-0.2341937748971821
19.649298597194388,51.83783783783784,,100.0,1.0,100.0,-0.2335812437641654
19.847695390781563,51.83783783783784,,100.0,1.0,100.0,-0.2329893712877497
20.04609218436874,51.83783783783784,,100.0,1.0,100.0,-0.2324179845660615
20.244488977955914,51.83783783783784,,100.0,1.0,100.0,-0.2318669089487974
20.442885771543086,51.83783783783784,,100.0,1.0,100.0,-0.2313359680771233
20.64128256513026,51.83783783783784,,100.0,1.0,100.0,-0.2308249839242835
20.839679358717436,51.83783783783784,,100.0,1.0,100.0,-0.2303337768368205
21.03807615230461,51.83783783783784,,100.0,1.0,100.0,-0.2298621655763956
21.236472945891784,51.83783783783784,,100.0,1.0,100.0,-0.2294099673622022
21.43486973947896,51.83783783783784,,100.0,1.0,100.0,-0.2289769979139463
21.633266533066134,51.83783783783784,,100.0,1.0,100.0,-0.2285630714953835
21.831663326653306,51.83783783783784,,100.0,1.0,100.0,-0.2281680009583598
22.030060120240485,51.83783783783784,,100.0,1.0,100.0,-0.2277915977873341
22.228456913827657,51.83783783783784,,100.0,1.0,100.0,-0.2274336721444234
22.42685370741483,51.83783783783784,,100.0,1.0,100.0,-0.2270940329148709
22.625250501002007,51.83783783783784,,100.0,1.0,100.0,-0.2267724877529469
22.82364729458918,51.83783783783784,,100.0,1.0,100.0,-0.2264688431282612
23.02204408817635,51.83783783783784,,100.0,1.0,100.0,-0.2261829043724686
23.220440881763523,51.83783783783784,,100.0,1.0,100.0,-0.2259144757263025
23.4188376753507,51.83783783783784,,100.0,1.0,100.0,-0.2256633603870221
23.617234468937873,51.83783783783784,,100.0,1.0,100.0,-0.2254293605560716
23.815631262525052,51.83783783783784,,100.0,1.0,100.0,-0.2252122774871523
24.014028056112227,51.83783783783784,,100.0,1.0,100.0,-0.2250119115344833
24.212424849699403,51.83783783783784,,100.0,1.0,100.0,-0.2248280622012975
24.410821643286575,51.83783783783784,,100.0,1.0,100.0,-0.2246605281886985
24.609218436873746,51.83783783783784,,100.0,1.0,100.0,-0.2245091074445445
24.807615230460925,51.83783783783784,,100.0,1.0,100.0,-0.2243735972126597
25.006012024048097,51.83783783783784,,100.0,1.0,100.0,-0.224253794082165
25.20440881763527,51.83783783783784,,100.0,1.0,100.0,-0.2241494940369002
25.402805611222448,51.83783783783784,,100.0,1.0,100.0,-0.2240604925050711
25.60120240480962,51.83783783783784,,100.0,1.0,100.0,-0.2239865844089268
25.79959919839679,51.83783783783784,,100.0,1.0,100.0,-0.2239275642145471
25.997995991983966,51.83783783783784,,100.0,1.0,100.0,-0.2238832259816812
26.196392785571145,51.83783783783784,,100.0,1.0,100.0,-0.2238533634136899
26.394789579158317,51.83783783783784,,100.0,1.0,100.0,-0.223837769907408
26.59318637274549,51.83783783783784,,100.0,1.0,100.0,-0.2238362386031446
26.791583166332664,51.83783783783784,,100.0,1.0,100.0,-0.2238485624345972
26.98997995991984,51.83783783783784,,100.0,1.0,100.0,-0.2238745341787334
27.188376753507008,51.83783783783784,,100.0,1.0,100.0,-0.223913946505724
27.386773547094187,51.83783783783784,,100.0,1.0,100.0,-0.2239665920287162
27.585170340681366,51.83783783783784,,100.0,1.0,100.0,-0.2240322633535992
27.783567134268534,51.83783783783784,,100.0,1.0,100.0,-0.224110753128683
27.98196392785571,51.83783783783784,,100.0,1.0,100.0,-0.2242018540942398
28.180360721442888,51.83783783783784,,100.0,1.0,100.0,-0.2243053591319865
28.378757515030063,51.83783783783784,,100.0,1.0,100.0,-0.2244210613144118
28.577154308617235,51.83783783783784,,100.0,1.0,100.0,-0.224548753953959
28.7755511022044,51.83783783783784,,100.0,1.0,100.0,-0.2246882306520756
28.97394789579158,51.83783783783784,,100.0,1.0,100.0,-0.2248392853481121
29.172344689378757,51.83783783783784,,100.0,1.0,100.0,-0.2250017123680181
29.370741482965926,51.83783783783784,,100.0,1.0,100.0,-0.2251753064728666
29.5691382765531,51.83783783783784,,100.0,1.0,100.0,-0.2253598629071986
29.76753507014028,51.83783783783784,,100.0,1.0,100.0,-0.2255551774471588
29.965931863727448,51.83783783783784,,100.0,1.0,100.0,-0.225761046448394
30.164328657314627,51.83783783783784,,100.0,1.0,100.0,-0.2259772668937723
30.36272545090181,51.83783783783784,,100.0,1.0,100.0,-0.226203636440832
30.56112224448897,51.83783783783784,,100.0,1.0,100.0,-0.2264399534690029
30.759519038076157,51.83783783783784,,100.0,1.0,100.0,-0.2266860171266093
30.957915831663332,51.83783783783784,,100.0,1.0,100.0,-0.2269416273775499
31.1563126252505,51.83783783783784,,100.0,1.0,100.0,-0.2272065850477832
31.35470941883768,51.83783783783784,,100.0,1.0,100.0,-0.2274806918715162
31.553106212424858,51.83783783783784,,100.0,1.0,100.0,-0.2277637505370794
31.751503006012022,51.83783783783784,,100.0,1.0,100.0,-0.2280555647325726
31.949899799599194,51.83783783783784,,100.0,1.0,100.0,-0.2283559391911498
32.14829659318637,51.83783783783784,,100.0,1.0,100.0,-0.2286646797361008
32.346693386773545,51.83783783783784,,100.0,1.0,100.0,-0.228981593325495
32.545090180360724,51.83783783783784,,100.0,1.0,100.0,-0.2293064880966073
32.743486973947896,51.83783783783784,,100.0,1.0,100.0,-0.2296391734099762
32.941883767535074,51.83783783783784,,100.0,1.0,100.0,-0.2299794598931206
33.140280561122246,51.83783783783784,,100.0,1.0,100.0,-0.2303271594839495
33.33867735470942,51.83783783783784,,100.0,1.0,100.0,-0.2306820854737843
33.5370741482966,51.83783783783784,,100.0,1.0,100.0,-0.2310440525500281
33.73547094188377,51.83783783783784,,100.0,1.0,100.0,-0.2314128768384767
33.93386773547095,51.83783783783784,,100.0,1.0,100.0,-0.2317883759452682
34.13226452905812,51.83783783783784,,100.0,1.0,100.0,-0.2321703689983704
34.3306613226453,51.83783783783784,,100.0,1.0,100.0,-0.2325586766887564
34.52905811623247,51.83783783783784,,100.0,1.0,100.0,-0.2329531213111073
34.72745490981965,51.83783783783784,,100.0,1.0,100.0,-0.2333535268041218
34.92585170340681,51.83783783783784,,100.0,1.0,100.0,-0.2337597187903777
35.12424849699399,51.83783783783784,,100.0,1.0,100.0,-0.2341715246157365
35.32264529058117,51.83783783783784,,100.0,1.0,100.0,-0.2345887733883245
35.521042084168336,51.83783783783784,,100.0,1.0,100.0,-0.2350112960169778
35.719438877755515,51.83783783783784,,100.0,1.0,100.0,-0.2354389252492276
35.91783567134269,51.83783783783784,,100.0,1.0,100.0,-0.235871495708794
36.11623246492986,51.83783783783784,,100.0,1.0,100.0,-0.2363088439325514
36.31462925851703,51.83783783783784,,100.0,1.0,100.0,-0.2367508084068967
36.51302605210421,51.83783783783784,,100.0,1.0,100.0,-0.2371972296036419
36.71142284569138,51.83783783783784,,100.0,1.0,100.0,-0.2376479500152684
36.90981963927855,51.83783783783784,,100.0,1.0,100.0,-0.2381028141896217
37.10821643286573,51.83783783783784,,100.0,1.0,100.0,-0.23856166876399
37.3066132264529,51.83783783783784,,100.0,1.0,100.0,-0.239024362498496
37.505010020040075,51.83783783783784,,100.0,1.0,100.0,-0.2394907463088978
37.703406813627254,51.83783783783784,,100.0,1.0,100.0,-0.2399606732986791
37.90180360721443,51.83783783783784,,100.0,1.0,100.0,-0.2404339987904382
38.100200400801604,51.83783783783784,,100.0,1.0,100.0,-0.2409105803565373
38.298597194388776,51.83783783783784,,100.0,1.0,100.0,-0.2413902778490466
38.496993987975955,51.83783783783784,,100.0,1.0,100.0,-0.2418729534288799
38.69539078156313,51.83783783783784,,100.0,1.0,100.0,-0.2423584715941428
38.8937875751503,51.83783783783784,,100.0,1.0,100.0,-0.242846699207643
39.09218436873748,51.83783783783784,,100.0,1.0,100.0,-0.2433375055236006
39.29058116232465,51.83783783783784,,100.0,1.0,100.0,-0.243830762213439
39.48897795591183,51.83783783783784,,100.0,1.0,100.0,-0.2443263433906759
39.687374749499,51.83783783783784,,100.0,1.0,100.0,-0.244824125634928
39.88577154308617,51.83783783783784,,100.0,1.0,100.0,-0.2453239880149389
40.08416833667335,51.83783783783784,,100.0,1.0,100.0,-0.2458258121106037
40.28256513026052,51.83783783783784,,100.0,1.0,100.0,-0.2463294820340754
40.4809619238477,51.83783783783784,,100.0,1.0,100.0,-0.2468348844497379
40.67935871743487,51.83783783783784,,100.0,1.0,100.0,-0.2473419085931724
40.877755511022045,51.83783783783784,,100.0,1.0,100.0,-0.2478504462890545
41.07615230460922,51.83783783783784,,100.0,1.0,100.0,-0.2483603919679373
41.274549098196395,51.83783783783784,,100.0,1.0,100.0,-0.2488716426818785
41.47294589178357,51.83783783783784,,100.0,1.0,100.0,-0.2493840981189309
41.671342685370746,51.83783783783784,,100.0,1.0,100.0,-0.2498976606164673
41.86973947895792,51.83783783783784,,100.0,1.0,100.0,-0.2504122351732537
42.06813627254509,51.83783783783784,,100.0,1.0,100.0,-0.2509277294603885
42.26653306613227,51.83783783783784,,100.0,1.0,100.0,-0.2514440538308651
42.46492985971944,51.83783783783784,,100.0,1.0,100.0,-0.2519611213280126
42.66332665330661,51.83783783783784,,100.0,1.0,100.0,-0.2524788476925443
42.861723446893784,51.83783783783784,,100.0,1.0,100.0,-0.2529971513683352
43.06012024048097,51.83783783783784,,100.0,1.0,100.0,-0.2535159535068993
43.25851703406814,51.83783783783784,,100.0,1.0,100.0,-0.2540351779705313
43.45691382765531,51.83783783783784,,100.0,1.0,100.0,-0.2545547513340273
43.655310621242485,51.83783783783784,,100.0,1.0,100.0,-0.2550746028851693
43.85370741482966,51.83783783783784,,100.0,1.0,100.0,-0.2555946646237322
44.05210420841683,51.83783783783784,,100.0,1.0,100.0,-0.2561148712591259
44.250501002004015,51.83783783783784,,100.0,1.0,100.0,-0.25663516020671
44.448897795591186,51.83783783783784,,100.0,1.0,100.0,-0.2571554715826329
44.64729458917836,51.83783783783784,,100.0,1.0,100.0,-0.2576757481973278
44.84569138276553,51.83783783783784,,100.0,1.0,100.0,-0.2581959355475823
45.0440881763527,51.83783783783784,,100.0,1.0,100.0,-0.2587159818071898
45.24248496993987,51.83783783783784,,100.0,1.0,100.0,-0.2592358378162503
45.440881763527045,51.83783783783784,,100.0,1.0,100.0,-0.2597554570690507
45.63927855711423,51.83783783783784,,100.0,1.0,100.0,-0.2602747957004981
45.8376753507014,51.83783783783784,,100.0,1.0,100.0,-0.2607938124713
46.036072144288575,51.83783783783784,,100.0,1.0,100.0,-0.2613124687516349
46.23446893787575,51.83783783783784,,100.0,1.0,100.0,-0.26183072850357
46.43286573146293,51.83783783783784,,100.0,1.0,100.0,-0.2623485582620529
46.631262525050104,51.83783783783784,,100.0,1.0,100.0,-0.2628659271146588
46.829659318637276,51.83783783783784,,100.0,1.0,100.0,-0.2633828066799234
47.028056112224455,51.83783783783784,,100.0,1.0,100.0,-0.2638991710844848
47.22645290581163,51.83783783783784,,100.0,1.0,100.0,-0.2644149969389441
47.424849699398806,51.83783783783784,,100.0,1.0,100.0,-0.2649302633123824
47.62324649298598,51.83783783783784,,100.0,1.0,100.0,-0.265444951705824
47.82164328657315,51.83783783783784,,100.0,1.0,100.0,-0.2659590460244063
48.02004008016032,51.83783783783784,,100.0,1.0,100.0,-0.2664725325484223
48.21843687374749,51.83783783783784,,100.0,1.0,100.0,-0.2669853999032429
48.41683366733468,51.83783783783784,,100.0,1.0,100.0,-0.2674976390281678
48.615230460921836,51.83783783783784,,100.0,1.0,100.0,-0.2680092431442181
48.81362725450902,51.83783783783784,,100.0,1.0,100.0,-0.2685202077209087
49.012024048096194,51.83783783783784,,100.0,1.0,100.0,-0.2690305304420628
49.21042084168337,51.83783783783784,,100.0,1.0,100.0,-0.2695402111707055
49.40881763527054,51.83783783783784,,100.0,1.0,100.0,-0.2700492519130404
49.60721442885771,51.83783783783784,,100.0,1.0,100.0,-0.2705576567815984
49.805611222444895,51.83783783783784,,100.0,1.0,100.0,-0.2710654319576513
50.00400801603207,51.83783783783784,,100.0,1.0,100.0,-0.2715725856527268
50.20240480961924,51.83783783783784,,100.0,1.0,100.0,-0.2720791280695998
50.40080160320641,51.83783783783784,,100.0,1.0,100.0,-0.2725850713625067
50.59919839679358,51.83783783783784,,100.0,1.0,100.0,-0.2730904295968033
50.79759519038077,51.83783783783784,,100.0,1.0,100.0,-0.2735952187080677
50.99599198396793,51.83783783783784,,100.0,1.0,100.0,-0.2740994564606701
51.19438877755511,51.83783783783784,,100.0,1.0,100.0,-0.2746031624059732
51.39278557114229,51.83783783783784,,100.0,1.0,100.0,-0.2751063578400318
51.59118236472946,51.83783783783784,,100.0,1.0,100.0,-0.2756090657609951
51.789579158316634,51.83783783783784,,100.0,1.0,100.0,-0.2761113108262645
51.987975951903806,51.83783783783784,,100.0,1.0,100.0,-0.2766131193092818
52.18637274549098,51.83783783783784,,100.0,1.0,100.0,-0.2771145190562468
52.38476953907816,51.83783783783784,,100.0,1.0,100.0,-0.277615539442675
52.583166332665336,51.83783783783784,,100.0,1.0,100.0,-0.2781162113297959
52.78156312625251,51.83783783783784,,100.0,1.0,100.0,-0.2786165670210023
52.97995991983967,51.83783783783784,,100.0,1.0,100.0,-0.2791166402182404
53.17835671342685,51.83783783783784,,100.0,1.0,100.0,-0.2796164659785557
53.37675350701403,51.83783783783784,,100.0,1.0,100.0,-0.2801160806706577
53.57515030060121,51.83783783783784,,100.0,1.0,100.0,-0.2806155219316918
53.77354709418837,51.83783783783784,,100.0,1.0,100.0,-0.2811148286242119
53.97194388777555,51.83783783783784,,100.0,1.0,100.0,-0.2816140407934319
54.17034068136273,51.83783783783784,,100.0,1.0,100.0,-0.2821131996247001
54.368737474949896,51.83783783783784,,100.0,1.0,100.0,-0.282612347401463
54.567134268537075,51.83783783783784,,100.0,1.0,100.0,-0.2831115274633784
54.765531062124246,51.83783783783784,,100.0,1.0,100.0,-0.2836107841651262
54.96392785571142,51.83783783783784,,100.0,1.0,100.0,-0.2841101628354721
55.1623246492986,51.83783783783784,,100.0,1.0,100.0,-0.2846097097369079
55.360721442885776,51.83783783783784,,100.0,1.0,100.0,-0.2851094720258641
55.55911823647295,51.83783783783784,,100.0,1.0,100.0,-0.2856094977134336
55.75751503006013,51.83783783783784,,100.0,1.0,100.0,-0.2861098356267041
55.95591182364729,51.83783783783784,,100.0,1.0,100.0,-0.2866105353707927
56.15430861723447,51.83783783783784,,100.0,1.0,100.0,-0.2871116472914207
56.35270541082165,51.83783783783784,,100.0,1.0,100.0,-0.2876132224382949
56.551102204408814,51.83783783783784,,100.0,1.0,100.0,-0.2881153125291403
56.74949899799599,51.83783783783784,,100.0,1.0,100.0,-0.2886179699144575
56.94789579158316,51.83783783783784,,100.0,1.0,100.0,-0.2891212475430851
57.146292585170336,51.83783783783784,,100.0,1.0,100.0,-0.2896251989285161
57.3446893787575,51.83783783783784,,100.0,1.0,100.0,-0.2901298781159684
57.543086172344694,51.83783783783784,,100.0,1.0,100.0,-0.2906353396503516
57.74148296593185,51.83783783783784,,100.0,1.0,100.0,-0.29114163854495
57.93987975951904,51.83783783783784,,100.0,1.0,100.0,-0.2916488302510142
58.13827655310623,51.83783783783784,,100.0,1.0,100.0,-0.2921569706282058
58.336673346693395,51.83783783783784,,100.0,1.0,100.0,-0.2926661159158127
58.535070140280574,51.83783783783784,,100.0,1.0,100.0,-0.2931763227048999
58.73346693386774,51.83783783783784,,100.0,1.0,100.0,-0.2936876479112577
58.9318637274549,51.83783783783784,,100.0,1.0,100.0,-0.2942001487493016
59.13026052104208,51.83783783783784,,100.0,1.0,100.0,-0.2947138827067515
59.32865731462926,51.83783783783784,,100.0,1.0,100.0,-0.2952289075201852
59.52705410821644,51.83783783783784,,100.0,1.0,100.0,-0.2957452811515325
59.72545090180361,51.83783783783784,,100.0,1.0,100.0,-0.2962630617653345
59.92384769539078,51.83783783783784,,100.0,1.0,100.0,-0.2967823077069053
60.12224448897794,51.83783783783784,,100.0,1.0,100.0,-0.2973030774813446
60.32064128256512,51.83783783783784,,100.0,1.0,100.0,-0.2978254297333482
60.51903807615231,51.83783783783784,,100.0,1.0,100.0,-0.2983494232279232
60.717434869739485,51.83783783783784,,100.0,1.0,100.0,-0.2988751168318652
60.915831663326664,51.83783783783784,,100.0,1.0,100.0,-0.2994025694960515
61.114228456913835,51.83783783783784,,100.0,1.0,100.0,-0.2999318402385673
61.312625250501,51.83783783783784,,100.0,1.0,100.0,-0.3004629881286084
61.51102204408818,51.83783783783784,,100.0,1.0,100.0,-0.3009960722711157
61.709418837675344,51.83783783783784,,100.0,1.0,100.0,-0.3015311517922621
61.90781563126252,51.83783783783784,,100.0,1.0,100.0,-0.302068285825564
62.1062124248497,51.83783783783784,,100.0,1.0,100.0,-0.3026075334988287
62.30460921843688,51.83783783783784,,100.0,1.0,100.0,-0.3031489539217699
62.50300601202406,51.83783783783784,,100.0,1.0,100.0,-0.3036926061742862
62.701402805611224,51.83783783783784,,100.0,1.0,100.0,-0.3042385492955175
62.89979959919839,51.83783783783784,,100.0,1.0,100.0,-0.3047868422734798
63.09819639278557,51.83783783783784,,100.0,1.0,100.0,-0.3053375440353824
63.296593186372746,51.83783783783784,,100.0,1.0,100.0,-0.3058907134385363
63.494989979959925,51.83783783783784,,100.0,1.0,100.0,-0.3064464092619777
63.69338677354709,51.83783783783784,,100.0,1.0,100.0,-0.3070046901985609
63.89178356713427,51.83783783783784,,100.0,1.0,100.0,-0.3075656148477234
64.09018036072143,51.83783783783784,,100.0,1.0,100.0,-0.3081292417087654
64.28857715430863,51.83783783783784,,100.0,1.0,100.0,-0.3086956291746892
64.48697394789579,51.83783783783784,,100.0,1.0,100.0,-0.3092648355265827
64.68537074148296,51.83783783783784,,100.0,1.0,100.0,-0.3098369189284693
64.88376753507015,51.83783783783784,,100.0,1.0,100.0,-0.3104119374227263
65.08216432865731,51.83783783783784,,100.0,1.0,100.0,-0.3109899489259172
65.28056112224449,51.83783783783784,,100.0,1.0,100.0,-0.31157101122511
65.47895791583166,51.83783783783784,,100.0,1.0,100.0,-0.3121551819746555
65.67735470941884,51.83783783783784,,100.0,1.0,100.0,-0.3127425186934292
65.87575150300601,51.83783783783784,,100.0,1.0,100.0,-0.3133330787624194
66.0741482965932,51.83783783783784,,100.0,1.0,100.0,-0.3139269194227845
66.27254509018036,51.83783783783784,,100.0,1.0,100.0,-0.3145240977743225
66.47094188376754,51.83783783783784,,100.0,1.0,100.0,-0.3151246707742209
66.66933867735472,51.83783783783784,,100.0,1.0,100.0,-0.3157286952363292
66.8677354709419,51.83783783783784,,100.0,1.0,100.0,-0.3163362278306616
67.06613226452906,51.83783783783784,,100.0,1.0,100.0,-0.3169473250833164
67.26452905811624,51.83783783783784,,100.0,1.0,100.0,-0.317562043376734
67.4629258517034,51.83783783783784,,100.0,1.0,100.0,-0.3181804389502473
67.6613226452906,51.83783783783784,,100.0,1.0,100.0,-0.3188025679009929
67.85971943887776,51.83783783783784,,100.0,1.0,100.0,-0.3194284861851185
68.05811623246494,51.83783783783784,,100.0,1.0,100.0,-0.3200582496192951
68.2565130260521,51.83783783783784,,100.0,1.0,100.0,-0.3206919138825328
68.45490981963928,51.83783783783784,,100.0,1.0,100.0,-0.3213295345182961
68.65330661322645,51.83783783783784,,100.0,1.0,100.0,-0.3219711669368832
68.85170340681363,51.83783783783784,,100.0,1.0,100.0,-0.3226168664181068
69.05010020040079,51.83783783783784,,100.0,1.0,100.0,-0.3232666881142263
69.24849699398798,51.83783783783784,,100.0,1.0,100.0,-0.3239206870532092
69.44689378757515,51.83783783783784,,100.0,1.0,100.0,-0.3245789181421585
69.64529058116234,51.83783783783784,,100.0,1.0,100.0,-0.3252414361711078
69.84368737474949,51.83783783783784,,100.0,1.0,100.0,-0.3259082958170238
70.04208416833667,51.83783783783784,,100.0,1.0,100.0,-0.3265795516480453
70.24048096192385,51.83783783783784,,100.0,1.0,100.0,-0.3272552581280371
70.43887775551103,51.83783783783784,,100.0,1.0,100.0,-0.3279354696213681
70.6372745490982,51.83783783783784,,100.0,1.0,100.0,-0.3286202403979277
70.83567134268537,51.83783783783784,,100.0,1.0,100.0,-0.3293096246384087
71.03406813627254,51.83783783783784,,100.0,1.0,100.0,-0.3300036764398196
71.23246492985973,51.83783783783784,,100.0,1.0,100.0,-0.3307024498213176
71.4308617234469,51.83783783783784,,100.0,1.0,100.0,-0.3314059987301895
71.62925851703406,51.83783783783784,,100.0,1.0,100.0,-0.3321143770481358
71.82765531062124,51.83783783783784,,100.0,1.0,100.0,-0.3328276385977905
72.0260521042084,51.83783783783784,,100.0,1.0,100.0,-0.3335458371495616
72.2244488977956,51.83783783783784,,100.0,1.0,100.0,-0.3342690264285609
72.42284569138276,51.83783783783784,,100.0,1.0,100.0,-0.3349972601219341
72.62124248496994,51.83783783783784,,100.0,1.0,100.0,-0.3357305918864145
72.8196392785571,51.83783783783784,,100.0,1.0,100.0,-0.3364690753560317
73.01803607214428,51.83783783783784,,100.0,1.0,100.0,-0.3372127641502116
73.21643286573146,51.83783783783784,,100.0,1.0,100.0,-0.3379617118820212
73.41482965931863,51.83783783783784,,100.0,1.0,100.0,-0.3387159721667221
73.6132264529058,51.83783783783784,,100.0,1.0,100.0,-0.3394755986305763
73.81162324649299,51.83783783783784,,100.0,1.0,100.0,-0.3402406449198943
74.01002004008016,51.83783783783784,,100.0,1.0,100.0,-0.3410111647103647
74.20841683366733,51.83783783783784,,100.0,1.0,100.0,-0.3417872117165773
74.40681362725451,51.83783783783784,,100.0,1.0,100.0,-0.3425688397019555
74.60521042084169,51.83783783783784,,100.0,1.0,100.0,-0.343356102488723
74.80360721442887,51.83783783783784,,100.0,1.0,100.0,-0.3441490539683456
75.00200400801603,51.83783783783784,,100.0,1.0,100.0,-0.3449477481121564
75.20040080160321,51.83783783783784,,100.0,1.0,100.0,-0.3457522389822154
75.39879759519039,51.83783783783784,,100.0,1.0,100.0,-0.3465625807424209
75.59719438877755,51.83783783783784,,100.0,1.0,100.0,-0.347378827670006
75.79559118236472,51.83783783783784,,100.0,1.0,100.0,-0.3482010341671935
75.99398797595191,51.83783783783784,,100.0,1.0,100.0,-0.349029254773099
76.19238476953907,51.83783783783784,,100.0,1.0,100.0,-0.3498635441759933
76.39078156312625,51.83783783783784,,100.0,1.0,100.0,-0.3507039572257995
76.58917835671345,51.83783783783784,,100.0,1.0,100.0,-0.3515505489468108
76.7875751503006,51.83783783783784,,100.0,1.0,100.0,-0.3524033745507046
76.98597194388778,51.83783783783784,,100.0,1.0,100.0,-0.3532624894498846
77.18436873747495,51.83783783783784,,100.0,1.0,100.0,-0.3541279492709922
77.38276553106212,51.83783783783784,,100.0,1.0,100.0,-0.3549998098687629
77.5811623246493,51.83783783783784,,100.0,1.0,100.0,-0.3558781273400788
77.77955911823646,51.83783783783784,,100.0,1.0,100.0,-0.356762958038379
77.97795591182366,51.83783783783784,,100.0,1.0,100.0,-0.3576543585882566
78.1763527054108,51.83783783783784,,100.0,1.0,100.0,-0.358552385900354
78.374749498998,51.83783783783784,,100.0,1.0,100.0,-0.3594570971865776
78.5731462925852,51.83783783783784,,100.0,1.0,100.0,-0.3603685499754151
78.77154308617234,51.83783783783784,,100.0,1.0,100.0,-0.3612868021277363
78.96993987975952,51.83783783783784,,100.0,1.0,100.0,-0.3622119118527306
79.1683366733467,51.83783783783784,,100.0,1.0,100.0,-0.3631439377240408
79.36673346693387,51.83783783783784,,100.0,1.0,100.0,-0.3640829386963791
79.56513026052104,51.83783783783784,,100.0,1.0,100.0,-0.3650289741221381
79.76352705410822,51.83783783783784,,100.0,1.0,100.0,-0.3659821037684828
79.9619238476954,51.83783783783784,,100.0,1.0,100.0,-0.3669423878346027
80.16032064128257,51.83783783783784,,100.0,1.0,100.0,-0.3679098869691724
80.35871743486975,51.83783783783784,,100.0,1.0,100.0,-0.3688846622881975
80.55711422845691,51.83783783783784,,100.0,1.0,100.0,-0.3698667753930131
80.75551102204409,51.83783783783784,,100.0,1.0,100.0,-0.3708562883886045
80.95390781563127,51.83783783783784,,100.0,1.0,100.0,-0.3718532639020924
81.15230460921843,51.83783783783784,,100.0,1.0,100.0,-0.3728577651015692
81.35070140280563,51.83783783783784,,100.0,1.0,100.0,-0.3738698557151334
81.54909819639279,51.83783783783784,,100.0,1.0,100.0,-0.3748896000501981
81.74749498997996,51.83783783783784,,100.0,1.0,100.0,-0.3759170630130115
81.94589178356713,51.83783783783784,,100.0,1.0,100.0,-0.3769523101284275
82.14428857715431,51.83783783783784,,100.0,1.0,100.0,-0.3779954075600306
82.34268537074149,51.83783783783784,,100.0,1.0,100.0,-0.3790464221303308
82.54108216432866,51.83783783783784,,100.0,1.0,100.0,-0.3801054213412929
82.73947895791585,51.83783783783784,,100.0,1.0,100.0,-0.3811724733951865
82.937875751503,51.83783783783784,,100.0,1.0,100.0,-0.3822476472155338
83.13627254509018,51.83783783783784,,100.0,1.0,100.0,-0.3833310124683488
83.33466933867736,51.83783783783784,,100.0,1.0,100.0,-0.3844226395836928
83.53306613226454,51.83783783783784,,100.0,1.0,100.0,-0.3855225997773556
83.7314629258517,51.83783783783784,,100.0,1.0,100.0,-0.3866309650728317
83.92985971943888,51.83783783783784,,100.0,1.0,100.0,-0.3877478083236083
84.12825651302606,51.83783783783784,,100.0,1.0,100.0,-0.3888732032354871
84.32665330661322,51.83783783783784,,100.0,1.0,100.0,-0.3900072243893483
84.5250501002004,51.83783783783784,,100.0,1.0,100.0,-0.3911499472640845
84.72344689378757,51.83783783783784,,100.0,1.0,100.0,-0.392301448259682
84.92184368737476,51.83783783783784,,100.0,1.0,100.0,-0.3934618047206931
85.12024048096194,51.83783783783784,,100.0,1.0,100.0,-0.3946310949598119
85.3186372745491,51.83783783783784,,100.0,1.0,100.0,-0.3958093982817539
85.51703406813628,51.83783783783784,,100.0,1.0,100.0,-0.3969967950073475
85.71543086172345,51.83783783783784,,100.0,1.0,100.0,-0.3981933664978674
85.91382765531063,51.83783783783784,,100.0,1.0,100.0,-0.3993991951796076
86.1122244488978,51.83783783783784,,100.0,1.0,100.0,-0.4006143645686029
86.31062124248497,51.83783783783784,,100.0,1.0,100.0,-0.4018389592958357
86.50901803607215,51.83783783783784,,100.0,1.0,100.0,-0.4030730651323144
86.70741482965931,51.83783783783784,,100.0,1.0,100.0,-0.4043167690146877
86.90581162324649,51.83783783783784,,100.0,1.0,100.0,-0.4055701590709543
87.10420841683366,51.83783783783784,,100.0,1.0,100.0,-0.4068333246464578
87.30260521042084,51.83783783783784,,100.0,1.0,100.0,-0.4081063563300439
87.50100200400803,51.83783783783784,,100.0,1.0,100.0,-0.4093893459805919
87.6993987975952,51.83783783783784,,100.0,1.0,100.0,-0.4106823867536178
87.89779559118237,51.83783783783784,,100.0,1.0,100.0,-0.4119855731282905
88.09619238476955,51.83783783783784,,100.0,1.0,100.0,-0.4132990009345106
88.29458917835672,51.83783783783784,,100.0,1.0,100.0,-0.414622767380396
88.4929859719439,51.83783783783784,,100.0,1.0,100.0,-0.4159569710798952
88.69138276553106,51.83783783783784,,100.0,1.0,100.0,-0.4173017120806824
88.88977955911824,51.83783783783784,,100.0,1.0,100.0,-0.4186570918922729
89.0881763527054,51.83783783783784,,100.0,1.0,100.0,-0.420023213514506
89.28657314629258,51.83783783783784,,100.0,1.0,100.0,-0.4214001814660683
89.48496993987975,51.83783783783784,,100.0,1.0,100.0,-0.4227881018134082
89.68336673346693,51.83783783783784,,100.0,1.0,100.0,-0.4241870821999449
89.88176352705409,51.83783783783784,,100.0,1.0,100.0,-0.4255972318753382
90.08016032064127,51.83783783783784,,100.0,1.0,100.0,-0.4270186617252367
90.27855711422846,51.83783783783784,,100.0,1.0,100.0,-0.428451484301081
90.47695390781564,51.83783783783784,,100.0,1.0,100.0,-0.4298958138503698
90.6753507014028,51.83783783783784,,100.0,1.0,100.0,-0.4313517663469618
90.87374749498998,51.83783783783784,,100.0,1.0,100.0,-0.4328194595218556
91.07214428857715,51.83783783783784,,100.0,1.0,100.0,-0.4342990128941163
91.27054108216433,51.83783783783784,,100.0,1.0,100.0,-0.4357905478020281
91.46893787575152,51.83783783783784,,100.0,1.0,100.0,-0.4372941874346508
91.66733466933867,51.83783783783784,,100.0,1.0,100.0,-0.438810056863577
91.86573146292585,51.83783783783784,,100.0,1.0,100.0,-0.4403382830748641
92.06412825651303,51.83783783783784,,100.0,1.0,100.0,-0.4418789950015284
92.26252505010021,51.83783783783784,,100.0,1.0,100.0,-0.4434323235559695
92.46092184368737,51.83783783783784,,100.0,1.0,100.0,-0.4449984016629237
92.65931863727455,51.83783783783784,,100.0,1.0,100.0,-0.4465773642926232
92.85771543086172,51.83783783783784,,100.0,1.0,100.0,-0.4481693484942646
93.05611222444891,51.83783783783784,,100.0,1.0,100.0,-0.4497744934297085
93.25450901803607,51.83783783783784,,100.0,1.0,100.0,-0.4513929404075437
93.45290581162325,51.83783783783784,,100.0,1.0,100.0,-0.4530248329174624
93.65130260521043,51.83783783783784,,100.0,1.0,100.0,-0.4546703166648488
93.84969939879761,51.83783783783784,,100.0,1.0,100.0,-0.4563295396058063
94.04809619238478,51.83783783783784,,100.0,1.0,100.0,-0.4580026519823257
94.24649298597195,51.83783783783784,,100.0,1.0,100.0,-0.4596898063579331
94.44488977955912,51.83783783783784,,100.0,1.0,100.0,-0.4613911576535529
94.6432865731463,51.83783783783784,,100.0,1.0,100.0,-0.4631068631837352
94.84168336673346,51.83783783783784,,100.0,1.0,100.0,-0.4648370826931812
95.04008016032064,51.83783783783784,,100.0,1.0,100.0,-0.4665819783935981
95.2384769539078,51.83783783783784,,100.0,1.0,100.0,-0.4683417150009811
95.43687374749499,51.83783783783784,,100.0,1.0,100.0,-0.4701164597730335
95.63527054108215,51.83783783783784,,100.0,1.0,100.0,-0.4719063825471156
95.83366733466936,51.83783783783784,,100.0,1.0,100.0,-0.4737116557784717
96.03206412825652,51.83783783783784,,100.0,1.0,100.0,-0.4755324545788005
96.2304609218437,51.83783783783784,,100.0,1.0,100.0,-0.4773689567551412
96.42885771543087,51.83783783783784,,100.0,1.0,100.0,-0.4792213428492112
96.62725450901804,51.83783783783784,,100.0,1.0,100.0,-0.4810897961770928
96.82565130260521,51.83783783783784,,100.0,1.0,100.0,-0.482974502869169
97.02404809619239,51.83783783783784,,100.0,1.0,100.0,-0.4848756519105225
97.22244488977958,51.83783783783784,,100.0,1.0,100.0,-0.4867934351818379
97.42084168336673,51.83783783783784,,100.0,1.0,100.0,-0.4887280475004065
97.6192384769539,51.83783783783784,,100.0,1.0,100.0,-0.490679686661716
97.81763527054107,51.83783783783784,,100.0,1.0,100.0,-0.4926485534814623
98.01603206412825,51.83783783783784,,100.0,1.0,100.0,-0.4946348518377692
98.21442885771542,51.83783783783784,,100.0,1.0,100.0,-0.4966387887140568
98.4128256513026,51.83783783783784,,100.0,1.0,100.0,-0.4986605742420791
98.61122244488979,51.83783783783784,,100.0,1.0,100.0,-0.5007004217455316
98.80961923847698,51.83783783783784,,100.0,1.0,100.0,-0.502758547784044
99.00801603206413,51.83783783783784,,100.0,1.0,100.0,-0.5048351721976744
99.2064128256513,51.83783783783784,,100.0,1.0,100.0,-0.5069305181515745
99.40480961923848,51.83783783783784,,100.0,1.0,100.0,-0.5090448121814158
99.60320641282564,51.83783783783784,,100.0,1.0,100.0,-0.5111782842390881
99.80160320641282,51.83783783783784,,100.0,1.0,100.0,-0.5133311677388642
100.0,51.83783783783784,,100.0,1.0,100.0,-0.5155036996040312
1.0,54.513513513513516,,100.0,1.0,100.0,-0.415112685718069
1.1983967935871744,54.513513513513516,,100.0,1.0,100.0,-0.4121544256059385
1.3967935871743486,54.513513513513516,,100.0,1.0,100.0,-0.4092229816243636
1.595190380761523,54.513513513513516,,100.0,1.0,100.0,-0.4063183862998839
1.7935871743486973,54.513513513513516,,100.0,1.0,100.0,-0.4034406710496729
1.9919839679358717,54.513513513513516,,100.0,1.0,100.0,-0.400589866115027
2.190380761523046,54.513513513513516,,100.0,1.0,100.0,-0.3977660004966781
2.38877755511022,54.513513513513516,,100.0,1.0,100.0,-0.3949691018918743
2.5871743486973946,54.513513513513516,,100.0,1.0,100.0,-0.3921991966331342
2.785571142284569,54.513513513513516,,100.0,1.0,100.0,-0.3894563096287611
2.9839679358717435,54.513513513513516,,100.0,1.0,100.0,-0.386740464305022
3.182364729458918,54.513513513513516,,100.0,1.0,100.0,-0.384051682549947
3.380761523046093,54.513513513513516,,100.0,1.0,100.0,-0.3813899846587987
3.579158316633267,54.513513513513516,,100.0,1.0,100.0,-0.3787553892811258
3.7775551102204403,54.513513513513516,,100.0,1.0,100.0,-0.3761479133694095
3.9759519038076157,54.513513513513516,,100.0,1.0,100.0,-0.3735675721292762
4.174348697394789,54.513513513513516,,100.0,1.0,100.0,-0.3710143789712186
4.372745490981964,54.513513513513516,,100.0,1.0,100.0,-0.3684883454638735
4.571142284569138,54.513513513513516,,100.0,1.0,100.0,-0.3659894812887905
4.7695390781563125,54.513513513513516,,100.0,1.0,100.0,-0.3635177941966536
4.967935871743487,54.513513513513516,,100.0,1.0,100.0,-0.3610732899649995
5.166332665330662,54.513513513513516,,100.0,1.0,100.0,-0.3586559723573586
5.364729458917837,54.513513513513516,,100.0,1.0,100.0,-0.3562658430838074
5.563126252505009,54.513513513513516,,100.0,1.0,100.0,-0.353902901762978
5.761523046092185,54.513513513513516,,100.0,1.0,100.0,-0.3515671458853918
5.959919839679359,54.513513513513516,,100.0,1.0,100.0,-0.3492585707782407
6.158316633266534,54.513513513513516,,100.0,1.0,100.0,-0.3469771695714433
6.356713426853707,54.513513513513516,,100.0,1.0,100.0,-0.3447229331651414
6.555110220440882,54.513513513513516,,100.0,1.0,100.0,-0.3424958501984586
6.753507014028057,54.513513513513516,,100.0,1.0,100.0,-0.3402959070196056
6.951903807615231,54.513513513513516,,100.0,1.0,100.0,-0.3381230876572658
7.150300601202405,54.513513513513516,,100.0,1.0,100.0,-0.3359773737933279
7.348697394789579,54.513513513513516,,100.0,1.0,100.0,-0.3338587447368385
7.547094188376754,54.513513513513516,,100.0,1.0,100.0,-0.3317671773992426
7.745490981963927,54.513513513513516,,100.0,1.0,100.0,-0.3297026462709029
7.9438877755511,54.513513513513516,,100.0,1.0,100.0,-0.3276651233988479
8.142284569138276,54.513513513513516,,100.0,1.0,100.0,-0.325654578365747
8.340681362725451,54.513513513513516,,100.0,1.0,100.0,-0.3236709782701407
8.539078156312625,54.513513513513516,,100.0,1.0,100.0,-0.3217142877078362
8.737474949899799,54.513513513513516,,100.0,1.0,100.0,-0.3197844687546049
8.935871743486974,54.513513513513516,,100.0,1.0,100.0,-0.3178814809499854
9.13426853707415,54.513513513513516,,100.0,1.0,100.0,-0.3160052812822854
9.332665330661325,54.513513513513516,,100.0,1.0,100.0,-0.3141558241748788
9.531062124248498,54.513513513513516,,100.0,1.0,100.0,-0.312333061473513
9.729458917835672,54.513513513513516,,100.0,1.0,100.0,-0.3105369424349125
9.927855711422845,54.513513513513516,,100.0,1.0,100.0,-0.3087674137164831
10.126252505010019,54.513513513513516,,100.0,1.0,100.0,-0.3070244193672012
10.324649298597194,54.513513513513516,,100.0,1.0,100.0,-0.305307900819616
10.52304609218437,54.513513513513516,,100.0,1.0,100.0,-0.3036177968830231
10.721442885771543,54.513513513513516,,100.0,1.0,100.0,-0.3019540437377657
10.919839679358718,54.513513513513516,,100.0,1.0,100.0,-0.3003165749306625
11.118236472945892,54.513513513513516,,100.0,1.0,100.0,-0.2987053213715374
11.316633266533067,54.513513513513516,,100.0,1.0,100.0,-0.2971202113309134
11.515030060120242,54.513513513513516,,100.0,1.0,100.0,-0.2955611704387818
11.713426853707414,54.513513513513516,,100.0,1.0,100.0,-0.294028121684465
11.91182364729459,54.513513513513516,,100.0,1.0,100.0,-0.2925209854176239
12.110220440881761,54.513513513513516,,100.0,1.0,100.0,-0.2910396793503197
12.308617234468937,54.513513513513516,,100.0,1.0,100.0,-0.28958411856018
12.507014028056114,54.513513513513516,,100.0,1.0,100.0,-0.288154215494649
12.705410821643287,54.513513513513516,,100.0,1.0,100.0,-0.2867498799762972
12.903807615230463,54.513513513513516,,100.0,1.0,100.0,-0.2853710192092333
13.102204408817634,54.513513513513516,,100.0,1.0,100.0,-0.2840175377865386
13.30060120240481,54.513513513513516,,100.0,1.0,100.0,-0.2826893376987893
13.498997995991983,54.513513513513516,,100.0,1.0,100.0,-0.2813863183436342
13.697394789579159,54.513513513513516,,100.0,1.0,100.0,-0.2801083765363921
13.895791583166334,54.513513513513516,,100.0,1.0,100.0,-0.2788554065217191
14.094188376753507,54.513513513513516,,100.0,1.0,100.0,-0.2776272999862634
14.292585170340683,54.513513513513516,,100.0,1.0,100.0,-0.2764239460724025
14.490981963927855,54.513513513513516,,100.0,1.0,100.0,-0.2752452313929561
14.689378757515032,54.513513513513516,,100.0,1.0,100.0,-0.2740910400469187
14.887775551102203,54.513513513513516,,100.0,1.0,100.0,-0.2729612536362112
15.086172344689379,54.513513513513516,,100.0,1.0,100.0,-0.2718557512833767
15.284569138276554,54.513513513513516,,100.0,1.0,100.0,-0.2707744096503558
15.482965931863726,54.513513513513516,,100.0,1.0,100.0,-0.2697171029581178
15.681362725450903,54.513513513513516,,100.0,1.0,100.0,-0.2686837030073749
15.879759519038075,54.513513513513516,,100.0,1.0,100.0,-0.2676740792001594
16.07815631262525,54.513513513513516,,100.0,1.0,100.0,-0.2666880985624117
16.276553106212425,54.513513513513516,,100.0,1.0,100.0,-0.2657256257674949
16.474949899799597,54.513513513513516,,100.0,1.0,100.0,-0.2647865231605893
16.673346693386772,54.513513513513516,,100.0,1.0,100.0,-0.2638706507840916
16.871743486973948,54.513513513513516,,100.0,1.0,100.0,-0.2629778664038296
17.070140280561123,54.513513513513516,,100.0,1.0,100.0,-0.2621080255362197
17.2685370741483,54.513513513513516,,100.0,1.0,100.0,-0.261260981476278
17.466933867735474,54.513513513513516,,100.0,1.0,100.0,-0.2604365853265448
17.66533066132265,54.513513513513516,,100.0,1.0,100.0,-0.2596346860268154
17.86372745490982,54.513513513513516,,100.0,1.0,100.0,-0.2588551303847174
18.062124248496996,54.513513513513516,,100.0,1.0,100.0,-0.2580977631071257
18.260521042084168,54.513513513513516,,100.0,1.0,100.0,-0.2573624268324296
18.458917835671343,54.513513513513516,,100.0,1.0,100.0,-0.2566489621634978
18.657314629258515,54.513513513513516,,100.0,1.0,100.0,-0.2559572077015364
18.85571142284569,54.513513513513516,,100.0,1.0,100.0,-0.2552870000806317
19.054108216432866,54.513513513513516,,100.0,1.0,100.0,-0.2546381740030863
19.252505010020037,54.513513513513516,,100.0,1.0,100.0,-0.2540105622754721
19.450901803607216,54.513513513513516,,100.0,1.0,100.0,-0.2534039958454099
19.649298597194388,54.513513513513516,,100.0,1.0,100.0,-0.2528183038390463
19.847695390781563,54.513513513513516,,100.0,1.0,100.0,-0.2522533135991989
20.04609218436874,54.513513513513516,,100.0,1.0,100.0,-0.2517088507241801
20.244488977955914,54.513513513513516,,100.0,1.0,100.0,-0.2511847391072716
20.442885771543086,54.513513513513516,,100.0,1.0,100.0,-0.2506808009768069
20.64128256513026,54.513513513513516,,100.0,1.0,100.0,-0.250196856936888
20.839679358717436,54.513513513513516,,100.0,1.0,100.0,-0.2497327260086504
21.03807615230461,54.513513513513516,,100.0,1.0,100.0,-0.2492882256721444
21.236472945891784,54.513513513513516,,100.0,1.0,100.0,-0.2488631719087434
21.43486973947896,54.513513513513516,,100.0,1.0,100.0,-0.2484573792440759
21.633266533066134,54.513513513513516,,100.0,1.0,100.0,-0.2480706607914565
21.831663326653306,54.513513513513516,,100.0,1.0,100.0,-0.2477028282958703
22.030060120240485,54.513513513513516,,100.0,1.0,100.0,-0.2473536921783388
22.228456913827657,54.513513513513516,,100.0,1.0,100.0,-0.2470230615807951
22.42685370741483,54.513513513513516,,100.0,1.0,100.0,-0.2467107444113618
22.625250501002007,54.513513513513516,,100.0,1.0,100.0,-0.2464165473900416
22.82364729458918,54.513513513513516,,100.0,1.0,100.0,-0.2461402760947929
23.02204408817635,54.513513513513516,,100.0,1.0,100.0,-0.2458817350079831
23.220440881763523,54.513513513513516,,100.0,1.0,100.0,-0.2456407275631523
23.4188376753507,54.513513513513516,,100.0,1.0,100.0,-0.2454170561921573
23.617234468937873,54.513513513513516,,100.0,1.0,100.0,-0.2452105223725475
23.815631262525052,54.513513513513516,,100.0,1.0,100.0,-0.2450209266752885
24.014028056112227,54.513513513513516,,100.0,1.0,100.0,-0.2448480688127304
24.212424849699403,54.513513513513516,,100.0,1.0,100.0,-0.2446917476867617
24.410821643286575,54.513513513513516,,100.0,1.0,100.0,-0.2445517614372995
24.609218436873746,54.513513513513516,,100.0,1.0,100.0,-0.2444279074908538
24.807615230460925,54.513513513513516,,100.0,1.0,100.0,-0.2443199826093643
25.006012024048097,54.513513513513516,,100.0,1.0,100.0,-0.2442277829391951
25.20440881763527,54.513513513513516,,100.0,1.0,100.0,-0.2441511040601714
25.402805611222448,54.513513513513516,,100.0,1.0,100.0,-0.2440897410349087
25.60120240480962,54.513513513513516,,100.0,1.0,100.0,-0.2440434884581032
25.79959919839679,54.513513513513516,,100.0,1.0,100.0,-0.2440121405059768
25.997995991983966,54.513513513513516,,100.0,1.0,100.0,-0.24399549098577
26.196392785571145,54.513513513513516,,100.0,1.0,100.0,-0.2439933333853408
26.394789579158317,54.513513513513516,,100.0,1.0,100.0,-0.2440054609226776
26.59318637274549,54.513513513513516,,100.0,1.0,100.0,-0.2440316665955756
26.791583166332664,54.513513513513516,,100.0,1.0,100.0,-0.2440717432312314
26.98997995991984,54.513513513513516,,100.0,1.0,100.0,-0.2441254835357895
27.188376753507008,54.513513513513516,,100.0,1.0,100.0,-0.2441926801440018
27.386773547094187,54.513513513513516,,100.0,1.0,100.0,-0.244273125668652
27.585170340681366,54.513513513513516,,100.0,1.0,100.0,-0.2443666127500913
27.783567134268534,54.513513513513516,,100.0,1.0,100.0,-0.2444729341055943
27.98196392785571,54.513513513513516,,100.0,1.0,100.0,-0.244591882578665
28.180360721442888,54.513513513513516,,100.0,1.0,100.0,-0.2447232511882229
28.378757515030063,54.513513513513516,,100.0,1.0,100.0,-0.2448668331777285
28.577154308617235,54.513513513513516,,100.0,1.0,100.0,-0.2450224220640941
28.7755511022044,54.513513513513516,,100.0,1.0,100.0,-0.245189811686558
28.97394789579158,54.513513513513516,,100.0,1.0,100.0,-0.245368796255306
29.172344689378757,54.513513513513516,,100.0,1.0,100.0,-0.2455591703999921
29.370741482965926,54.513513513513516,,100.0,1.0,100.0,-0.2457607292181072
29.5691382765531,54.513513513513516,,100.0,1.0,100.0,-0.2459732683230812
29.76753507014028,54.513513513513516,,100.0,1.0,100.0,-0.2461965838922827
29.965931863727448,54.513513513513516,,100.0,1.0,100.0,-0.2464304727147288
30.164328657314627,54.513513513513516,,100.0,1.0,100.0,-0.2466747322386725
30.36272545090181,54.513513513513516,,100.0,1.0,100.0,-0.2469291606188645
30.56112224448897,54.513513513513516,,100.0,1.0,100.0,-0.2471935567636843
30.759519038076157,54.513513513513516,,100.0,1.0,100.0,-0.2474677203819423
30.957915831663332,54.513513513513516,,100.0,1.0,100.0,-0.247751452029484
31.1563126252505,54.513513513513516,,100.0,1.0,100.0,-0.2480445531555029
31.35470941883768,54.513513513513516,,100.0,1.0,100.0,-0.2483468261486189
31.553106212424858,54.513513513513516,,100.0,1.0,100.0,-0.2486580743826565
31.751503006012022,54.513513513513516,,100.0,1.0,100.0,-0.248978102262097
31.949899799599194,54.513513513513516,,100.0,1.0,100.0,-0.2493067152673308
32.14829659318637,54.513513513513516,,100.0,1.0,100.0,-0.2496437199995209
32.346693386773545,54.513513513513516,,100.0,1.0,100.0,-0.2499889242251921
32.545090180360724,54.513513513513516,,100.0,1.0,100.0,-0.2503421369204647
32.743486973947896,54.513513513513516,,100.0,1.0,100.0,-0.2507031683150127
32.941883767535074,54.513513513513516,,100.0,1.0,100.0,-0.2510718299356363
33.140280561122246,54.513513513513516,,100.0,1.0,100.0,-0.2514479346495017
33.33867735470942,54.513513513513516,,100.0,1.0,100.0,-0.2518312967069914
33.5370741482966,54.513513513513516,,100.0,1.0,100.0,-0.2522217317842394
33.73547094188377,54.513513513513516,,100.0,1.0,100.0,-0.2526190570252324
33.93386773547095,54.513513513513516,,100.0,1.0,100.0,-0.2530230910835541
34.13226452905812,54.513513513513516,,100.0,1.0,100.0,-0.2534336541636803
34.3306613226453,54.513513513513516,,100.0,1.0,100.0,-0.2538505680619461
34.52905811623247,54.513513513513516,,100.0,1.0,100.0,-0.2542736562069653
34.72745490981965,54.513513513513516,,100.0,1.0,100.0,-0.2547027436997132
34.92585170340681,54.513513513513516,,100.0,1.0,100.0,-0.2551376573531065
35.12424849699399,54.513513513513516,,100.0,1.0,100.0,-0.2555782257310965
35.32264529058117,54.513513513513516,,100.0,1.0,100.0,-0.2560242791873482
35.521042084168336,54.513513513513516,,100.0,1.0,100.0,-0.2564756499033576
35.719438877755515,54.513513513513516,,100.0,1.0,100.0,-0.2569321719260564
35.91783567134269,54.513513513513516,,100.0,1.0,100.0,-0.2573936812049595
36.11623246492986,54.513513513513516,,100.0,1.0,100.0,-0.2578600156286768
36.31462925851703,54.513513513513516,,100.0,1.0,100.0,-0.2583310150609015
36.51302605210421,54.513513513513516,,100.0,1.0,100.0,-0.2588065213758306
36.71142284569138,54.513513513513516,,100.0,1.0,100.0,-0.2592863784929445
36.90981963927855,54.513513513513516,,100.0,1.0,100.0,-0.2597704324112228
37.10821643286573,54.513513513513516,,100.0,1.0,100.0,-0.2602585312426488
37.3066132264529,54.513513513513516,,100.0,1.0,100.0,-0.2607505252451275
37.505010020040075,54.513513513513516,,100.0,1.0,100.0,-0.2612462668546559
37.703406813627254,54.513513513513516,,100.0,1.0,100.0,-0.2617456107168294
37.90180360721443,54.513513513513516,,100.0,1.0,100.0,-0.2622484137176158
38.100200400801604,54.513513513513516,,100.0,1.0,100.0,-0.2627545350133856
38.298597194388776,54.513513513513516,,100.0,1.0,100.0,-0.2632638360601204
38.496993987975955,54.513513513513516,,100.0,1.0,100.0,-0.2637761806419332
38.69539078156313,54.513513513513516,,100.0,1.0,100.0,-0.2642914348986476
38.8937875751503,54.513513513513516,,100.0,1.0,100.0,-0.2648094673526123
39.09218436873748,54.513513513513516,,100.0,1.0,100.0,-0.265330148934633
39.29058116232465,54.513513513513516,,100.0,1.0,100.0,-0.2658533530090112
39.48897795591183,54.513513513513516,,100.0,1.0,100.0,-0.2663789553976262
39.687374749499,54.513513513513516,,100.0,1.0,100.0,-0.2669068344031512
39.88577154308617,54.513513513513516,,100.0,1.0,100.0,-0.2674368708312462
40.08416833667335,54.513513513513516,,100.0,1.0,100.0,-0.2679689480117524
40.28256513026052,54.513513513513516,,100.0,1.0,100.0,-0.2685029518189255
40.4809619238477,54.513513513513516,,100.0,1.0,100.0,-0.2690387706905891
40.67935871743487,54.513513513513516,,100.0,1.0,100.0,-0.2695762956462225
40.877755511022045,54.513513513513516,,100.0,1.0,100.0,-0.2701154203039513
41.07615230460922,54.513513513513516,,100.0,1.0,100.0,-0.2706560408964851
41.274549098196395,54.513513513513516,,100.0,1.0,100.0,-0.2711980562858306
41.47294589178357,54.513513513513516,,100.0,1.0,100.0,-0.2717413679769211
41.671342685370746,54.513513513513516,,100.0,1.0,100.0,-0.2722858801300208
41.86973947895792,54.513513513513516,,100.0,1.0,100.0,-0.27283149957199
42.06813627254509,54.513513513513516,,100.0,1.0,100.0,-0.2733781358062174
42.26653306613227,54.513513513513516,,100.0,1.0,100.0,-0.2739257010214432
42.46492985971944,54.513513513513516,,100.0,1.0,100.0,-0.2744741100992333
42.66332665330661,54.513513513513516,,100.0,1.0,100.0,-0.2750232806202326
42.861723446893784,54.513513513513516,,100.0,1.0,100.0,-0.2755731328690772
43.06012024048097,54.513513513513516,,100.0,1.0,100.0,-0.2761235898380701
43.25851703406814,54.513513513513516,,100.0,1.0,100.0,-0.2766745772294673
43.45691382765531,54.513513513513516,,100.0,1.0,100.0,-0.2772260234564698
43.655310621242485,54.513513513513516,,100.0,1.0,100.0,-0.2777778596429043
43.85370741482966,54.513513513513516,,100.0,1.0,100.0,-0.2783300196214771
44.05210420841683,54.513513513513516,,100.0,1.0,100.0,-0.2788824399307317
44.250501002004015,54.513513513513516,,100.0,1.0,100.0,-0.2794350598106628
44.448897795591186,54.513513513513516,,100.0,1.0,100.0,-0.2799878211968871
44.64729458917836,54.513513513513516,,100.0,1.0,100.0,-0.2805406687135107
44.84569138276553,54.513513513513516,,100.0,1.0,100.0,-0.2810935496646017
45.0440881763527,54.513513513513516,,100.0,1.0,100.0,-0.2816464140243166
45.24248496993987,54.513513513513516,,100.0,1.0,100.0,-0.282199214425632
45.440881763527045,54.513513513513516,,100.0,1.0,100.0,-0.2827519061477551
45.63927855711423,54.513513513513516,,100.0,1.0,100.0,-0.2833044471021283
45.8376753507014,54.513513513513516,,100.0,1.0,100.0,-0.2838567978172096
46.036072144288575,54.513513513513516,,100.0,1.0,100.0,-0.2844089214217467
46.23446893787575,54.513513513513516,,100.0,1.0,100.0,-0.284960783626905
46.43286573146293,54.513513513513516,,100.0,1.0,100.0,-0.2855123527070127
46.631262525050104,54.513513513513516,,100.0,1.0,100.0,-0.2860635994790107
46.829659318637276,54.513513513513516,,100.0,1.0,100.0,-0.2866144972806889
47.028056112224455,54.513513513513516,,100.0,1.0,100.0,-0.2871650219476506
47.22645290581163,54.513513513513516,,100.0,1.0,100.0,-0.2877151517890793
47.424849699398806,54.513513513513516,,100.0,1.0,100.0,-0.2882648675622651
47.62324649298598,54.513513513513516,,100.0,1.0,100.0,-0.2888141524460476
47.82164328657315,54.513513513513516,,100.0,1.0,100.0,-0.2893629920130396
48.02004008016032,54.513513513513516,,100.0,1.0,100.0,-0.289911374200809
48.21843687374749,54.513513513513516,,100.0,1.0,100.0,-0.2904592892819466
48.41683366733468,54.513513513513516,,100.0,1.0,100.0,-0.2910067298331185
48.615230460921836,54.513513513513516,,100.0,1.0,100.0,-0.291553690703126
48.81362725450902,54.513513513513516,,100.0,1.0,100.0,-0.2921001689799936
49.012024048096194,54.513513513513516,,100.0,1.0,100.0,-0.2926461639570822
49.21042084168337,54.513513513513516,,100.0,1.0,100.0,-0.2931916770984351
49.40881763527054,54.513513513513516,,100.0,1.0,100.0,-0.2937367120031662
49.60721442885771,54.513513513513516,,100.0,1.0,100.0,-0.2942812743691239
49.805611222444895,54.513513513513516,,100.0,1.0,100.0,-0.2948253719557659
50.00400801603207,54.513513513513516,,100.0,1.0,100.0,-0.2953690145463239
50.20240480961924,54.513513513513516,,100.0,1.0,100.0,-0.2959122139093681
50.40080160320641,54.513513513513516,,100.0,1.0,100.0,-0.296454983759666
50.59919839679358,54.513513513513516,,100.0,1.0,100.0,-0.2969973397185153
50.79759519038077,54.513513513513516,,100.0,1.0,100.0,-0.2975392992736143
50.99599198396793,54.513513513513516,,100.0,1.0,100.0,-0.2980808817383537
51.19438877755511,54.513513513513516,,100.0,1.0,100.0,-0.2986221082107956
51.39278557114229,54.513513513513516,,100.0,1.0,100.0,-0.2991630015322305
51.59118236472946,54.513513513513516,,100.0,1.0,100.0,-0.2997035862453623
51.789579158316634,54.513513513513516,,100.0,1.0,100.0,-0.3002438885524014
51.987975951903806,54.513513513513516,,100.0,1.0,100.0,-0.3007839362727189
52.18637274549098,54.513513513513516,,100.0,1.0,100.0,-0.3013237588004941
52.38476953907816,54.513513513513516,,100.0,1.0,100.0,-0.3018633870621671
52.583166332665336,54.513513513513516,,100.0,1.0,100.0,-0.3024028534738461
52.78156312625251,54.513513513513516,,100.0,1.0,100.0,-0.302942191898688
52.97995991983967,54.513513513513516,,100.0,1.0,100.0,-0.3034814376043073
53.17835671342685,54.513513513513516,,100.0,1.0,100.0,-0.3040206272202669
53.37675350701403,54.513513513513516,,100.0,1.0,100.0,-0.3045597986956645
53.57515030060121,54.513513513513516,,100.0,1.0,100.0,-0.3050989912569142
53.77354709418837,54.513513513513516,,100.0,1.0,100.0,-0.3056382453657408
53.97194388777555,54.513513513513516,,100.0,1.0,100.0,-0.3061776026774028
54.17034068136273,54.513513513513516,,100.0,1.0,100.0,-0.3067171059992328
54.368737474949896,54.513513513513516,,100.0,1.0,100.0,-0.3072567992495211
54.567134268537075,54.513513513513516,,100.0,1.0,100.0,-0.3077967274167538
54.765531062124246,54.513513513513516,,100.0,1.0,100.0,-0.3083369365193085
54.96392785571142,54.513513513513516,,100.0,1.0,100.0,-0.3088774735655353
55.1623246492986,54.513513513513516,,100.0,1.0,100.0,-0.3094183865144272
55.360721442885776,54.513513513513516,,100.0,1.0,100.0,-0.3099597242366974
55.55911823647295,54.513513513513516,,100.0,1.0,100.0,-0.3105015364765342
55.75751503006013,54.513513513513516,,100.0,1.0,100.0,-0.3110438738138151
55.95591182364729,54.513513513513516,,100.0,1.0,100.0,-0.311586787627062
56.15430861723447,54.513513513513516,,100.0,1.0,100.0,-0.3121303300569263
56.35270541082165,54.513513513513516,,100.0,1.0,100.0,-0.3126745539704085
56.551102204408814,54.513513513513516,,100.0,1.0,100.0,-0.3132195129257502
56.74949899799599,54.513513513513516,,100.0,1.0,100.0,-0.3137652611380458
56.94789579158316,54.513513513513516,,100.0,1.0,100.0,-0.3143118534455411
57.146292585170336,54.513513513513516,,100.0,1.0,100.0,-0.3148593452767644
57.3446893787575,54.513513513513516,,100.0,1.0,100.0,-0.3154077926183549
57.543086172344694,54.513513513513516,,100.0,1.0,100.0,-0.3159572519836653
57.74148296593185,54.513513513513516,,100.0,1.0,100.0,-0.3165077803822445
57.93987975951904,54.513513513513516,,100.0,1.0,100.0,-0.3170594352899841
58.13827655310623,54.513513513513516,,100.0,1.0,100.0,-0.3176122746202521
58.336673346693395,54.513513513513516,,100.0,1.0,100.0,-0.3181663566956534
58.535070140280574,54.513513513513516,,100.0,1.0,100.0,-0.3187217402207903
58.73346693386774,54.513513513513516,,100.0,1.0,100.0,-0.3192784842557301
58.9318637274549,54.513513513513516,,100.0,1.0,100.0,-0.3198366481903575
59.13026052104208,54.513513513513516,,100.0,1.0,100.0,-0.3203962917195948
59.32865731462926,54.513513513513516,,100.0,1.0,100.0,-0.3209574748193433
59.52705410821644,54.513513513513516,,100.0,1.0,100.0,-0.3215202577233828
59.72545090180361,54.513513513513516,,100.0,1.0,100.0,-0.3220847009010144
59.92384769539078,54.513513513513516,,100.0,1.0,100.0,-0.3226508650355847
60.12224448897794,54.513513513513516,,100.0,1.0,100.0,-0.3232188110037272
60.32064128256512,54.513513513513516,,100.0,1.0,100.0,-0.3237885998555641
60.51903807615231,54.513513513513516,,100.0,1.0,100.0,-0.3243602927955803
60.717434869739485,54.513513513513516,,100.0,1.0,100.0,-0.3249339511643425
60.915831663326664,54.513513513513516,,100.0,1.0,100.0,-0.3255096364210171
61.114228456913835,54.513513513513516,,100.0,1.0,100.0,-0.3260874101266081
61.312625250501,54.513513513513516,,100.0,1.0,100.0,-0.3266673339280128
61.51102204408818,54.513513513513516,,100.0,1.0,100.0,-0.3272494695427915
61.709418837675344,54.513513513513516,,100.0,1.0,100.0,-0.3278338787446797
61.90781563126252,54.513513513513516,,100.0,1.0,100.0,-0.328420623349824
62.1062124248497,54.513513513513516,,100.0,1.0,100.0,-0.3290097652036683
62.30460921843688,54.513513513513516,,100.0,1.0,100.0,-0.3296013661686999
62.50300601202406,54.513513513513516,,100.0,1.0,100.0,-0.330195488112616
62.701402805611224,54.513513513513516,,100.0,1.0,100.0,-0.3307921928973925
62.89979959919839,54.513513513513516,,100.0,1.0,100.0,-0.3313915423688577
63.09819639278557,54.513513513513516,,100.0,1.0,100.0,-0.3319935983469176
63.296593186372746,54.513513513513516,,100.0,1.0,100.0,-0.3325984226164228
63.494989979959925,54.513513513513516,,100.0,1.0,100.0,-0.3332060769186564
63.69338677354709,54.513513513513516,,100.0,1.0,100.0,-0.3338166229432956
63.89178356713427,54.513513513513516,,100.0,1.0,100.0,-0.3344301223210655
64.09018036072143,54.513513513513516,,100.0,1.0,100.0,-0.3350466366168593
64.28857715430863,54.513513513513516,,100.0,1.0,100.0,-0.335666227323424
64.48697394789579,54.513513513513516,,100.0,1.0,100.0,-0.3362889558555464
64.68537074148296,54.513513513513516,,100.0,1.0,100.0,-0.3369148835447924
64.88376753507015,54.513513513513516,,100.0,1.0,100.0,-0.3375440716346385
65.08216432865731,54.513513513513516,,100.0,1.0,100.0,-0.3381765812761731
65.28056112224449,54.513513513513516,,100.0,1.0,100.0,-0.3388124735242321
65.47895791583166,54.513513513513516,,100.0,1.0,100.0,-0.3394518093338856
65.67735470941884,54.513513513513516,,100.0,1.0,100.0,-0.3400946495575344
65.87575150300601,54.513513513513516,,100.0,1.0,100.0,-0.3407410549422418
66.0741482965932,54.513513513513516,,100.0,1.0,100.0,-0.3413910861276314
66.27254509018036,54.513513513513516,,100.0,1.0,100.0,-0.342044803644009
66.47094188376754,54.513513513513516,,100.0,1.0,100.0,-0.3427022679110473
66.66933867735472,54.513513513513516,,100.0,1.0,100.0,-0.3433635392367284
66.8677354709419,54.513513513513516,,100.0,1.0,100.0,-0.344028677816629
67.06613226452906,54.513513513513516,,100.0,1.0,100.0,-0.3446977437336666
67.26452905811624,54.513513513513516,,100.0,1.0,100.0,-0.3453707969580792
67.4629258517034,54.513513513513516,,100.0,1.0,100.0,-0.3460478973478206
67.6613226452906,54.513513513513516,,100.0,1.0,100.0,-0.3467291046491774
67.85971943887776,54.513513513513516,,100.0,1.0,100.0,-0.3474144784978253
68.05811623246494,54.513513513513516,,100.0,1.0,100.0,-0.348104078420122
68.2565130260521,54.513513513513516,,100.0,1.0,100.0,-0.3487979638347033
68.45490981963928,54.513513513513516,,100.0,1.0,100.0,-0.3494961940543916
68.65330661322645,54.513513513513516,,100.0,1.0,100.0,-0.3501988282884094
68.85170340681363,54.513513513513516,,100.0,1.0,100.0,-0.3509059256448379
69.05010020040079,54.513513513513516,,100.0,1.0,100.0,-0.3516175451334029
69.24849699398798,54.513513513513516,,100.0,1.0,100.0,-0.3523337456685328
69.44689378757515,54.513513513513516,,100.0,1.0,100.0,-0.35305458607261
69.64529058116234,54.513513513513516,,100.0,1.0,100.0,-0.3537801250796304
69.84368737474949,54.513513513513516,,100.0,1.0,100.0,-0.3545104213390284
70.04208416833667,54.513513513513516,,100.0,1.0,100.0,-0.3552455334197675
70.24048096192385,54.513513513513516,,100.0,1.0,100.0,-0.3559855198147473
70.43887775551103,54.513513513513516,,100.0,1.0,100.0,-0.3567304389454528
70.6372745490982,54.513513513513516,,100.0,1.0,100.0,-0.3574803491668452
70.83567134268537,54.513513513513516,,100.0,1.0,100.0,-0.3582353087724829
71.03406813627254,54.513513513513516,,100.0,1.0,100.0,-0.3589953759999945
71.23246492985973,54.513513513513516,,100.0,1.0,100.0,-0.3597606090367186
71.4308617234469,54.513513513513516,,100.0,1.0,100.0,-0.3605310660256128
71.62925851703406,54.513513513513516,,100.0,1.0,100.0,-0.361306805071497
71.82765531062124,54.513513513513516,,100.0,1.0,100.0,-0.3620878842474028
72.0260521042084,54.513513513513516,,100.0,1.0,100.0,-0.3628743616013403
72.2244488977956,54.513513513513516,,100.0,1.0,100.0,-0.3636662951632343
72.42284569138276,54.513513513513516,,100.0,1.0,100.0,-0.3644637429520984
72.62124248496994,54.513513513513516,,100.0,1.0,100.0,-0.3652667629835242
72.8196392785571,54.513513513513516,,100.0,1.0,100.0,-0.3660754132774131
73.01803607214428,54.513513513513516,,100.0,1.0,100.0,-0.3668897518659376
73.21643286573146,54.513513513513516,,100.0,1.0,100.0,-0.3677098368017799
73.41482965931863,54.513513513513516,,100.0,1.0,100.0,-0.3685357261666366
73.6132264529058,54.513513513513516,,100.0,1.0,100.0,-0.3693674780800097
73.81162324649299,54.513513513513516,,100.0,1.0,100.0,-0.370205150708173
74.01002004008016,54.513513513513516,,100.0,1.0,100.0,-0.371048802273508
74.20841683366733,54.513513513513516,,100.0,1.0,100.0,-0.3718984910640486
74.40681362725451,54.513513513513516,,100.0,1.0,100.0,-0.3727542754432731
74.60521042084169,54.513513513513516,,100.0,1.0,100.0,-0.373616213860189
74.80360721442887,54.513513513513516,,100.0,1.0,100.0,-0.3744843648597118
75.00200400801603,54.513513513513516,,100.0,1.0,100.0,-0.3753587870932443
75.20040080160321,54.513513513513516,,100.0,1.0,100.0,-0.3762395393295991
75.39879759519039,54.513513513513516,,100.0,1.0,100.0,-0.3771266804660842
75.59719438877755,54.513513513513516,,100.0,1.0,100.0,-0.3780202695400024
75.79559118236472,54.513513513513516,,100.0,1.0,100.0,-0.3789203657402737
75.99398797595191,54.513513513513516,,100.0,1.0,100.0,-0.379827028419454
76.19238476953907,54.513513513513516,,100.0,1.0,100.0,-0.3807403171058928
76.39078156312625,54.513513513513516,,100.0,1.0,100.0,-0.381660291516312
76.58917835671345,54.513513513513516,,100.0,1.0,100.0,-0.3825870115685315
76.7875751503006,54.513513513513516,,100.0,1.0,100.0,-0.3835205373944972
76.98597194388778,54.513513513513516,,100.0,1.0,100.0,-0.3844609293536214
77.18436873747495,54.513513513513516,,100.0,1.0,100.0,-0.3854082480463662
77.38276553106212,54.513513513513516,,100.0,1.0,100.0,-0.3863625543280611
77.5811623246493,54.513513513513516,,100.0,1.0,100.0,-0.3873239093230618
77.77955911823646,54.513513513513516,,100.0,1.0,100.0,-0.3882923744391042
77.97795591182366,54.513513513513516,,100.0,1.0,100.0,-0.3892680113820039
78.1763527054108,54.513513513513516,,100.0,1.0,100.0,-0.3902508821705525
78.374749498998,54.513513513513516,,100.0,1.0,100.0,-0.3912410491516933
78.5731462925852,54.513513513513516,,100.0,1.0,100.0,-0.3922385750160347
78.77154308617234,54.513513513513516,,100.0,1.0,100.0,-0.393243522813558
78.96993987975952,54.513513513513516,,100.0,1.0,100.0,-0.3942559559695935
79.1683366733467,54.513513513513516,,100.0,1.0,100.0,-0.3952759383010569
79.36673346693387,54.513513513513516,,100.0,1.0,100.0,-0.3963035340330481
79.56513026052104,54.513513513513516,,100.0,1.0,100.0,-0.3973388078155493
79.76352705410822,54.513513513513516,,100.0,1.0,100.0,-0.3983818247404924
79.9619238476954,54.513513513513516,,100.0,1.0,100.0,-0.3994326503591117
80.16032064128257,54.513513513513516,,100.0,1.0,100.0,-0.4004913506994125
80.35871743486975,54.513513513513516,,100.0,1.0,100.0,-0.4015579922841046
80.55711422845691,54.513513513513516,,100.0,1.0,100.0,-0.4026326421485635
80.75551102204409,54.513513513513516,,100.0,1.0,100.0,-0.4037153678592503
80.95390781563127,54.513513513513516,,100.0,1.0,100.0,-0.4048062375322596
81.15230460921843,54.513513513513516,,100.0,1.0,100.0,-0.4059053198521807
81.35070140280563,54.513513513513516,,100.0,1.0,100.0,-0.4070126840911617
81.54909819639279,54.513513513513516,,100.0,1.0,100.0,-0.4081284001282639
81.74749498997996,54.513513513513516,,100.0,1.0,100.0,-0.4092525384690852
81.94589178356713,54.513513513513516,,100.0,1.0,100.0,-0.4103851702655774
82.14428857715431,54.513513513513516,,100.0,1.0,100.0,-0.4115263673360955
82.34268537074149,54.513513513513516,,100.0,1.0,100.0,-0.4126762021858567
82.54108216432866,54.513513513513516,,100.0,1.0,100.0,-0.4138347480273594
82.73947895791585,54.513513513513516,,100.0,1.0,100.0,-0.4150020788013414
82.937875751503,54.513513513513516,,100.0,1.0,100.0,-0.4161782691977946
83.13627254509018,54.513513513513516,,100.0,1.0,100.0,-0.4173633946773004
83.33466933867736,54.513513513513516,,100.0,1.0,100.0,-0.4185575314925257
83.53306613226454,54.513513513513516,,100.0,1.0,100.0,-0.4197607567101092
83.7314629258517,54.513513513513516,,100.0,1.0,100.0,-0.4209731482326398
83.92985971943888,54.513513513513516,,100.0,1.0,100.0,-0.4221947848209462
84.12825651302606,54.513513513513516,,100.0,1.0,100.0,-0.4234257461166333
84.32665330661322,54.513513513513516,,100.0,1.0,100.0,-0.42466611266476
84.5250501002004,54.513513513513516,,100.0,1.0,100.0,-0.4259159659369593
84.72344689378757,54.513513513513516,,100.0,1.0,100.0,-0.427175388354562
84.92184368737476,54.513513513513516,,100.0,1.0,100.0,-0.4284444633120611
85.12024048096194,54.513513513513516,,100.0,1.0,100.0,-0.4297232752009233
85.3186372745491,54.513513513513516,,100.0,1.0,100.0,-0.4310119094334095
85.51703406813628,54.513513513513516,,100.0,1.0,100.0,-0.4323104524668244
85.71543086172345,54.513513513513516,,100.0,1.0,100.0,-0.4336189918279021
85.91382765531063,54.513513513513516,,100.0,1.0,100.0,-0.4349376161374684
86.1122244488978,54.513513513513516,,100.0,1.0,100.0,-0.4362664151352906
86.31062124248497,54.513513513513516,,100.0,1.0,100.0,-0.4376054797052849
86.50901803607215,54.513513513513516,,100.0,1.0,100.0,-0.4389549019007941
86.70741482965931,54.513513513513516,,100.0,1.0,100.0,-0.4403147749702631
86.90581162324649,54.513513513513516,,100.0,1.0,100.0,-0.4416851933830104
87.10420841683366,54.513513513513516,,100.0,1.0,100.0,-0.4430662528553147
87.30260521042084,54.513513513513516,,100.0,1.0,100.0,-0.4444580503767872
87.50100200400803,54.513513513513516,,100.0,1.0,100.0,-0.445860684236898
87.6993987975952,54.513513513513516,,100.0,1.0,100.0,-0.4472742540517591
87.89779559118237,54.513513513513516,,100.0,1.0,100.0,-0.4486988607911558
88.09619238476955,54.513513513513516,,100.0,1.0,100.0,-0.4501346068059059
88.29458917835672,54.513513513513516,,100.0,1.0,100.0,-0.4515815958552885
88.4929859719439,54.513513513513516,,100.0,1.0,100.0,-0.4530399331348874
88.69138276553106,54.513513513513516,,100.0,1.0,100.0,-0.4545097253045983
88.88977955911824,54.513513513513516,,100.0,1.0,100.0,-0.4559910805168843
89.0881763527054,54.513513513513516,,100.0,1.0,100.0,-0.4574841084452739
89.28657314629258,54.513513513513516,,100.0,1.0,100.0,-0.4589889203131977
89.48496993987975,54.513513513513516,,100.0,1.0,100.0,-0.4605056289229524
89.68336673346693,54.513513513513516,,100.0,1.0,100.0,-0.4620343486850204
89.88176352705409,54.513513513513516,,100.0,1.0,100.0,-0.4635751956475382
90.08016032064127,54.513513513513516,,100.0,1.0,100.0,-0.4651282875261333
90.27855711422846,54.513513513513516,,100.0,1.0,100.0,-0.4666937437340115
90.47695390781564,54.513513513513516,,100.0,1.0,100.0,-0.468271685412197
90.6753507014028,54.513513513513516,,100.0,1.0,100.0,-0.4698622354601539
90.87374749498998,54.513513513513516,,100.0,1.0,100.0,-0.4714655185666203
91.07214428857715,54.513513513513516,,100.0,1.0,100.0,-0.4730816612407285
91.27054108216433,54.513513513513516,,100.0,1.0,100.0,-0.4747107918433805
91.46893787575152,54.513513513513516,,100.0,1.0,100.0,-0.476353040618911
91.66733466933867,54.513513513513516,,100.0,1.0,100.0,-0.4780085397270589
91.86573146292585,54.513513513513516,,100.0,1.0,100.0,-0.4796774232750744
92.06412825651303,54.513513513513516,,100.0,1.0,100.0,-0.4813598273503662
92.26252505010021,54.513513513513516,,100.0,1.0,100.0,-0.4830558900531737
92.46092184368737,54.513513513513516,,100.0,1.0,100.0,-0.4847657515296607
92.65931863727455,54.513513513513516,,100.0,1.0,100.0,-0.4864895540052796
92.85771543086172,54.513513513513516,,100.0,1.0,100.0,-0.488227441818454
93.05611222444891,54.513513513513516,,100.0,1.0,100.0,-0.4899795614545257
93.25450901803607,54.513513513513516,,100.0,1.0,100.0,-0.4917460615799112
93.45290581162325,54.513513513513516,,100.0,1.0,100.0,-0.4935270930767714
93.65130260521043,54.513513513513516,,100.0,1.0,100.0,-0.4953228090778242
93.84969939879761,54.513513513513516,,100.0,1.0,100.0,-0.4971333650015502
94.04809619238478,54.513513513513516,,100.0,1.0,100.0,-0.4989589185875792
94.24649298597195,54.513513513513516,,100.0,1.0,100.0,-0.5007996299326319
94.44488977955912,54.513513513513516,,100.0,1.0,100.0,-0.5026556615265113
94.6432865731463,54.513513513513516,,100.0,1.0,100.0,-0.5045271782886525
94.84168336673346,54.513513513513516,,100.0,1.0,100.0,-0.5064143476048645
95.04008016032064,54.513513513513516,,100.0,1.0,100.0,-0.5083173393644089
95.2384769539078,54.513513513513516,,100.0,1.0,100.0,-0.510236325997491
95.43687374749499,54.513513513513516,,100.0,1.0,100.0,-0.5121714825130766
95.63527054108215,54.513513513513516,,100.0,1.0,100.0,-0.5141229865369029
95.83366733466936,54.513513513513516,,100.0,1.0,100.0,-0.5160910183500967
96.03206412825652,54.513513513513516,,100.0,1.0,100.0,-0.5180757609279724
96.2304609218437,54.513513513513516,,100.0,1.0,100.0,-0.5200773999791982
96.42885771543087,54.513513513513516,,100.0,1.0,100.0,-0.5220961239853651
96.62725450901804,54.513513513513516,,100.0,1.0,100.0,-0.5241321242409549
96.82565130260521,54.513513513513516,,100.0,1.0,100.0,-0.5261855948936046
97.02404809619239,54.513513513513516,,100.0,1.0,100.0,-0.528256732984768
97.22244488977958,54.513513513513516,,100.0,1.0,100.0,-0.5303457384908834
97.42084168336673,54.513513513513516,,100.0,1.0,100.0,-0.5324528143646451
97.6192384769539,54.513513513513516,,100.0,1.0,100.0,-0.5345781665769793
97.81763527054107,54.513513513513516,,100.0,1.0,100.0,-0.5367220041592765
98.01603206412825,54.513513513513516,,100.0,1.0,100.0,-0.5388845392459359
98.21442885771542,54.513513513513516,,100.0,1.0,100.0,-0.5410659871175545
98.4128256513026,54.513513513513516,,100.0,1.0,100.0,-0.5432665662442646
98.61122244488979,54.513513513513516,,100.0,1.0,100.0,-0.5454864983296689
98.80961923847698,54.513513513513516,,100.0,1.0,100.0,-0.5477260083551617
99.00801603206413,54.513513513513516,,100.0,1.0,100.0,-0.5499853246246595
99.2064128256513,54.513513513513516,,100.0,1.0,100.0,-0.5522646788097634
99.40480961923848,54.513513513513516,,100.0,1.0,100.0,-0.5545643059953368
99.60320641282564,54.513513513513516,,100.0,1.0,100.0,-0.5568844447257217
99.80160320641282,54.513513513513516,,100.0,1.0,100.0,-0.5592253370510327
100.0,54.513513513513516,,100.0,1.0,100.0,-0.5615872285743438
1.0,57.189189189189186,,100.0,1.0,100.0,-0.4332332615439652
1.1983967935871744,57.189189189189186,,100.0,1.0,100.0,-0.4302916089445062
1.3967935871743486,57.189189189189186,,100.0,1.0,100.0,-0.4273768769612384
1.595190380761523,57.189189189189186,,100.0,1.0,100.0,-0.424489103396889
1.7935871743486973,57.189189189189186,,100.0,1.0,100.0,-0.4216283246398127
1.9919839679358717,57.189189189189186,,100.0,1.0,100.0,-0.4187945756051231
2.190380761523046,57.189189189189186,,100.0,1.0,100.0,-0.4159878896775129
2.38877755511022,57.189189189189186,,100.0,1.0,100.0,-0.4132082986558174
2.5871743486973946,57.189189189189186,,100.0,1.0,100.0,-0.4104558326991874
2.785571142284569,57.189189189189186,,100.0,1.0,100.0,-0.4077305202748933
2.9839679358717435,57.189189189189186,,100.0,1.0,100.0,-0.4050323881077342
3.182364729458918,57.189189189189186,,100.0,1.0,100.0,-0.4023614611310376
3.380761523046093,57.189189189189186,,100.0,1.0,100.0,-0.3997177624391846
3.579158316633267,57.189189189189186,,100.0,1.0,100.0,-0.3971013132416977
3.7775551102204403,57.189189189189186,,100.0,1.0,100.0,-0.3945121328187922
3.9759519038076157,57.189189189189186,,100.0,1.0,100.0,-0.3919502384784513
4.174348697394789,57.189189189189186,,100.0,1.0,100.0,-0.3894156455149285
4.372745490981964,57.189189189189186,,100.0,1.0,100.0,-0.3869083671686849
4.571142284569138,57.189189189189186,,100.0,1.0,100.0,-0.3844284145878034
4.7695390781563125,57.189189189189186,,100.0,1.0,100.0,-0.3819757967906966
4.967935871743487,57.189189189189186,,100.0,1.0,100.0,-0.379550520630308
5.166332665330662,57.189189189189186,,100.0,1.0,100.0,-0.3771525907595838
5.364729458917837,57.189189189189186,,100.0,1.0,100.0,-0.3747820095983165
5.563126252505009,57.189189189189186,,100.0,1.0,100.0,-0.3724387773013502
5.761523046092185,57.189189189189186,,100.0,1.0,100.0,-0.3701228917280262
5.959919839679359,57.189189189189186,,100.0,1.0,100.0,-0.3678343484129482
6.158316633266534,57.189189189189186,,100.0,1.0,100.0,-0.3655731405380448
6.356713426853707,57.189189189189186,,100.0,1.0,100.0,-0.363339258905862
6.555110220440882,57.189189189189186,,100.0,1.0,100.0,-0.3611326919140968
6.753507014028057,57.189189189189186,,100.0,1.0,100.0,-0.3589534255314094
6.951903807615231,57.189189189189186,,100.0,1.0,100.0,-0.3568014432743791
7.150300601202405,57.189189189189186,,100.0,1.0,100.0,-0.3546767261857267
7.348697394789579,57.189189189189186,,100.0,1.0,100.0,-0.3525792528136874
7.547094188376754,57.189189189189186,,100.0,1.0,100.0,-0.3505089991926226
7.745490981963927,57.189189189189186,,100.0,1.0,100.0,-0.3484659388247011
7.9438877755511,57.189189189189186,,100.0,1.0,100.0,-0.3464500426628436
8.142284569138276,57.189189189189186,,100.0,1.0,100.0,-0.3444612790947464
8.340681362725451,57.189189189189186,,100.0,1.0,100.0,-0.3424996139280652
8.539078156312625,57.189189189189186,,100.0,1.0,100.0,-0.3405650103767205
8.737474949899799,57.189189189189186,,100.0,1.0,100.0,-0.3386574290483248
8.935871743486974,57.189189189189186,,100.0,1.0,100.0,-0.3367768279327411
9.13426853707415,57.189189189189186,,100.0,1.0,100.0,-0.3349231623916634
9.332665330661325,57.189189189189186,,100.0,1.0,100.0,-0.3330963851494027
9.531062124248498,57.189189189189186,,100.0,1.0,100.0,-0.3312964462846565
9.729458917835672,57.189189189189186,,100.0,1.0,100.0,-0.329523293223422
9.927855711422845,57.189189189189186,,100.0,1.0,100.0,-0.3277768707329418
10.126252505010019,57.189189189189186,,100.0,1.0,100.0,-0.3260571209167311
10.324649298597194,57.189189189189186,,100.0,1.0,100.0,-0.3243639832106462
10.52304609218437,57.189189189189186,,100.0,1.0,100.0,-0.3226973943800091
10.721442885771543,57.189189189189186,,100.0,1.0,100.0,-0.3210572885177907
10.919839679358718,57.189189189189186,,100.0,1.0,100.0,-0.319443597043806
11.118236472945892,57.189189189189186,,100.0,1.0,100.0,-0.3178562487049396
11.316633266533067,57.189189189189186,,100.0,1.0,100.0,-0.3162951695764094
11.515030060120242,57.189189189189186,,100.0,1.0,100.0,-0.3147602830640744
11.713426853707414,57.189189189189186,,100.0,1.0,100.0,-0.3132515099076884
11.91182364729459,57.189189189189186,,100.0,1.0,100.0,-0.3117687681852311
12.110220440881761,57.189189189189186,,100.0,1.0,100.0,-0.3103119733181979
12.308617234468937,57.189189189189186,,100.0,1.0,100.0,-0.3088810380778891
12.507014028056114,57.189189189189186,,100.0,1.0,100.0,-0.3074758725927415
12.705410821643287,57.189189189189186,,100.0,1.0,100.0,-0.3060963843565631
12.903807615230463,57.189189189189186,,100.0,1.0,100.0,-0.3047424782378187
13.102204408817634,57.189189189189186,,100.0,1.0,100.0,-0.3034140564898682
13.30060120240481,57.189189189189186,,100.0,1.0,100.0,-0.3021110187621427
13.498997995991983,57.189189189189186,,100.0,1.0,100.0,-0.3008332621123494
13.697394789579159,57.189189189189186,,100.0,1.0,100.0,-0.2995806810195534
13.895791583166334,57.189189189189186,,100.0,1.0,100.0,-0.2983531673983045
14.094188376753507,57.189189189189186,,100.0,1.0,100.0,-0.2971506106136078
14.292585170340683,57.189189189189186,,100.0,1.0,100.0,-0.295972897496942
14.490981963927855,57.189189189189186,,100.0,1.0,100.0,-0.2948199123630948
14.689378757515032,57.189189189189186,,100.0,1.0,100.0,-0.2936915370280184
14.887775551102203,57.189189189189186,,100.0,1.0,100.0,-0.2925876508275689
15.086172344689379,57.189189189189186,,100.0,1.0,100.0,-0.2915081306371346
15.284569138276554,57.189189189189186,,100.0,1.0,100.0,-0.2904528508922098
15.482965931863726,57.189189189189186,,100.0,1.0,100.0,-0.2894216836098384
15.681362725450903,57.189189189189186,,100.0,1.0,100.0,-0.2884144984109426
15.879759519038075,57.189189189189186,,100.0,1.0,100.0,-0.2874311625435518
16.07815631262525,57.189189189189186,,100.0,1.0,100.0,-0.2864715409068848
16.276553106212425,57.189189189189186,,100.0,1.0,100.0,-0.2855354960763023
16.474949899799597,57.189189189189186,,100.0,1.0,100.0,-0.2846228883290914
16.673346693386772,57.189189189189186,,100.0,1.0,100.0,-0.2837335756711457
16.871743486973948,57.189189189189186,,100.0,1.0,100.0,-0.2828674138643826
17.070140280561123,57.189189189189186,,100.0,1.0,100.0,-0.2820242564551041
17.2685370741483,57.189189189189186,,100.0,1.0,100.0,-0.2812039548030562
17.466933867735474,57.189189189189186,,100.0,1.0,100.0,-0.2804063581113548
17.66533066132265,57.189189189189186,,100.0,1.0,100.0,-0.2796313134571763
17.86372745490982,57.189189189189186,,100.0,1.0,100.0,-0.278878665823224
18.062124248496996,57.189189189189186,,100.0,1.0,100.0,-0.2781482581299451
18.260521042084168,57.189189189189186,,100.0,1.0,100.0,-0.2774399312685549
18.458917835671343,57.189189189189186,,100.0,1.0,100.0,-0.2767535241346969
18.657314629258515,57.189189189189186,,100.0,1.0,100.0,-0.2760888736629221
18.85571142284569,57.189189189189186,,100.0,1.0,100.0,-0.2754458148618476
19.054108216432866,57.189189189189186,,100.0,1.0,100.0,-0.2748241808499474
19.252505010020037,57.189189189189186,,100.0,1.0,100.0,-0.2742238028921365
19.450901803607216,57.189189189189186,,100.0,1.0,100.0,-0.2736445104369006
19.649298597194388,57.189189189189186,,100.0,1.0,100.0,-0.2730861311541919
19.847695390781563,57.189189189189186,,100.0,1.0,100.0,-0.2725484909738714
20.04609218436874,57.189189189189186,,100.0,1.0,100.0,-0.272031414124768
20.244488977955914,57.189189189189186,,100.0,1.0,100.0,-0.2715347231744263
20.442885771543086,57.189189189189186,,100.0,1.0,100.0,-0.2710582390693175
20.64128256513026,57.189189189189186,,100.0,1.0,100.0,-0.2706017811757168
20.839679358717436,57.189189189189186,,100.0,1.0,100.0,-0.2701651673210899
21.03807615230461,57.189189189189186,,100.0,1.0,100.0,-0.2697482138359662
21.236472945891784,57.189189189189186,,100.0,1.0,100.0,-0.26935073559645
21.43486973947896,57.189189189189186,,100.0,1.0,100.0,-0.2689725460670629
21.633266533066134,57.189189189189186,,100.0,1.0,100.0,-0.2686134573442136
21.831663326653306,57.189189189189186,,100.0,1.0,100.0,-0.2682732802000365
22.030060120240485,57.189189189189186,,100.0,1.0,100.0,-0.2679518241266876
22.228456913827657,57.189189189189186,,100.0,1.0,100.0,-0.2676488973810974
22.42685370741483,57.189189189189186,,100.0,1.0,100.0,-0.2673643070300713
22.625250501002007,57.189189189189186,,100.0,1.0,100.0,-0.2670978589958381
22.82364729458918,57.189189189189186,,100.0,1.0,100.0,-0.2668493581018947
23.02204408817635,57.189189189189186,,100.0,1.0,100.0,-0.266618608119237
23.220440881763523,57.189189189189186,,100.0,1.0,100.0,-0.2664054118129413
23.4188376753507,57.189189189189186,,100.0,1.0,100.0,-0.2662095709889929
23.617234468937873,57.189189189189186,,100.0,1.0,100.0,-0.266030886541429
23.815631262525052,57.189189189189186,,100.0,1.0,100.0,-0.2658691584997834
24.014028056112227,57.189189189189186,,100.0,1.0,100.0,-0.2657241860767429
24.212424849699403,57.189189189189186,,100.0,1.0,100.0,-0.2655957677160562
24.410821643286575,57.189189189189186,,100.0,1.0,100.0,-0.2654837011406129
24.609218436873746,57.189189189189186,,100.0,1.0,100.0,-0.265387783400797
24.807615230460925,57.189189189189186,,100.0,1.0,100.0,-0.2653078109229713
25.006012024048097,57.189189189189186,,100.0,1.0,100.0,-0.2652435795580917
25.20440881763527,57.189189189189186,,100.0,1.0,100.0,-0.265194884630517
25.402805611222448,57.189189189189186,,100.0,1.0,100.0,-0.2651615209868955
25.60120240480962,57.189189189189186,,100.0,1.0,100.0,-0.2651432830452283
25.79959919839679,57.189189189189186,,100.0,1.0,100.0,-0.2651399648439063
25.997995991983966,57.189189189189186,,100.0,1.0,100.0,-0.265151360090917
26.196392785571145,57.189189189189186,,100.0,1.0,100.0,-0.2651772622130989
26.394789579158317,57.189189189189186,,100.0,1.0,100.0,-0.2652174644053499
26.59318637274549,57.189189189189186,,100.0,1.0,100.0,-0.2652717596799616
26.791583166332664,57.189189189189186,,100.0,1.0,100.0,-0.2653399409158988
26.98997995991984,57.189189189189186,,100.0,1.0,100.0,-0.2654218009080821
27.188376753507008,57.189189189189186,,100.0,1.0,100.0,-0.2655171324166658
27.386773547094187,57.189189189189186,,100.0,1.0,100.0,-0.2656257282162421
27.585170340681366,57.189189189189186,,100.0,1.0,100.0,-0.2657473811450321
27.783567134268534,57.189189189189186,,100.0,1.0,100.0,-0.2658818841539664
27.98196392785571,57.189189189189186,,100.0,1.0,100.0,-0.2660290303557485
28.180360721442888,57.189189189189186,,100.0,1.0,100.0,-0.2661886130737342
28.378757515030063,57.189189189189186,,100.0,1.0,100.0,-0.2663604258908146
28.577154308617235,57.189189189189186,,100.0,1.0,100.0,-0.2665442626980512
28.7755511022044,57.189189189189186,,100.0,1.0,100.0,-0.2667399177433188
28.97394789579158,57.189189189189186,,100.0,1.0,100.0,-0.2669471856796855
29.172344689378757,57.189189189189186,,100.0,1.0,100.0,-0.267165861613708
29.370741482965926,57.189189189189186,,100.0,1.0,100.0,-0.2673957411535271
29.5691382765531,57.189189189189186,,100.0,1.0,100.0,-0.2676366204568176
29.76753507014028,57.189189189189186,,100.0,1.0,100.0,-0.2678882962785149
29.965931863727448,57.189189189189186,,100.0,1.0,100.0,-0.2681505660183315
30.164328657314627,57.189189189189186,,100.0,1.0,100.0,-0.2684232277681534
30.36272545090181,57.189189189189186,,100.0,1.0,100.0,-0.2687060803590781
30.56112224448897,57.189189189189186,,100.0,1.0,100.0,-0.2689989234083471
30.759519038076157,57.189189189189186,,100.0,1.0,100.0,-0.2693015573659559
30.957915831663332,57.189189189189186,,100.0,1.0,100.0,-0.2696137835610839
31.1563126252505,57.189189189189186,,100.0,1.0,100.0,-0.2699354042481776
31.35470941883768,57.189189189189186,,100.0,1.0,100.0,-0.2702662226528328
31.553106212424858,57.189189189189186,,100.0,1.0,100.0,-0.2706060430174044
31.751503006012022,57.189189189189186,,100.0,1.0,100.0,-0.2709546706462435
31.949899799599194,57.189189189189186,,100.0,1.0,100.0,-0.2713119119507418
32.14829659318637,57.189189189189186,,100.0,1.0,100.0,-0.2716775744939976
32.346693386773545,57.189189189189186,,100.0,1.0,100.0,-0.2720514670351942
32.545090180360724,57.189189189189186,,100.0,1.0,100.0,-0.2724333995736149
32.743486973947896,57.189189189189186,,100.0,1.0,100.0,-0.2728231833923761
32.941883767535074,57.189189189189186,,100.0,1.0,100.0,-0.2732206311017522
33.140280561122246,57.189189189189186,,100.0,1.0,100.0,-0.2736255566821853
33.33867735470942,57.189189189189186,,100.0,1.0,100.0,-0.27403777552689
33.5370741482966,57.189189189189186,,100.0,1.0,100.0,-0.2744571044841261
33.73547094188377,57.189189189189186,,100.0,1.0,100.0,-0.274883361898971
33.93386773547095,57.189189189189186,,100.0,1.0,100.0,-0.2753163676548568
34.13226452905812,57.189189189189186,,100.0,1.0,100.0,-0.2757559432144933
34.3306613226453,57.189189189189186,,100.0,1.0,100.0,-0.2762019116605412
34.52905811623247,57.189189189189186,,100.0,1.0,100.0,-0.2766540977356931
34.72745490981965,57.189189189189186,,100.0,1.0,100.0,-0.2771123278823828
34.92585170340681,57.189189189189186,,100.0,1.0,100.0,-0.277576430282034
35.12424849699399,57.189189189189186,,100.0,1.0,100.0,-0.2780462348937278
35.32264529058117,57.189189189189186,,100.0,1.0,100.0,-0.2785215734924784
35.521042084168336,57.189189189189186,,100.0,1.0,100.0,-0.2790022797069239
35.719438877755515,57.189189189189186,,100.0,1.0,100.0,-0.2794881890564965
35.91783567134269,57.189189189189186,,100.0,1.0,100.0,-0.2799791389880542
36.11623246492986,57.189189189189186,,100.0,1.0,100.0,-0.2804749689119665
36.31462925851703,57.189189189189186,,100.0,1.0,100.0,-0.280975520237523
36.51302605210421,57.189189189189186,,100.0,1.0,100.0,-0.281480636407858
36.71142284569138,57.189189189189186,,100.0,1.0,100.0,-0.2819901629341618
36.90981963927855,57.189189189189186,,100.0,1.0,100.0,-0.28250394742932
37.10821643286573,57.189189189189186,,100.0,1.0,100.0,-0.2830218396408173
37.3066132264529,57.189189189189186,,100.0,1.0,100.0,-0.2835436914830179
37.505010020040075,57.189189189189186,,100.0,1.0,100.0,-0.2840693570687113
37.703406813627254,57.189189189189186,,100.0,1.0,100.0,-0.2845986927399538
37.90180360721443,57.189189189189186,,100.0,1.0,100.0,-0.2851315570981434
38.100200400801604,57.189189189189186,,100.0,1.0,100.0,-0.2856678110333395
38.298597194388776,57.189189189189186,,100.0,1.0,100.0,-0.2862073177527868
38.496993987975955,57.189189189189186,,100.0,1.0,100.0,-0.286749942808628
38.69539078156313,57.189189189189186,,100.0,1.0,100.0,-0.2872955541247789
38.8937875751503,57.189189189189186,,100.0,1.0,100.0,-0.2878440220229382
39.09218436873748,57.189189189189186,,100.0,1.0,100.0,-0.2883952192477276
39.29058116232465,57.189189189189186,,100.0,1.0,100.0,-0.2889490209909185
39.48897795591183,57.189189189189186,,100.0,1.0,100.0,-0.2895053049147159
39.687374749499,57.189189189189186,,100.0,1.0,100.0,-0.2900639511740892
39.88577154308617,57.189189189189186,,100.0,1.0,100.0,-0.2906248424381791
40.08416833667335,57.189189189189186,,100.0,1.0,100.0,-0.2911878639106047
40.28256513026052,57.189189189189186,,100.0,1.0,100.0,-0.291752903348849
40.4809619238477,57.189189189189186,,100.0,1.0,100.0,-0.2923198510825127
40.67935871743487,57.189189189189186,,100.0,1.0,100.0,-0.2928886000305719
40.877755511022045,57.189189189189186,,100.0,1.0,100.0,-0.2934590457174728
41.07615230460922,57.189189189189186,,100.0,1.0,100.0,-0.2940310862881949
41.274549098196395,57.189189189189186,,100.0,1.0,100.0,-0.2946046225220925
41.47294589178357,57.189189189189186,,100.0,1.0,100.0,-0.2951795578456418
41.671342685370746,57.189189189189186,,100.0,1.0,100.0,-0.2957557983440112
41.86973947895792,57.189189189189186,,100.0,1.0,100.0,-0.2963332527713859
42.06813627254509,57.189189189189186,,100.0,1.0,100.0,-0.2969118325601776
42.26653306613227,57.189189189189186,,100.0,1.0,100.0,-0.2974914518288655
42.46492985971944,57.189189189189186,,100.0,1.0,100.0,-0.2980720273887661
42.66332665330661,57.189189189189186,,100.0,1.0,100.0,-0.2986534787493762
42.861723446893784,57.189189189189186,,100.0,1.0,100.0,-0.2992357281225586
43.06012024048097,57.189189189189186,,100.0,1.0,100.0,-0.2998187004253994
43.25851703406814,57.189189189189186,,100.0,1.0,100.0,-0.300402323281756
43.45691382765531,57.189189189189186,,100.0,1.0,100.0,-0.3009865270225236
43.655310621242485,57.189189189189186,,100.0,1.0,100.0,-0.3015712446845731
43.85370741482966,57.189189189189186,,100.0,1.0,100.0,-0.3021564120083725
44.05210420841683,57.189189189189186,,100.0,1.0,100.0,-0.3027419674342617
44.250501002004015,57.189189189189186,,100.0,1.0,100.0,-0.3033278520974399
44.448897795591186,57.189189189189186,,100.0,1.0,100.0,-0.3039140098215617
44.64729458917836,57.189189189189186,,100.0,1.0,100.0,-0.3045003871110617
44.84569138276553,57.189189189189186,,100.0,1.0,100.0,-0.3050869331420607
45.0440881763527,57.189189189189186,,100.0,1.0,100.0,-0.3056735997520607
45.24248496993987,57.189189189189186,,100.0,1.0,100.0,-0.3062603414281953
45.440881763527045,57.189189189189186,,100.0,1.0,100.0,-0.3068471152942547
45.63927855711423,57.189189189189186,,100.0,1.0,100.0,-0.3074338810963387
45.8376753507014,57.189189189189186,,100.0,1.0,100.0,-0.3080206011872625
46.036072144288575,57.189189189189186,,100.0,1.0,100.0,-0.3086072405096177
46.23446893787575,57.189189189189186,,100.0,1.0,100.0,-0.3091937665776446
46.43286573146293,57.189189189189186,,100.0,1.0,100.0,-0.3097801494577529
46.631262525050104,57.189189189189186,,100.0,1.0,100.0,-0.3103663617478899
46.829659318637276,57.189189189189186,,100.0,1.0,100.0,-0.3109523785556394
47.028056112224455,57.189189189189186,,100.0,1.0,100.0,-0.3115381774751462
47.22645290581163,57.189189189189186,,100.0,1.0,100.0,-0.3121237385628799
47.424849699398806,57.189189189189186,,100.0,1.0,100.0,-0.3127090443122196
47.62324649298598,57.189189189189186,,100.0,1.0,100.0,-0.3132940796269793
47.82164328657315,57.189189189189186,,100.0,1.0,100.0,-0.3138788317937576
48.02004008016032,57.189189189189186,,100.0,1.0,100.0,-0.3144632904533461
48.21843687374749,57.189189189189186,,100.0,1.0,100.0,-0.3150474475710019
48.41683366733468,57.189189189189186,,100.0,1.0,100.0,-0.3156312974057957
48.615230460921836,57.189189189189186,,100.0,1.0,100.0,-0.3162148364789816
48.81362725450902,57.189189189189186,,100.0,1.0,100.0,-0.3167980635414579
49.012024048096194,57.189189189189186,,100.0,1.0,100.0,-0.3173809795403509
49.21042084168337,57.189189189189186,,100.0,1.0,100.0,-0.3179635875847437
49.40881763527054,57.189189189189186,,100.0,1.0,100.0,-0.3185458929106473
49.60721442885771,57.189189189189186,,100.0,1.0,100.0,-0.319127902845112
49.805611222444895,57.189189189189186,,100.0,1.0,100.0,-0.3197096267697895
50.00400801603207,57.189189189189186,,100.0,1.0,100.0,-0.3202910760836744
50.20240480961924,57.189189189189186,,100.0,1.0,100.0,-0.3208722641653172
50.40080160320641,57.189189189189186,,100.0,1.0,100.0,-0.3214532063343936
50.59919839679358,57.189189189189186,,100.0,1.0,100.0,-0.3220339198128111
50.79759519038077,57.189189189189186,,100.0,1.0,100.0,-0.3226144236852492
50.99599198396793,57.189189189189186,,100.0,1.0,100.0,-0.3231947388593538
51.19438877755511,57.189189189189186,,100.0,1.0,100.0,-0.3237748880254587
51.39278557114229,57.189189189189186,,100.0,1.0,100.0,-0.3243548956160159
51.59118236472946,57.189189189189186,,100.0,1.0,100.0,-0.3249347877647031
51.789579158316634,57.189189189189186,,100.0,1.0,100.0,-0.325514592265322
51.987975951903806,57.189189189189186,,100.0,1.0,100.0,-0.3260943385304709
52.18637274549098,57.189189189189186,,100.0,1.0,100.0,-0.3266740575500316
52.38476953907816,57.189189189189186,,100.0,1.0,100.0,-0.3272537818496687
52.583166332665336,57.189189189189186,,100.0,1.0,100.0,-0.3278335454491332
52.78156312625251,57.189189189189186,,100.0,1.0,100.0,-0.3284133838206606
52.97995991983967,57.189189189189186,,100.0,1.0,100.0,-0.3289933338473517
53.17835671342685,57.189189189189186,,100.0,1.0,100.0,-0.3295734337816641
53.37675350701403,57.189189189189186,,100.0,1.0,100.0,-0.3301537232040129
53.57515030060121,57.189189189189186,,100.0,1.0,100.0,-0.3307342429815281
53.77354709418837,57.189189189189186,,100.0,1.0,100.0,-0.3313150352270856
53.97194388777555,57.189189189189186,,100.0,1.0,100.0,-0.3318961432585248
54.17034068136273,57.189189189189186,,100.0,1.0,100.0,-0.3324776115581551
54.368737474949896,57.189189189189186,,100.0,1.0,100.0,-0.3330594857327273
54.567134268537075,57.189189189189186,,100.0,1.0,100.0,-0.3336418124735339
54.765531062124246,57.189189189189186,,100.0,1.0,100.0,-0.33422463951719
54.96392785571142,57.189189189189186,,100.0,1.0,100.0,-0.3348080156066148
55.1623246492986,57.189189189189186,,100.0,1.0,100.0,-0.3353919904527097
55.360721442885776,57.189189189189186,,100.0,1.0,100.0,-0.335976614696356
55.55911823647295,57.189189189189186,,100.0,1.0,100.0,-0.336561939871047
55.75751503006013,57.189189189189186,,100.0,1.0,100.0,-0.337148018366091
55.95591182364729,57.189189189189186,,100.0,1.0,100.0,-0.3377349033903642
56.15430861723447,57.189189189189186,,100.0,1.0,100.0,-0.3383226489367333
56.35270541082165,57.189189189189186,,100.0,1.0,100.0,-0.3389113097470798
56.551102204408814,57.189189189189186,,100.0,1.0,100.0,-0.3395009412780246
56.74949899799599,57.189189189189186,,100.0,1.0,100.0,-0.340091599667302
56.94789579158316,57.189189189189186,,100.0,1.0,100.0,-0.3406833417008763
57.146292585170336,57.189189189189186,,100.0,1.0,100.0,-0.3412762247807656
57.3446893787575,57.189189189189186,,100.0,1.0,100.0,-0.3418703068935951
57.543086172344694,57.189189189189186,,100.0,1.0,100.0,-0.3424656465799133
57.74148296593185,57.189189189189186,,100.0,1.0,100.0,-0.3430623029042815
57.93987975951904,57.189189189189186,,100.0,1.0,100.0,-0.3436603354260819
58.13827655310623,57.189189189189186,,100.0,1.0,100.0,-0.344259804171203
58.336673346693395,57.189189189189186,,100.0,1.0,100.0,-0.344860769604437
58.535070140280574,57.189189189189186,,100.0,1.0,100.0,-0.3454632926026737
58.73346693386774,57.189189189189186,,100.0,1.0,100.0,-0.3460674344289226
58.9318637274549,57.189189189189186,,100.0,1.0,100.0,-0.3466732567071688
59.13026052104208,57.189189189189186,,100.0,1.0,100.0,-0.3472808213979552
59.32865731462926,57.189189189189186,,100.0,1.0,100.0,-0.3478901907747636
59.52705410821644,57.189189189189186,,100.0,1.0,100.0,-0.3485014274013233
59.72545090180361,57.189189189189186,,100.0,1.0,100.0,-0.3491145941095226
59.92384769539078,57.189189189189186,,100.0,1.0,100.0,-0.3497297539783114
60.12224448897794,57.189189189189186,,100.0,1.0,100.0,-0.3503469703131988
60.32064128256512,57.189189189189186,,100.0,1.0,100.0,-0.3509663066267176
60.51903807615231,57.189189189189186,,100.0,1.0,100.0,-0.3515878266195041
60.717434869739485,57.189189189189186,,100.0,1.0,100.0,-0.3522115941622505
60.915831663326664,57.189189189189186,,100.0,1.0,100.0,-0.3528376732783177
61.114228456913835,57.189189189189186,,100.0,1.0,100.0,-0.3534661281272441
61.312625250501,57.189189189189186,,100.0,1.0,100.0,-0.3540970229887586
61.51102204408818,57.189189189189186,,100.0,1.0,100.0,-0.3547304222477526
61.709418837675344,57.189189189189186,,100.0,1.0,100.0,-0.3553663903798205
61.90781563126252,57.189189189189186,,100.0,1.0,100.0,-0.3560049919375353
62.1062124248497,57.189189189189186,,100.0,1.0,100.0,-0.3566462915373657
62.30460921843688,57.189189189189186,,100.0,1.0,100.0,-0.3572903538473884
62.50300601202406,57.189189189189186,,100.0,1.0,100.0,-0.3579372435754876
62.701402805611224,57.189189189189186,,100.0,1.0,100.0,-0.3585870254583163
62.89979959919839,57.189189189189186,,100.0,1.0,100.0,-0.3592397642508791
63.09819639278557,57.189189189189186,,100.0,1.0,100.0,-0.3598955247166117
63.296593186372746,57.189189189189186,,100.0,1.0,100.0,-0.3605543716181988
63.494989979959925,57.189189189189186,,100.0,1.0,100.0,-0.3612163697089194
63.69338677354709,57.189189189189186,,100.0,1.0,100.0,-0.3618815837245376
63.89178356713427,57.189189189189186,,100.0,1.0,100.0,-0.3625500783757461
64.09018036072143,57.189189189189186,,100.0,1.0,100.0,-0.3632219183412163
64.28857715430863,57.189189189189186,,100.0,1.0,100.0,-0.3638971682610434
64.48697394789579,57.189189189189186,,100.0,1.0,100.0,-0.3645758927308574
64.68537074148296,57.189189189189186,,100.0,1.0,100.0,-0.3652581562962842
64.88376753507015,57.189189189189186,,100.0,1.0,100.0,-0.3659440234479767
65.08216432865731,57.189189189189186,,100.0,1.0,100.0,-0.3666335586170864
65.28056112224449,57.189189189189186,,100.0,1.0,100.0,-0.3673268261711704
65.47895791583166,57.189189189189186,,100.0,1.0,100.0,-0.3680238904105443
65.67735470941884,57.189189189189186,,100.0,1.0,100.0,-0.3687248155651201
65.87575150300601,57.189189189189186,,100.0,1.0,100.0,-0.3694296657915751
66.0741482965932,57.189189189189186,,100.0,1.0,100.0,-0.3701385051709362
66.27254509018036,57.189189189189186,,100.0,1.0,100.0,-0.3708513977066699
66.47094188376754,57.189189189189186,,100.0,1.0,100.0,-0.3715684073229541
66.66933867735472,57.189189189189186,,100.0,1.0,100.0,-0.372289597863534
66.8677354709419,57.189189189189186,,100.0,1.0,100.0,-0.3730150330907711
67.06613226452906,57.189189189189186,,100.0,1.0,100.0,-0.3737447766851528
67.26452905811624,57.189189189189186,,100.0,1.0,100.0,-0.374478892245077
67.4629258517034,57.189189189189186,,100.0,1.0,100.0,-0.3752174432870426
67.6613226452906,57.189189189189186,,100.0,1.0,100.0,-0.3759604932460828
67.85971943887776,57.189189189189186,,100.0,1.0,100.0,-0.3767081054765909
68.05811623246494,57.189189189189186,,100.0,1.0,100.0,-0.3774603432534379
68.2565130260521,57.189189189189186,,100.0,1.0,100.0,-0.3782172697733496
68.45490981963928,57.189189189189186,,100.0,1.0,100.0,-0.37897894815669
68.65330661322645,57.189189189189186,,100.0,1.0,100.0,-0.379745441449421
68.85170340681363,57.189189189189186,,100.0,1.0,100.0,-0.3805168126254612
69.05010020040079,57.189189189189186,,100.0,1.0,100.0,-0.381293124589249
69.24849699398798,57.189189189189186,,100.0,1.0,100.0,-0.382074440178651
69.44689378757515,57.189189189189186,,100.0,1.0,100.0,-0.382860822168078
69.64529058116234,57.189189189189186,,100.0,1.0,100.0,-0.3836523332719782
69.84368737474949,57.189189189189186,,100.0,1.0,100.0,-0.384449036148491
70.04208416833667,57.189189189189186,,100.0,1.0,100.0,-0.3852509934034734
70.24048096192385,57.189189189189186,,100.0,1.0,100.0,-0.3860582675947255
70.43887775551103,57.189189189189186,,100.0,1.0,100.0,-0.3868709212365289
70.6372745490982,57.189189189189186,,100.0,1.0,100.0,-0.3876890168043766
70.83567134268537,57.189189189189186,,100.0,1.0,100.0,-0.3885126167401204
71.03406813627254,57.189189189189186,,100.0,1.0,100.0,-0.3893417834571747
71.23246492985973,57.189189189189186,,100.0,1.0,100.0,-0.3901765793461457
71.4308617234469,57.189189189189186,,100.0,1.0,100.0,-0.3910170667806932
71.62925851703406,57.189189189189186,,100.0,1.0,100.0,-0.3918633081235687
71.82765531062124,57.189189189189186,,100.0,1.0,100.0,-0.3927153657330127
72.0260521042084,57.189189189189186,,100.0,1.0,100.0,-0.3935733019693797
72.2244488977956,57.189189189189186,,100.0,1.0,100.0,-0.3944371792020192
72.42284569138276,57.189189189189186,,100.0,1.0,100.0,-0.3953070598164055
72.62124248496994,57.189189189189186,,100.0,1.0,100.0,-0.3961830062215913
72.8196392785571,57.189189189189186,,100.0,1.0,100.0,-0.3970650808578253
73.01803607214428,57.189189189189186,,100.0,1.0,100.0,-0.397953346204563
73.21643286573146,57.189189189189186,,100.0,1.0,100.0,-0.3988478647885819
73.41482965931863,57.189189189189186,,100.0,1.0,100.0,-0.3997486991925421
73.6132264529058,57.189189189189186,,100.0,1.0,100.0,-0.4006559120636449
73.81162324649299,57.189189189189186,,100.0,1.0,100.0,-0.4015695661226854
74.01002004008016,57.189189189189186,,100.0,1.0,100.0,-0.4024897241732904
74.20841683366733,57.189189189189186,,100.0,1.0,100.0,-0.4034164491114759
74.40681362725451,57.189189189189186,,100.0,1.0,100.0,-0.4043498039354545
74.60521042084169,57.189189189189186,,100.0,1.0,100.0,-0.4052898517556584
74.80360721442887,57.189189189189186,,100.0,1.0,100.0,-0.4062366558051788
75.00200400801603,57.189189189189186,,100.0,1.0,100.0,-0.4071902794502862
75.20040080160321,57.189189189189186,,100.0,1.0,100.0,-0.4081507862013864
75.39879759519039,57.189189189189186,,100.0,1.0,100.0,-0.4091182397241032
75.59719438877755,57.189189189189186,,100.0,1.0,100.0,-0.4100927038508252
75.79559118236472,57.189189189189186,,100.0,1.0,100.0,-0.411074242592282
75.99398797595191,57.189189189189186,,100.0,1.0,100.0,-0.4120629201495704
76.19238476953907,57.189189189189186,,100.0,1.0,100.0,-0.4130588009264188
76.39078156312625,57.189189189189186,,100.0,1.0,100.0,-0.4140619495416865
76.58917835671345,57.189189189189186,,100.0,1.0,100.0,-0.4150724308421253
76.7875751503006,57.189189189189186,,100.0,1.0,100.0,-0.4160903099155186
76.98597194388778,57.189189189189186,,100.0,1.0,100.0,-0.4171156521039003
77.18436873747495,57.189189189189186,,100.0,1.0,100.0,-0.4181485230172778
77.38276553106212,57.189189189189186,,100.0,1.0,100.0,-0.4191889885474548
77.5811623246493,57.189189189189186,,100.0,1.0,100.0,-0.4202371148821411
77.77955911823646,57.189189189189186,,100.0,1.0,100.0,-0.4212929685194396
77.97795591182366,57.189189189189186,,100.0,1.0,100.0,-0.4223566162825155
78.1763527054108,57.189189189189186,,100.0,1.0,100.0,-0.4234281253345211
78.374749498998,57.189189189189186,,100.0,1.0,100.0,-0.4245075631938515
78.5731462925852,57.189189189189186,,100.0,1.0,100.0,-0.4255949977496484
78.77154308617234,57.189189189189186,,100.0,1.0,100.0,-0.4266904972775115
78.96993987975952,57.189189189189186,,100.0,1.0,100.0,-0.4277941304555929
79.1683366733467,57.189189189189186,,100.0,1.0,100.0,-0.4289059663808099
79.36673346693387,57.189189189189186,,100.0,1.0,100.0,-0.430026074585482
79.56513026052104,57.189189189189186,,100.0,1.0,100.0,-0.4311545250540733
79.76352705410822,57.189189189189186,,100.0,1.0,100.0,-0.4322913882403121
79.9619238476954,57.189189189189186,,100.0,1.0,100.0,-0.4334367350845777
80.16032064128257,57.189189189189186,,100.0,1.0,100.0,-0.4345906370313853
80.35871743486975,57.189189189189186,,100.0,1.0,100.0,-0.4357531660473366
80.55711422845691,57.189189189189186,,100.0,1.0,100.0,-0.4369243946392085
80.75551102204409,57.189189189189186,,100.0,1.0,100.0,-0.4381043958723284
80.95390781563127,57.189189189189186,,100.0,1.0,100.0,-0.4392932433892156
81.15230460921843,57.189189189189186,,100.0,1.0,100.0,-0.4404910114284303
81.35070140280563,57.189189189189186,,100.0,1.0,100.0,-0.4416977748437398
81.54909819639279,57.189189189189186,,100.0,1.0,100.0,-0.4429136091234799
81.74749498997996,57.189189189189186,,100.0,1.0,100.0,-0.4441385904102291
81.94589178356713,57.189189189189186,,100.0,1.0,100.0,-0.4453727955206799
82.14428857715431,57.189189189189186,,100.0,1.0,100.0,-0.4466163019657203
82.34268537074149,57.189189189189186,,100.0,1.0,100.0,-0.4478691879709428
82.54108216432866,57.189189189189186,,100.0,1.0,100.0,-0.4491315324971265
82.73947895791585,57.189189189189186,,100.0,1.0,100.0,-0.4504034152612401
82.937875751503,57.189189189189186,,100.0,1.0,100.0,-0.4516849167574709
83.13627254509018,57.189189189189186,,100.0,1.0,100.0,-0.4529761182786654
83.33466933867736,57.189189189189186,,100.0,1.0,100.0,-0.4542771019378487
83.53306613226454,57.189189189189186,,100.0,1.0,100.0,-0.4555879506901711
83.7314629258517,57.189189189189186,,100.0,1.0,100.0,-0.456908748354943
83.92985971943888,57.189189189189186,,100.0,1.0,100.0,-0.4582395796379543
84.12825651302606,57.189189189189186,,100.0,1.0,100.0,-0.4595805301541169
84.32665330661322,57.189189189189186,,100.0,1.0,100.0,-0.4609316864501854
84.5250501002004,57.189189189189186,,100.0,1.0,100.0,-0.4622931360279109
84.72344689378757,57.189189189189186,,100.0,1.0,100.0,-0.4636649673672471
84.92184368737476,57.189189189189186,,100.0,1.0,100.0,-0.4650472699499464
85.12024048096194,57.189189189189186,,100.0,1.0,100.0,-0.4664401342832565
85.3186372745491,57.189189189189186,,100.0,1.0,100.0,-0.4678436519240672
85.51703406813628,57.189189189189186,,100.0,1.0,100.0,-0.4692579155029436
85.71543086172345,57.189189189189186,,100.0,1.0,100.0,-0.4706830187488477
85.91382765531063,57.189189189189186,,100.0,1.0,100.0,-0.4721190565137165
86.1122244488978,57.189189189189186,,100.0,1.0,100.0,-0.4735661247974301
86.31062124248497,57.189189189189186,,100.0,1.0,100.0,-0.4750243207731226
86.50901803607215,57.189189189189186,,100.0,1.0,100.0,-0.4764937428124731
86.70741482965931,57.189189189189186,,100.0,1.0,100.0,-0.4779744905115675
86.90581162324649,57.189189189189186,,100.0,1.0,100.0,-0.479466664716617
87.10420841683366,57.189189189189186,,100.0,1.0,100.0,-0.4809703675503449
87.30260521042084,57.189189189189186,,100.0,1.0,100.0,-0.4824857024382128
87.50100200400803,57.189189189189186,,100.0,1.0,100.0,-0.4840127741351856
87.6993987975952,57.189189189189186,,100.0,1.0,100.0,-0.4855516887525449
87.89779559118237,57.189189189189186,,100.0,1.0,100.0,-0.4871025537851409
88.09619238476955,57.189189189189186,,100.0,1.0,100.0,-0.488665478138658
88.29458917835672,57.189189189189186,,100.0,1.0,100.0,-0.4902405721573052
88.4929859719439,57.189189189189186,,100.0,1.0,100.0,-0.4918279476516779
88.69138276553106,57.189189189189186,,100.0,1.0,100.0,-0.4934277179269707
88.88977955911824,57.189189189189186,,100.0,1.0,100.0,-0.4950399978112295
89.0881763527054,57.189189189189186,,100.0,1.0,100.0,-0.4966649036840455
89.28657314629258,57.189189189189186,,100.0,1.0,100.0,-0.498302553505484
89.48496993987975,57.189189189189186,,100.0,1.0,100.0,-0.4999530668451791
89.68336673346693,57.189189189189186,,100.0,1.0,100.0,-0.5016165649117436
89.88176352705409,57.189189189189186,,100.0,1.0,100.0,-0.5032931705824525
90.08016032064127,57.189189189189186,,100.0,1.0,100.0,-0.5049830084331075
90.27855711422846,57.189189189189186,,100.0,1.0,100.0,-0.5066862047683263
90.47695390781564,57.189189189189186,,100.0,1.0,100.0,-0.5084028876518832
90.6753507014028,57.189189189189186,,100.0,1.0,100.0,-0.5101331869374848
90.87374749498998,57.189189189189186,,100.0,1.0,100.0,-0.511877234299809
91.07214428857715,57.189189189189186,,100.0,1.0,100.0,-0.513635163265621
91.27054108216433,57.189189189189186,,100.0,1.0,100.0,-0.5154071092454715
91.46893787575152,57.189189189189186,,100.0,1.0,100.0,-0.517193209565403
91.66733466933867,57.189189189189186,,100.0,1.0,100.0,-0.518993603499097
91.86573146292585,57.189189189189186,,100.0,1.0,100.0,-0.5208084323002367
92.06412825651303,57.189189189189186,,100.0,1.0,100.0,-0.5226378392351033
92.26252505010021,57.189189189189186,,100.0,1.0,100.0,-0.5244819696156884
92.46092184368737,57.189189189189186,,100.0,1.0,100.0,-0.526340970832734
92.65931863727455,57.189189189189186,,100.0,1.0,100.0,-0.5282149923894526
92.85771543086172,57.189189189189186,,100.0,1.0,100.0,-0.5301041859351874
93.05611222444891,57.189189189189186,,100.0,1.0,100.0,-0.5320087052997009
93.25450901803607,57.189189189189186,,100.0,1.0,100.0,-0.5339287065274987
93.45290581162325,57.189189189189186,,100.0,1.0,100.0,-0.5358643479126396
93.65130260521043,57.189189189189186,,100.0,1.0,100.0,-0.5378157900337239
93.84969939879761,57.189189189189186,,100.0,1.0,100.0,-0.5397831957893798
94.04809619238478,57.189189189189186,,100.0,1.0,100.0,-0.5417667304337753
94.24649298597195,57.189189189189186,,100.0,1.0,100.0,-0.5437665616127844
94.44488977955912,57.189189189189186,,100.0,1.0,100.0,-0.5457828594002422
94.6432865731463,57.189189189189186,,100.0,1.0,100.0,-0.5478157963346292
94.84168336673346,57.189189189189186,,100.0,1.0,100.0,-0.5498655474560049
95.04008016032064,57.189189189189186,,100.0,1.0,100.0,-0.5519322903434235
95.2384769539078,57.189189189189186,,100.0,1.0,100.0,-0.5540162051525571
95.43687374749499,57.189189189189186,,100.0,1.0,100.0,-0.5561174746537698
95.63527054108215,57.189189189189186,,100.0,1.0,100.0,-0.5582362842703604
95.83366733466936,57.189189189189186,,100.0,1.0,100.0,-0.5603728221173644
96.03206412825652,57.189189189189186,,100.0,1.0,100.0,-0.5625272790407033
96.2304609218437,57.189189189189186,,100.0,1.0,100.0,-0.5646998486564381
96.42885771543087,57.189189189189186,,100.0,1.0,100.0,-0.5668907273907436
96.62725450901804,57.189189189189186,,100.0,1.0,100.0,-0.5691001145199905
96.82565130260521,57.189189189189186,,100.0,1.0,100.0,-0.5713282122113731
97.02404809619239,57.189189189189186,,100.0,1.0,100.0,-0.5735752255637162
97.22244488977958,57.189189189189186,,100.0,1.0,100.0,-0.575841362649004
97.42084168336673,57.189189189189186,,100.0,1.0,100.0,-0.5781268345538889
97.6192384769539,57.189189189189186,,100.0,1.0,100.0,-0.580431855421902
97.81763527054107,57.189189189189186,,100.0,1.0,100.0,-0.5827566424959763
98.01603206412825,57.189189189189186,,100.0,1.0,100.0,-0.5851014161612721
98.21442885771542,57.189189189189186,,100.0,1.0,100.0,-0.587466399988633
98.4128256513026,57.189189189189186,,100.0,1.0,100.0,-0.5898518207782537
98.61122244488979,57.189189189189186,,100.0,1.0,100.0,-0.5922579086038439
98.80961923847698,57.189189189189186,,100.0,1.0,100.0,-0.5946848968572664
99.00801603206413,57.189189189189186,,100.0,1.0,100.0,-0.59713302229358
99.2064128256513,57.189189189189186,,100.0,1.0,100.0,-0.5996025250764245
99.40480961923848,57.189189189189186,,100.0,1.0,100.0,-0.6020936488240727
99.60320641282564,57.189189189189186,,100.0,1.0,100.0,-0.6046066406557061
99.80160320641282,57.189189189189186,,100.0,1.0,100.0,-0.6071417512382561
100.0,57.189189189189186,,100.0,1.0,100.0,-0.6096992348337471
1.0,59.86486486486486,,100.0,1.0,100.0,-0.4522939930021034
1.1983967935871744,59.86486486486486,,100.0,1.0,100.0,-0.4493702083765031
1.3967935871743486,59.86486486486486,,100.0,1.0,100.0,-0.4464734435592127
1.595190380761523,59.86486486486486,,100.0,1.0,100.0,-0.4436037413092261
1.7935871743486973,59.86486486486486,,100.0,1.0,100.0,-0.4407611426811781
1.9919839679358717,59.86486486486486,,100.0,1.0,100.0,-0.4379456869737715
2.190380761523046,59.86486486486486,,100.0,1.0,100.0,-0.4351574116798078
2.38877755511022,59.86486486486486,,100.0,1.0,100.0,-0.4323963524378355
2.5871743486973946,59.86486486486486,,100.0,1.0,100.0,-0.4296625429854086
2.785571142284569,59.86486486486486,,100.0,1.0,100.0,-0.4269560151138707
2.9839679358717435,59.86486486486486,,100.0,1.0,100.0,-0.4242767986246862
3.182364729458918,59.86486486486486,,100.0,1.0,100.0,-0.421624921287243
3.380761523046093,59.86486486486486,,100.0,1.0,100.0,-0.419000408798212
3.579158316633267,59.86486486486486,,100.0,1.0,100.0,-0.4164032847422488
3.7775551102204403,59.86486486486486,,100.0,1.0,100.0,-0.413833570554211
3.9759519038076157,59.86486486486486,,100.0,1.0,100.0,-0.4112912854827653
4.174348697394789,59.86486486486486,,100.0,1.0,100.0,-0.4087764465553441
4.372745490981964,59.86486486486486,,100.0,1.0,100.0,-0.4062890685444872
4.571142284569138,59.86486486486486,,100.0,1.0,100.0,-0.403829163935548
4.7695390781563125,59.86486486486486,,100.0,1.0,100.0,-0.4013967428956588
4.967935871743487,59.86486486486486,,100.0,1.0,100.0,-0.3989918132440659
5.166332665330662,59.86486486486486,,100.0,1.0,100.0,-0.3966143804236937
5.364729458917837,59.86486486486486,,100.0,1.0,100.0,-0.3942644474739611
5.563126252505009,59.86486486486486,,100.0,1.0,100.0,-0.3919420150049384
5.761523046092185,59.86486486486486,,100.0,1.0,100.0,-0.3896470811725862
5.959919839679359,59.86486486486486,,100.0,1.0,100.0,-0.3873796416553234
6.158316633266534,59.86486486486486,,100.0,1.0,100.0,-0.3851396896317251
6.356713426853707,59.86486486486486,,100.0,1.0,100.0,-0.3829272157594117
6.555110220440882,59.86486486486486,,100.0,1.0,100.0,-0.3807422081551262
6.753507014028057,59.86486486486486,,100.0,1.0,100.0,-0.3785846523759141
6.951903807615231,59.86486486486486,,100.0,1.0,100.0,-0.3764545314014627
7.150300601202405,59.86486486486486,,100.0,1.0,100.0,-0.3743518256175741
7.348697394789579,59.86486486486486,,100.0,1.0,100.0,-0.3722765128007116
7.547094188376754,59.86486486486486,,100.0,1.0,100.0,-0.3702285681037008
7.745490981963927,59.86486486486486,,100.0,1.0,100.0,-0.3682079640424016
7.9438877755511,59.86486486486486,,100.0,1.0,100.0,-0.3662146704836031
8.142284569138276,59.86486486486486,,100.0,1.0,100.0,-0.364248654633838
8.340681362725451,59.86486486486486,,100.0,1.0,100.0,-0.3623098810293655
8.539078156312625,59.86486486486486,,100.0,1.0,100.0,-0.3603983115270927
8.737474949899799,59.86486486486486,,100.0,1.0,100.0,-0.3585139052966081
8.935871743486974,59.86486486486486,,100.0,1.0,100.0,-0.356656618813202
9.13426853707415,59.86486486486486,,100.0,1.0,100.0,-0.3548264058518843
9.332665330661325,59.86486486486486,,100.0,1.0,100.0,-0.3530232174824345
9.531062124248498,59.86486486486486,,100.0,1.0,100.0,-0.3512470020654555
9.729458917835672,59.86486486486486,,100.0,1.0,100.0,-0.3494977052493853
9.927855711422845,59.86486486486486,,100.0,1.0,100.0,-0.3477752699685017
10.126252505010019,59.86486486486486,,100.0,1.0,100.0,-0.3460796364419274
10.324649298597194,59.86486486486486,,100.0,1.0,100.0,-0.3444107421735776
10.52304609218437,59.86486486486486,,100.0,1.0,100.0,-0.3427685219530514
10.721442885771543,59.86486486486486,,100.0,1.0,100.0,-0.3411529078575244
10.919839679358718,59.86486486486486,,100.0,1.0,100.0,-0.3395638292545787
11.118236472945892,59.86486486486486,,100.0,1.0,100.0,-0.3380012128059262
11.316633266533067,59.86486486486486,,100.0,1.0,100.0,-0.3364649824721449
11.515030060120242,59.86486486486486,,100.0,1.0,100.0,-0.3349550595182876
11.713426853707414,59.86486486486486,,100.0,1.0,100.0,-0.3334713625204501
11.91182364729459,59.86486486486486,,100.0,1.0,100.0,-0.3320138073732467
12.110220440881761,59.86486486486486,,100.0,1.0,100.0,-0.3305823072982127
12.308617234468937,59.86486486486486,,100.0,1.0,100.0,-0.329176772853099
12.507014028056114,59.86486486486486,,100.0,1.0,100.0,-0.3277971119420826
12.705410821643287,59.86486486486486,,100.0,1.0,100.0,-0.326443229826885
12.903807615230463,59.86486486486486,,100.0,1.0,100.0,-0.325115029138779
13.102204408817634,59.86486486486486,,100.0,1.0,100.0,-0.3238124098914934
13.30060120240481,59.86486486486486,,100.0,1.0,100.0,-0.3225352694949557
13.498997995991983,59.86486486486486,,100.0,1.0,100.0,-0.3212835027700157
13.697394789579159,59.86486486486486,,100.0,1.0,100.0,-0.3200570019639215
13.895791583166334,59.86486486486486,,100.0,1.0,100.0,-0.3188556567667647
14.094188376753507,59.86486486486486,,100.0,1.0,100.0,-0.3176793543287163
14.292585170340683,59.86486486486486,,100.0,1.0,100.0,-0.3165279792781965
14.490981963927855,59.86486486486486,,100.0,1.0,100.0,-0.3154014137408143
14.689378757515032,59.86486486486486,,100.0,1.0,100.0,-0.3142995373591897
14.887775551102203,59.86486486486486,,100.0,1.0,100.0,-0.3132222273136336
15.086172344689379,59.86486486486486,,100.0,1.0,100.0,-0.3121693583436528
15.284569138276554,59.86486486486486,,100.0,1.0,100.0,-0.3111408027702368
15.482965931863726,59.86486486486486,,100.0,1.0,100.0,-0.3101364305190359
15.681362725450903,59.86486486486486,,100.0,1.0,100.0,-0.3091561091442821
15.879759519038075,59.86486486486486,,100.0,1.0,100.0,-0.3081997038535894
16.07815631262525,59.86486486486486,,100.0,1.0,100.0,-0.3072670775334617
16.276553106212425,59.86486486486486,,100.0,1.0,100.0,-0.3063580907756829
16.474949899799597,59.86486486486486,,100.0,1.0,100.0,-0.3054726019043921
16.673346693386772,59.86486486486486,,100.0,1.0,100.0,-0.3046104670040508
16.871743486973948,59.86486486486486,,100.0,1.0,100.0,-0.30377153994802
17.070140280561123,59.86486486486486,,100.0,1.0,100.0,-0.3029556724280505
17.2685370741483,59.86486486486486,,100.0,1.0,100.0,-0.3021627139844022
17.466933867735474,59.86486486486486,,100.0,1.0,100.0,-0.3013925120367389
17.66533066132265,59.86486486486486,,100.0,1.0,100.0,-0.3006449119157542
17.86372745490982,59.86486486486486,,100.0,1.0,100.0,-0.2999197568955125
18.062124248496996,59.86486486486486,,100.0,1.0,100.0,-0.2992168882264523
18.260521042084168,59.86486486486486,,100.0,1.0,100.0,-0.298536145169134
18.458917835671343,59.86486486486486,,100.0,1.0,100.0,-0.2978773650286233
18.657314629258515,59.86486486486486,,100.0,1.0,100.0,-0.2972403831895871
18.85571142284569,59.86486486486486,,100.0,1.0,100.0,-0.2966250331519889
19.054108216432866,59.86486486486486,,100.0,1.0,100.0,-0.2960311465674569
19.252505010020037,59.86486486486486,,100.0,1.0,100.0,-0.2954585532763087
19.450901803607216,59.86486486486486,,100.0,1.0,100.0,-0.2949070813450993
19.649298597194388,59.86486486486486,,100.0,1.0,100.0,-0.294376557104884
19.847695390781563,59.86486486486486,,100.0,1.0,100.0,-0.2938668051899932
20.04609218436874,59.86486486486486,,100.0,1.0,100.0,-0.2933776485773924
20.244488977955914,59.86486486486486,,100.0,1.0,100.0,-0.2929089086266165
20.442885771543086,59.86486486486486,,100.0,1.0,100.0,-0.2924604051202302
20.64128256513026,59.86486486486486,,100.0,1.0,100.0,-0.2920319563048271
20.839679358717436,59.86486486486486,,100.0,1.0,100.0,-0.2916233789325398
21.03807615230461,59.86486486486486,,100.0,1.0,100.0,-0.2912344883030128
21.236472945891784,59.86486486486486,,100.0,1.0,100.0,-0.290865098305935
21.43486973947896,59.86486486486486,,100.0,1.0,100.0,-0.2905150214639223
21.633266533066134,59.86486486486486,,100.0,1.0,100.0,-0.2901840689759455
21.831663326653306,59.86486486486486,,100.0,1.0,100.0,-0.2898720507611392
22.030060120240485,59.86486486486486,,100.0,1.0,100.0,-0.2895787755030272
22.228456913827657,59.86486486486486,,100.0,1.0,100.0,-0.2893040506941656
22.42685370741483,59.86486486486486,,100.0,1.0,100.0,-0.2890476826811279
22.625250501002007,59.86486486486486,,100.0,1.0,100.0,-0.2888094767098865
22.82364729458918,59.86486486486486,,100.0,1.0,100.0,-0.2885892369715197
23.02204408817635,59.86486486486486,,100.0,1.0,100.0,-0.2883867666482412
23.220440881763523,59.86486486486486,,100.0,1.0,100.0,-0.2882018679597636
23.4188376753507,59.86486486486486,,100.0,1.0,100.0,-0.2880343422099321
23.617234468937873,59.86486486486486,,100.0,1.0,100.0,-0.2878839898336099
23.815631262525052,59.86486486486486,,100.0,1.0,100.0,-0.2877506104438821
24.014028056112227,59.86486486486486,,100.0,1.0,100.0,-0.2876340028794534
24.212424849699403,59.86486486486486,,100.0,1.0,100.0,-0.2875339652522517
24.410821643286575,59.86486486486486,,100.0,1.0,100.0,-0.2874502949953019
24.609218436873746,59.86486486486486,,100.0,1.0,100.0,-0.2873827889106995
24.807615230460925,59.86486486486486,,100.0,1.0,100.0,-0.2873312432178521
25.006012024048097,59.86486486486486,,100.0,1.0,100.0,-0.2872954536017875
25.20440881763527,59.86486486486486,,100.0,1.0,100.0,-0.2872752152616233
25.402805611222448,59.86486486486486,,100.0,1.0,100.0,-0.2872703229591932
25.60120240480962,59.86486486486486,,100.0,1.0,100.0,-0.2872805710677504
25.79959919839679,59.86486486486486,,100.0,1.0,100.0,-0.2873057536207314
25.997995991983966,59.86486486486486,,100.0,1.0,100.0,-0.2873456643606095
26.196392785571145,59.86486486486486,,100.0,1.0,100.0,-0.2874000967878526
26.394789579158317,59.86486486486486,,100.0,1.0,100.0,-0.2874688442098189
26.59318637274549,59.86486486486486,,100.0,1.0,100.0,-0.2875516997897748
26.791583166332664,59.86486486486486,,100.0,1.0,100.0,-0.2876484565958767
26.98997995991984,59.86486486486486,,100.0,1.0,100.0,-0.2877589076501076
27.188376753507008,59.86486486486486,,100.0,1.0,100.0,-0.2878828459772989
27.386773547094187,59.86486486486486,,100.0,1.0,100.0,-0.2880200646539884
27.585170340681366,59.86486486486486,,100.0,1.0,100.0,-0.2881703568573536
27.783567134268534,59.86486486486486,,100.0,1.0,100.0,-0.2883335159139695
27.98196392785571,59.86486486486486,,100.0,1.0,100.0,-0.2885093353485954
28.180360721442888,59.86486486486486,,100.0,1.0,100.0,-0.2886976089327691
28.378757515030063,59.86486486486486,,100.0,1.0,100.0,-0.2888981307333947
28.577154308617235,59.86486486486486,,100.0,1.0,100.0,-0.289110695161136
28.7755511022044,59.86486486486486,,100.0,1.0,100.0,-0.2893350970187424
28.97394789579158,59.86486486486486,,100.0,1.0,100.0,-0.2895711315491969
29.172344689378757,59.86486486486486,,100.0,1.0,100.0,-0.2898185944837225
29.370741482965926,59.86486486486486,,100.0,1.0,100.0,-0.2900772820896332
29.5691382765531,59.86486486486486,,100.0,1.0,100.0,-0.2903469912180169
29.76753507014028,59.86486486486486,,100.0,1.0,100.0,-0.2906275193512057
29.965931863727448,59.86486486486486,,100.0,1.0,100.0,-0.2909186646500588
30.164328657314627,59.86486486486486,,100.0,1.0,100.0,-0.2912202260010562
30.36272545090181,59.86486486486486,,100.0,1.0,100.0,-0.2915320030631764
30.56112224448897,59.86486486486486,,100.0,1.0,100.0,-0.2918537963144834
30.759519038076157,59.86486486486486,,100.0,1.0,100.0,-0.2921854070985296
30.957915831663332,59.86486486486486,,100.0,1.0,100.0,-0.2925266376705476
31.1563126252505,59.86486486486486,,100.0,1.0,100.0,-0.2928772912432628
31.35470941883768,59.86486486486486,,100.0,1.0,100.0,-0.2932371720325245
31.553106212424858,59.86486486486486,,100.0,1.0,100.0,-0.2936060853026462
31.751503006012022,59.86486486486486,,100.0,1.0,100.0,-0.293983837411403
31.949899799599194,59.86486486486486,,100.0,1.0,100.0,-0.2943702358547883
32.14829659318637,59.86486486486486,,100.0,1.0,100.0,-0.2947650893114206
32.346693386773545,59.86486486486486,,100.0,1.0,100.0,-0.2951682076866189
32.545090180360724,59.86486486486486,,100.0,1.0,100.0,-0.2955794021561581
32.743486973947896,59.86486486486486,,100.0,1.0,100.0,-0.2959984852096865
32.941883767535074,59.86486486486486,,100.0,1.0,100.0,-0.2964252706937587
33.140280561122246,59.86486486486486,,100.0,1.0,100.0,-0.2968595738545161
33.33867735470942,59.86486486486486,,100.0,1.0,100.0,-0.2973012113799562
33.5370741482966,59.86486486486486,,100.0,1.0,100.0,-0.2977500014418933
33.73547094188377,59.86486486486486,,100.0,1.0,100.0,-0.2982057637373585
33.93386773547095,59.86486486486486,,100.0,1.0,100.0,-0.2986683195297767
34.13226452905812,59.86486486486486,,100.0,1.0,100.0,-0.2991374916894981
34.3306613226453,59.86486486486486,,100.0,1.0,100.0,-0.299613104734085
34.52905811623247,59.86486486486486,,100.0,1.0,100.0,-0.3000949848679901
34.72745490981965,59.86486486486486,,100.0,1.0,100.0,-0.3005829600218366
34.92585170340681,59.86486486486486,,100.0,1.0,100.0,-0.301076859891162
35.12424849699399,59.86486486486486,,100.0,1.0,100.0,-0.3015765159747455
35.32264529058117,59.86486486486486,,100.0,1.0,100.0,-0.3020817616122722
35.521042084168336,59.86486486486486,,100.0,1.0,100.0,-0.3025924320215982
35.719438877755515,59.86486486486486,,100.0,1.0,100.0,-0.3031083643353977
35.91783567134269,59.86486486486486,,100.0,1.0,100.0,-0.3036293976372481
36.11623246492986,59.86486486486486,,100.0,1.0,100.0,-0.3041553729971128
36.31462925851703,59.86486486486486,,100.0,1.0,100.0,-0.3046861335062674
36.51302605210421,59.86486486486486,,100.0,1.0,100.0,-0.3052215243115586
36.71142284569138,59.86486486486486,,100.0,1.0,100.0,-0.30576139264902
36.90981963927855,59.86486486486486,,100.0,1.0,100.0,-0.3063055878768643
37.10821643286573,59.86486486486486,,100.0,1.0,100.0,-0.3068539615077557
37.3066132264529,59.86486486486486,,100.0,1.0,100.0,-0.3074063672404152
37.505010020040075,59.86486486486486,,100.0,1.0,100.0,-0.3079626609904614
37.703406813627254,59.86486486486486,,100.0,1.0,100.0,-0.3085227009205477
37.90180360721443,59.86486486486486,,100.0,1.0,100.0,-0.3090863474697144
38.100200400801604,59.86486486486486,,100.0,1.0,100.0,-0.3096534633819658
38.298597194388776,59.86486486486486,,100.0,1.0,100.0,-0.3102239137340313
38.496993987975955,59.86486486486486,,100.0,1.0,100.0,-0.3107975659623296
38.69539078156313,59.86486486486486,,100.0,1.0,100.0,-0.3113742898890181
38.8937875751503,59.86486486486486,,100.0,1.0,100.0,-0.3119539577472242
39.09218436873748,59.86486486486486,,100.0,1.0,100.0,-0.3125364442053646
39.29058116232465,59.86486486486486,,100.0,1.0,100.0,-0.3131216263905574
39.48897795591183,59.86486486486486,,100.0,1.0,100.0,-0.3137093839110698
39.687374749499,59.86486486486486,,100.0,1.0,100.0,-0.3142995988778092
39.88577154308617,59.86486486486486,,100.0,1.0,100.0,-0.3148921559248621
40.08416833667335,59.86486486486486,,100.0,1.0,100.0,-0.3154869422289936
40.28256513026052,59.86486486486486,,100.0,1.0,100.0,-0.3160838475281232
40.4809619238477,59.86486486486486,,100.0,1.0,100.0,-0.3166827641387533
40.67935871743487,59.86486486486486,,100.0,1.0,100.0,-0.3172835869723616
40.877755511022045,59.86486486486486,,100.0,1.0,100.0,-0.3178862135506407
41.07615230460922,59.86486486486486,,100.0,1.0,100.0,-0.3184905440196508
41.274549098196395,59.86486486486486,,100.0,1.0,100.0,-0.3190964811629307
41.47294589178357,59.86486486486486,,100.0,1.0,100.0,-0.3197039304132693
41.671342685370746,59.86486486486486,,100.0,1.0,100.0,-0.3203127998635074
41.86973947895792,59.86486486486486,,100.0,1.0,100.0,-0.3209230002760609
42.06813627254509,59.86486486486486,,100.0,1.0,100.0,-0.3215344450912334
42.26653306613227,59.86486486486486,,100.0,1.0,100.0,-0.3221470504343519
42.46492985971944,59.86486486486486,,100.0,1.0,100.0,-0.322760735121659
42.66332665330661,59.86486486486486,,100.0,1.0,100.0,-0.3233754206649862
42.861723446893784,59.86486486486486,,100.0,1.0,100.0,-0.3239910312751144
43.06012024048097,59.86486486486486,,100.0,1.0,100.0,-0.3246074938639478
43.25851703406814,59.86486486486486,,100.0,1.0,100.0,-0.325224738045351
43.45691382765531,59.86486486486486,,100.0,1.0,100.0,-0.3258426961347318
43.655310621242485,59.86486486486486,,100.0,1.0,100.0,-0.3264613031473617
43.85370741482966,59.86486486486486,,100.0,1.0,100.0,-0.3270804967953035
44.05210420841683,59.86486486486486,,100.0,1.0,100.0,-0.3277002174832194
44.250501002004015,59.86486486486486,,100.0,1.0,100.0,-0.3283204083026557
44.448897795591186,59.86486486486486,,100.0,1.0,100.0,-0.3289410150252321
44.64729458917836,59.86486486486486,,100.0,1.0,100.0,-0.3295619860944074
44.84569138276553,59.86486486486486,,100.0,1.0,100.0,-0.3301832726159828
45.0440881763527,59.86486486486486,,100.0,1.0,100.0,-0.3308048283473287
45.24248496993987,59.86486486486486,,100.0,1.0,100.0,-0.3314266096853328
45.440881763527045,59.86486486486486,,100.0,1.0,100.0,-0.3320485756529936
45.63927855711423,59.86486486486486,,100.0,1.0,100.0,-0.3326706878848745
45.8376753507014,59.86486486486486,,100.0,1.0,100.0,-0.3332929106111885
46.036072144288575,59.86486486486486,,100.0,1.0,100.0,-0.3339152106407068
46.23446893787575,59.86486486486486,,100.0,1.0,100.0,-0.3345375573424195
46.43286573146293,59.86486486486486,,100.0,1.0,100.0,-0.3351599226259596
46.631262525050104,59.86486486486486,,100.0,1.0,100.0,-0.3357822809208963
46.829659318637276,59.86486486486486,,100.0,1.0,100.0,-0.3364046091547963
47.028056112224455,59.86486486486486,,100.0,1.0,100.0,-0.3370268867301851
47.22645290581163,59.86486486486486,,100.0,1.0,100.0,-0.337649095500345
47.424849699398806,59.86486486486486,,100.0,1.0,100.0,-0.3382712197440305
47.62324649298598,59.86486486486486,,100.0,1.0,100.0,-0.3388932461391242
47.82164328657315,59.86486486486486,,100.0,1.0,100.0,-0.3395151637352315
48.02004008016032,59.86486486486486,,100.0,1.0,100.0,-0.3401369639252602
48.21843687374749,59.86486486486486,,100.0,1.0,100.0,-0.3407586404160849
48.41683366733468,59.86486486486486,,100.0,1.0,100.0,-0.3413801891981256
48.615230460921836,59.86486486486486,,100.0,1.0,100.0,-0.342001608514164
48.81362725450902,59.86486486486486,,100.0,1.0,100.0,-0.3426228988272107
49.012024048096194,59.86486486486486,,100.0,1.0,100.0,-0.34324406278755
49.21042084168337,59.86486486486486,,100.0,1.0,100.0,-0.3438651051989657
49.40881763527054,59.86486486486486,,100.0,1.0,100.0,-0.3444860329842386
49.60721442885771,59.86486486486486,,100.0,1.0,100.0,-0.3451068551499215
49.805611222444895,59.86486486486486,,100.0,1.0,100.0,-0.3457275827504249
50.00400801603207,59.86486486486486,,100.0,1.0,100.0,-0.3463482288514677
50.20240480961924,59.86486486486486,,100.0,1.0,100.0,-0.3469688084929619
50.40080160320641,59.86486486486486,,100.0,1.0,100.0,-0.3475893386513408
50.59919839679358,59.86486486486486,,100.0,1.0,100.0,-0.3482098382013648
50.79759519038077,59.86486486486486,,100.0,1.0,100.0,-0.3488303278775102
50.99599198396793,59.86486486486486,,100.0,1.0,100.0,-0.3494508302349023
51.19438877755511,59.86486486486486,,100.0,1.0,100.0,-0.3500713696099421
51.39278557114229,59.86486486486486,,100.0,1.0,100.0,-0.3506919720805646
51.59118236472946,59.86486486486486,,100.0,1.0,100.0,-0.3513126654262517
51.789579158316634,59.86486486486486,,100.0,1.0,100.0,-0.3519334790877924
51.987975951903806,59.86486486486486,,100.0,1.0,100.0,-0.3525544441269371
52.18637274549098,59.86486486486486,,100.0,1.0,100.0,-0.3531755931857659
52.38476953907816,59.86486486486486,,100.0,1.0,100.0,-0.3537969604461682
52.583166332665336,59.86486486486486,,100.0,1.0,100.0,-0.354418581589118
52.78156312625251,59.86486486486486,,100.0,1.0,100.0,-0.3550404937540168
52.97995991983967,59.86486486486486,,100.0,1.0,100.0,-0.355662735498077
53.17835671342685,59.86486486486486,,100.0,1.0,100.0,-0.356285346755763
53.37675350701403,59.86486486486486,,100.0,1.0,100.0,-0.356908368798446
53.57515030060121,59.86486486486486,,100.0,1.0,100.0,-0.3575318441940733
53.77354709418837,59.86486486486486,,100.0,1.0,100.0,-0.3581558167672368
53.97194388777555,59.86486486486486,,100.0,1.0,100.0,-0.358780331559336
54.17034068136273,59.86486486486486,,100.0,1.0,100.0,-0.3594054347891602
54.368737474949896,59.86486486486486,,100.0,1.0,100.0,-0.3600311738136519
54.567134268537075,59.86486486486486,,100.0,1.0,100.0,-0.3606575970891622
54.765531062124246,59.86486486486486,,100.0,1.0,100.0,-0.3612847541330737
54.96392785571142,59.86486486486486,,100.0,1.0,100.0,-0.3619126954857501
55.1623246492986,59.86486486486486,,100.0,1.0,100.0,-0.3625414726731273
55.360721442885776,59.86486486486486,,100.0,1.0,100.0,-0.3631711381696391
55.55911823647295,59.86486486486486,,100.0,1.0,100.0,-0.3638017453617463
55.75751503006013,59.86486486486486,,100.0,1.0,100.0,-0.3644333485119854
55.95591182364729,59.86486486486486,,100.0,1.0,100.0,-0.3650660027236027
56.15430861723447,59.86486486486486,,100.0,1.0,100.0,-0.3656997639057894
56.35270541082165,59.86486486486486,,100.0,1.0,100.0,-0.3663346887395292
56.551102204408814,59.86486486486486,,100.0,1.0,100.0,-0.3669708346440992
56.74949899799599,59.86486486486486,,100.0,1.0,100.0,-0.3676082597441955
56.94789579158316,59.86486486486486,,100.0,1.0,100.0,-0.3682470228377952
57.146292585170336,59.86486486486486,,100.0,1.0,100.0,-0.3688871833647017
57.3446893787575,59.86486486486486,,100.0,1.0,100.0,-0.3695288013757416
57.543086172344694,59.86486486486486,,100.0,1.0,100.0,-0.3701719375027377
57.74148296593185,59.86486486486486,,100.0,1.0,100.0,-0.3708166529292723
57.93987975951904,59.86486486486486,,100.0,1.0,100.0,-0.3714630093620068
58.13827655310623,59.86486486486486,,100.0,1.0,100.0,-0.3721110690029868
58.336673346693395,59.86486486486486,,100.0,1.0,100.0,-0.3727608945225319
58.535070140280574,59.86486486486486,,100.0,1.0,100.0,-0.3734125490329929
58.73346693386774,59.86486486486486,,100.0,1.0,100.0,-0.3740660960631834
58.9318637274549,59.86486486486486,,100.0,1.0,100.0,-0.3747215995337126
59.13026052104208,59.86486486486486,,100.0,1.0,100.0,-0.3753791237329262
59.32865731462926,59.86486486486486,,100.0,1.0,100.0,-0.376038733293772
59.52705410821644,59.86486486486486,,100.0,1.0,100.0,-0.3767004931713369
59.72545090180361,59.86486486486486,,100.0,1.0,100.0,-0.3773644686211794
59.92384769539078,59.86486486486486,,100.0,1.0,100.0,-0.3780307251784415
60.12224448897794,59.86486486486486,,100.0,1.0,100.0,-0.3786993286376953
60.32064128256512,59.86486486486486,,100.0,1.0,100.0,-0.3793703450335555
60.51903807615231,59.86486486486486,,100.0,1.0,100.0,-0.3800438406220295
60.717434869739485,59.86486486486486,,100.0,1.0,100.0,-0.3807198818626218
60.915831663326664,59.86486486486486,,100.0,1.0,100.0,-0.3813985354011145
61.114228456913835,59.86486486486486,,100.0,1.0,100.0,-0.3820798680531678
61.312625250501,59.86486486486486,,100.0,1.0,100.0,-0.3827639467884924
61.51102204408818,59.86486486486486,,100.0,1.0,100.0,-0.3834508387158749
61.709418837675344,59.86486486486486,,100.0,1.0,100.0,-0.3841406110687415
61.90781563126252,59.86486486486486,,100.0,1.0,100.0,-0.3848333311915131
62.1062124248497,59.86486486486486,,100.0,1.0,100.0,-0.3855290665265487
62.30460921843688,59.86486486486486,,100.0,1.0,100.0,-0.3862278846017734
62.50300601202406,59.86486486486486,,100.0,1.0,100.0,-0.3869298530189461
62.701402805611224,59.86486486486486,,100.0,1.0,100.0,-0.3876350394424994
62.89979959919839,59.86486486486486,,100.0,1.0,100.0,-0.3883435115890792
63.09819639278557,59.86486486486486,,100.0,1.0,100.0,-0.3890553372176323
63.296593186372746,59.86486486486486,,100.0,1.0,100.0,-0.3897705841199713
63.494989979959925,59.86486486486486,,100.0,1.0,100.0,-0.3904893201121773
63.69338677354709,59.86486486486486,,100.0,1.0,100.0,-0.3912116130262472
63.89178356713427,59.86486486486486,,100.0,1.0,100.0,-0.391937530702484
64.09018036072143,59.86486486486486,,100.0,1.0,100.0,-0.3926671409823299
64.28857715430863,59.86486486486486,,100.0,1.0,100.0,-0.3934005117017801
64.48697394789579,59.86486486486486,,100.0,1.0,100.0,-0.3941377106851961
64.68537074148296,59.86486486486486,,100.0,1.0,100.0,-0.3948788057397012
64.88376753507015,59.86486486486486,,100.0,1.0,100.0,-0.3956238646499737
65.08216432865731,59.86486486486486,,100.0,1.0,100.0,-0.3963729551735678
65.28056112224449,59.86486486486486,,100.0,1.0,100.0,-0.3971261450366423
65.47895791583166,59.86486486486486,,100.0,1.0,100.0,-0.3978835019301023
65.67735470941884,59.86486486486486,,100.0,1.0,100.0,-0.3986450935062321
65.87575150300601,59.86486486486486,,100.0,1.0,100.0,-0.3994109873757143
66.0741482965932,59.86486486486486,,100.0,1.0,100.0,-0.400181251105004
66.27254509018036,59.86486486486486,,100.0,1.0,100.0,-0.400955952214147
66.47094188376754,59.86486486486486,,100.0,1.0,100.0,-0.4017351581749816
66.66933867735472,59.86486486486486,,100.0,1.0,100.0,-0.4025189364096994
66.8677354709419,59.86486486486486,,100.0,1.0,100.0,-0.4033073542897269
67.06613226452906,59.86486486486486,,100.0,1.0,100.0,-0.4041004791350607
67.26452905811624,59.86486486486486,,100.0,1.0,100.0,-0.4048983782138218
67.4629258517034,59.86486486486486,,100.0,1.0,100.0,-0.4057011187422902
67.6613226452906,59.86486486486486,,100.0,1.0,100.0,-0.4065087678851324
67.85971943887776,59.86486486486486,,100.0,1.0,100.0,-0.4073213927560676
68.05811623246494,59.86486486486486,,100.0,1.0,100.0,-0.4081390604187682
68.2565130260521,59.86486486486486,,100.0,1.0,100.0,-0.4089618378881142
68.45490981963928,59.86486486486486,,100.0,1.0,100.0,-0.4097897921317653
68.65330661322645,59.86486486486486,,100.0,1.0,100.0,-0.410622990071996
68.85170340681363,59.86486486486486,,100.0,1.0,100.0,-0.4114614985878533
69.05010020040079,59.86486486486486,,100.0,1.0,100.0,-0.4123053845176032
69.24849699398798,59.86486486486486,,100.0,1.0,100.0,-0.4131547146614897
69.44689378757515,59.86486486486486,,100.0,1.0,100.0,-0.4140095557846848
69.64529058116234,59.86486486486486,,100.0,1.0,100.0,-0.4148699746206785
69.84368737474949,59.86486486486486,,100.0,1.0,100.0,-0.4157360378748146
70.04208416833667,59.86486486486486,,100.0,1.0,100.0,-0.4166078122281345
70.24048096192385,59.86486486486486,,100.0,1.0,100.0,-0.4174853643415674
70.43887775551103,59.86486486486486,,100.0,1.0,100.0,-0.4183687608603068
70.6372745490982,59.86486486486486,,100.0,1.0,100.0,-0.4192580684184745
70.83567134268537,59.86486486486486,,100.0,1.0,100.0,-0.420153353644109
71.03406813627254,59.86486486486486,,100.0,1.0,100.0,-0.4210546831643725
71.23246492985973,59.86486486486486,,100.0,1.0,100.0,-0.4219621236110528
71.4308617234469,59.86486486486486,,100.0,1.0,100.0,-0.4228757416263075
71.62925851703406,59.86486486486486,,100.0,1.0,100.0,-0.4237956038687116
71.82765531062124,59.86486486486486,,100.0,1.0,100.0,-0.4247217770195034
72.0260521042084,59.86486486486486,,100.0,1.0,100.0,-0.4256543277892659
72.2244488977956,59.86486486486486,,100.0,1.0,100.0,-0.4265933229246235
72.42284569138276,59.86486486486486,,100.0,1.0,100.0,-0.4275388292154123
72.62124248496994,59.86486486486486,,100.0,1.0,100.0,-0.4284909135020723
72.8196392785571,59.86486486486486,,100.0,1.0,100.0,-0.4294496426832073
73.01803607214428,59.86486486486486,,100.0,1.0,100.0,-0.4304150837235679
73.21643286573146,59.86486486486486,,100.0,1.0,100.0,-0.431387303662174
73.41482965931863,59.86486486486486,,100.0,1.0,100.0,-0.432366369620796
73.6132264529058,59.86486486486486,,100.0,1.0,100.0,-0.4333523488126347
73.81162324649299,59.86486486486486,,100.0,1.0,100.0,-0.4343453085513585
74.01002004008016,59.86486486486486,,100.0,1.0,100.0,-0.4353453162602974
74.20841683366733,59.86486486486486,,100.0,1.0,100.0,-0.4363524394820218
74.40681362725451,59.86486486486486,,100.0,1.0,100.0,-0.4373667458881254
74.60521042084169,59.86486486486486,,100.0,1.0,100.0,-0.4383883032892788
74.80360721442887,59.86486486486486,,100.0,1.0,100.0,-0.4394171796456133
75.00200400801603,59.86486486486486,,100.0,1.0,100.0,-0.4404534430773422
75.20040080160321,59.86486486486486,,100.0,1.0,100.0,-0.4414971618755909
75.39879759519039,59.86486486486486,,100.0,1.0,100.0,-0.4425484045136554
75.59719438877755,59.86486486486486,,100.0,1.0,100.0,-0.4436072396583433
75.79559118236472,59.86486486486486,,100.0,1.0,100.0,-0.4446737361817838
75.99398797595191,59.86486486486486,,100.0,1.0,100.0,-0.4457479631733835
76.19238476953907,59.86486486486486,,100.0,1.0,100.0,-0.4468299899520073
76.39078156312625,59.86486486486486,,100.0,1.0,100.0,-0.4479198860786784
76.58917835671345,59.86486486486486,,100.0,1.0,100.0,-0.4490177213692613
76.7875751503006,59.86486486486486,,100.0,1.0,100.0,-0.4501235659075613
76.98597194388778,59.86486486486486,,100.0,1.0,100.0,-0.4512374900587252
77.18436873747495,59.86486486486486,,100.0,1.0,100.0,-0.4523595644828994
77.38276553106212,59.86486486486486,,100.0,1.0,100.0,-0.4534898601489983
77.5811623246493,59.86486486486486,,100.0,1.0,100.0,-0.454628448349014
77.77955911823646,59.86486486486486,,100.0,1.0,100.0,-0.4557754007123979
77.97795591182366,59.86486486486486,,100.0,1.0,100.0,-0.4569307892208366
78.1763527054108,59.86486486486486,,100.0,1.0,100.0,-0.4580946862231237
78.374749498998,59.86486486486486,,100.0,1.0,100.0,-0.4592671644505445
78.5731462925852,59.86486486486486,,100.0,1.0,100.0,-0.4604482970322957
78.77154308617234,59.86486486486486,,100.0,1.0,100.0,-0.4616381575113788
78.96993987975952,59.86486486486486,,100.0,1.0,100.0,-0.4628368198605048
79.1683366733467,59.86486486486486,,100.0,1.0,100.0,-0.464044358498636
79.36673346693387,59.86486486486486,,100.0,1.0,100.0,-0.4652608483073682
79.56513026052104,59.86486486486486,,100.0,1.0,100.0,-0.4664863646478382
79.76352705410822,59.86486486486486,,100.0,1.0,100.0,-0.4677209833779364
79.9619238476954,59.86486486486486,,100.0,1.0,100.0,-0.4689647808695537
80.16032064128257,59.86486486486486,,100.0,1.0,100.0,-0.4702178340262755
80.35871743486975,59.86486486486486,,100.0,1.0,100.0,-0.4714802203012889
80.55711422845691,59.86486486486486,,100.0,1.0,100.0,-0.4727520177154786
80.75551102204409,59.86486486486486,,100.0,1.0,100.0,-0.4740333048758555
80.95390781563127,59.86486486486486,,100.0,1.0,100.0,-0.4753241609943042
81.15230460921843,59.86486486486486,,100.0,1.0,100.0,-0.4766246659063382
81.35070140280563,59.86486486486486,,100.0,1.0,100.0,-0.477934900090426
81.54909819639279,59.86486486486486,,100.0,1.0,100.0,-0.4792549446873141
81.74749498997996,59.86486486486486,,100.0,1.0,100.0,-0.4805848815197502
81.94589178356713,59.86486486486486,,100.0,1.0,100.0,-0.4819247931124204
82.14428857715431,59.86486486486486,,100.0,1.0,100.0,-0.4832747627120545
82.34268537074149,59.86486486486486,,100.0,1.0,100.0,-0.4846348743079274
82.54108216432866,59.86486486486486,,100.0,1.0,100.0,-0.4860052126524835
82.73947895791585,59.86486486486486,,100.0,1.0,100.0,-0.4873858632822945
82.937875751503,59.86486486486486,,100.0,1.0,100.0,-0.4887769125391591
83.13627254509018,59.86486486486486,,100.0,1.0,100.0,-0.4901784475915816
83.33466933867736,59.86486486486486,,100.0,1.0,100.0,-0.4915905564563541
83.53306613226454,59.86486486486486,,100.0,1.0,100.0,-0.4930133280205215
83.7314629258517,59.86486486486486,,100.0,1.0,100.0,-0.4944468520634489
83.92985971943888,59.86486486486486,,100.0,1.0,100.0,-0.4958912192793007
84.12825651302606,59.86486486486486,,100.0,1.0,100.0,-0.4973465212995064
84.32665330661322,59.86486486486486,,100.0,1.0,100.0,-0.498812850715808
84.5250501002004,59.86486486486486,,100.0,1.0,100.0,-0.5002903011032437
84.72344689378757,59.86486486486486,,100.0,1.0,100.0,-0.5017789670435084
84.92184368737476,59.86486486486486,,100.0,1.0,100.0,-0.5032789441485931
85.12024048096194,59.86486486486486,,100.0,1.0,100.0,-0.5047903290845239
85.3186372745491,59.86486486486486,,100.0,1.0,100.0,-0.5063132195955619
85.51703406813628,59.86486486486486,,100.0,1.0,100.0,-0.5078477145283481
85.71543086172345,59.86486486486486,,100.0,1.0,100.0,-0.5093939138565866
85.91382765531063,59.86486486486486,,100.0,1.0,100.0,-0.5109519187057586
86.1122244488978,59.86486486486486,,100.0,1.0,100.0,-0.5125218313781804
86.31062124248497,59.86486486486486,,100.0,1.0,100.0,-0.5141037553782722
86.50901803607215,59.86486486486486,,100.0,1.0,100.0,-0.5156977954380797
86.70741482965931,59.86486486486486,,100.0,1.0,100.0,-0.5173040575429916
86.90581162324649,59.86486486486486,,100.0,1.0,100.0,-0.5189226489577717
87.10420841683366,59.86486486486486,,100.0,1.0,100.0,-0.5205536782528185
87.30260521042084,59.86486486486486,,100.0,1.0,100.0,-0.5221972553305898
87.50100200400803,59.86486486486486,,100.0,1.0,100.0,-0.5238534914524149
87.6993987975952,59.86486486486486,,100.0,1.0,100.0,-0.5255224992653753
87.89779559118237,59.86486486486486,,100.0,1.0,100.0,-0.5272043928296227
88.09619238476955,59.86486486486486,,100.0,1.0,100.0,-0.5288992876458238
88.29458917835672,59.86486486486486,,100.0,1.0,100.0,-0.5306073006828113
88.4929859719439,59.86486486486486,,100.0,1.0,100.0,-0.5323285504056655
88.69138276553106,59.86486486486486,,100.0,1.0,100.0,-0.5340631568039175
88.88977955911824,59.86486486486486,,100.0,1.0,100.0,-0.5358112414199372
89.0881763527054,59.86486486486486,,100.0,1.0,100.0,-0.5375729273777665
89.28657314629258,59.86486486486486,,100.0,1.0,100.0,-0.5393483394121017
89.48496993987975,59.86486486486486,,100.0,1.0,100.0,-0.541137603897489
89.68336673346693,59.86486486486486,,100.0,1.0,100.0,-0.5429408488778981
89.88176352705409,59.86486486486486,,100.0,1.0,100.0,-0.5447582040964363
90.08016032064127,59.86486486486486,,100.0,1.0,100.0,-0.5465898010254149
90.27855711422846,59.86486486486486,,100.0,1.0,100.0,-0.5484357728966923
90.47695390781564,59.86486486486486,,100.0,1.0,100.0,-0.5502962547321555
90.6753507014028,59.86486486486486,,100.0,1.0,100.0,-0.5521713833746392
90.87374749498998,59.86486486486486,,100.0,1.0,100.0,-0.5540612975190331
91.07214428857715,59.86486486486486,,100.0,1.0,100.0,-0.5559661377436019
91.27054108216433,59.86486486486486,,100.0,1.0,100.0,-0.5578860465417186
91.46893787575152,59.86486486486486,,100.0,1.0,100.0,-0.5598211683538821
91.66733466933867,59.86486486486486,,100.0,1.0,100.0,-0.5617716495997969
91.86573146292585,59.86486486486486,,100.0,1.0,100.0,-0.5637376387109607
92.06412825651303,59.86486486486486,,100.0,1.0,100.0,-0.5657192861634582
92.26252505010021,59.86486486486486,,100.0,1.0,100.0,-0.5677167445111727
92.46092184368737,59.86486486486486,,100.0,1.0,100.0,-0.5697301684189736
92.65931863727455,59.86486486486486,,100.0,1.0,100.0,-0.5717597146965687
92.85771543086172,59.86486486486486,,100.0,1.0,100.0,-0.5738055423324078
93.05611222444891,59.86486486486486,,100.0,1.0,100.0,-0.5758678125280504
93.25450901803607,59.86486486486486,,100.0,1.0,100.0,-0.5779466887327107
93.45290581162325,59.86486486486486,,100.0,1.0,100.0,-0.5800423366781425
93.65130260521043,59.86486486486486,,100.0,1.0,100.0,-0.5821549244139496
93.84969939879761,59.86486486486486,,100.0,1.0,100.0,-0.5842846223430781
94.04809619238478,59.86486486486486,,100.0,1.0,100.0,-0.5864316032576818
94.24649298597195,59.86486486486486,,100.0,1.0,100.0,-0.5885960423753003
94.44488977955912,59.86486486486486,,100.0,1.0,100.0,-0.5907781173754176
94.6432865731463,59.86486486486486,,100.0,1.0,100.0,-0.5929780084362772
94.84168336673346,59.86486486486486,,100.0,1.0,100.0,-0.5951958982720857
95.04008016032064,59.86486486486486,,100.0,1.0,100.0,-0.5974319721704996
95.2384769539078,59.86486486486486,,100.0,1.0,100.0,-0.5996864180305281
95.43687374749499,59.86486486486486,,100.0,1.0,100.0,-0.601959426400799
95.63527054108215,59.86486486486486,,100.0,1.0,100.0,-0.6042511905180433
95.83366733466936,59.86486486486486,,100.0,1.0,100.0,-0.6065619063460155
96.03206412825652,59.86486486486486,,100.0,1.0,100.0,-0.6088917726149453
96.2304609218437,59.86486486486486,,100.0,1.0,100.0,-0.611240990860952
96.42885771543087,59.86486486486486,,100.0,1.0,100.0,-0.6136097654662734
96.62725450901804,59.86486486486486,,100.0,1.0,100.0,-0.615998303699595
96.82565130260521,59.86486486486486,,100.0,1.0,100.0,-0.618406815756758
97.02404809619239,59.86486486486486,,100.0,1.0,100.0,-0.6208355148020712
97.22244488977958,59.86486486486486,,100.0,1.0,100.0,-0.6232846170097515
97.42084168336673,59.86486486486486,,100.0,1.0,100.0,-0.6257543416059735
97.6192384769539,59.86486486486486,,100.0,1.0,100.0,-0.6282449109110657
97.81763527054107,59.86486486486486,,100.0,1.0,100.0,-0.630756550382483
98.01603206412825,59.86486486486486,,100.0,1.0,100.0,-0.6332894886577588
98.21442885771542,59.86486486486486,,100.0,1.0,100.0,-0.6358439575982467
98.4128256513026,59.86486486486486,,100.0,1.0,100.0,-0.6384201923330873
98.61122244488979,59.86486486486486,,100.0,1.0,100.0,-0.6410184313035265
98.80961923847698,59.86486486486486,,100.0,1.0,100.0,-0.6436389163079478
99.00801603206413,59.86486486486486,,100.0,1.0,100.0,-0.6462818925471043
99.2064128256513,59.86486486486486,,100.0,1.0,100.0,-0.6489476086697799
99.40480961923848,59.86486486486486,,100.0,1.0,100.0,-0.6516363168191202
99.60320641282564,59.86486486486486,,100.0,1.0,100.0,-0.6543482726792418
99.80160320641282,59.86486486486486,,100.0,1.0,100.0,-0.6570837355222623
100.0,59.86486486486486,,100.0,1.0,100.0,-0.6598429682559928
1.0,62.54054054054054,,100.0,1.0,100.0,-0.4722893885858586
1.1983967935871744,62.54054054054054,,100.0,1.0,100.0,-0.4693846634682265
1.3967935871743486,62.54054054054054,,100.0,1.0,100.0,-0.4665070529855349
1.595190380761523,62.54054054054054,,100.0,1.0,100.0,-0.4636566045725024
1.7935871743486973,62.54054054054054,,100.0,1.0,100.0,-0.4608333636831658
1.9919839679358717,62.54054054054054,,100.0,1.0,100.0,-0.4580373737462119
2.190380761523046,62.54054054054054,,100.0,1.0,100.0,-0.455268676121892
2.38877755511022,62.54054054054054,,100.0,1.0,100.0,-0.4525273100605042
2.5871743486973946,62.54054054054054,,100.0,1.0,100.0,-0.4498133126623795
2.785571142284569,62.54054054054054,,100.0,1.0,100.0,-0.4471267188393482
2.9839679358717435,62.54054054054054,,100.0,1.0,100.0,-0.4444675612776729
3.182364729458918,62.54054054054054,,100.0,1.0,100.0,-0.4418358704024155
3.380761523046093,62.54054054054054,,100.0,1.0,100.0,-0.4392316743432103
3.579158316633267,62.54054054054054,,100.0,1.0,100.0,-0.4366549989014432
3.7775551102204403,62.54054054054054,,100.0,1.0,100.0,-0.4341058675187409
3.9759519038076157,62.54054054054054,,100.0,1.0,100.0,-0.4315843012468446
4.174348697394789,62.54054054054054,,100.0,1.0,100.0,-0.4290903187187676
4.372745490981964,62.54054054054054,,100.0,1.0,100.0,-0.4266239361212235
4.571142284569138,62.54054054054054,,100.0,1.0,100.0,-0.4241851671684165
4.7695390781563125,62.54054054054054,,100.0,1.0,100.0,-0.4217740230768904
4.967935871743487,62.54054054054054,,100.0,1.0,100.0,-0.419390512541837
5.166332665330662,62.54054054054054,,100.0,1.0,100.0,-0.4170346417144426
5.364729458917837,62.54054054054054,,100.0,1.0,100.0,-0.4147064141804108
5.563126252505009,62.54054054054054,,100.0,1.0,100.0,-0.4124058309398399
5.761523046092185,62.54054054054054,,100.0,1.0,100.0,-0.4101328903880007
5.959919839679359,62.54054054054054,,100.0,1.0,100.0,-0.4078875882974333
6.158316633266534,62.54054054054054,,100.0,1.0,100.0,-0.4056699178010649
6.356713426853707,62.54054054054054,,100.0,1.0,100.0,-0.4034798693764916
6.555110220440882,62.54054054054054,,100.0,1.0,100.0,-0.4013174308312507
6.753507014028057,62.54054054054054,,100.0,1.0,100.0,-0.3991825872892695
6.951903807615231,62.54054054054054,,100.0,1.0,100.0,-0.3970753211782925
7.150300601202405,62.54054054054054,,100.0,1.0,100.0,-0.3949956122183816
7.348697394789579,62.54054054054054,,100.0,1.0,100.0,-0.3929434374114254
7.547094188376754,62.54054054054054,,100.0,1.0,100.0,-0.3909187710317005
7.745490981963927,62.54054054054054,,100.0,1.0,100.0,-0.3889215846173741
7.9438877755511,62.54054054054054,,100.0,1.0,100.0,-0.3869518469630708
8.142284569138276,62.54054054054054,,100.0,1.0,100.0,-0.38500952411334
8.340681362725451,62.54054054054054,,100.0,1.0,100.0,-0.3830945793571808
8.539078156312625,62.54054054054054,,100.0,1.0,100.0,-0.3812069732234128
8.737474949899799,62.54054054054054,,100.0,1.0,100.0,-0.3793466634771245
8.935871743486974,62.54054054054054,,100.0,1.0,100.0,-0.377513605116966
9.13426853707415,62.54054054054054,,100.0,1.0,100.0,-0.3757077503734084
9.332665330661325,62.54054054054054,,100.0,1.0,100.0,-0.3739290487079002
9.531062124248498,62.54054054054054,,100.0,1.0,100.0,-0.3721774468130004
9.729458917835672,62.54054054054054,,100.0,1.0,100.0,-0.3704528886133289
9.927855711422845,62.54054054054054,,100.0,1.0,100.0,-0.3687553152674923
10.126252505010019,62.54054054054054,,100.0,1.0,100.0,-0.3670846651708615
10.324649298597194,62.54054054054054,,100.0,1.0,100.0,-0.3654408739592192
10.52304609218437,62.54054054054054,,100.0,1.0,100.0,-0.3638238745133388
10.721442885771543,62.54054054054054,,100.0,1.0,100.0,-0.3622335969643899
10.919839679358718,62.54054054054054,,100.0,1.0,100.0,-0.3606699687002302
11.118236472945892,62.54054054054054,,100.0,1.0,100.0,-0.359132914372529
11.316633266533067,62.54054054054054,,100.0,1.0,100.0,-0.3576223559047858
11.515030060120242,62.54054054054054,,100.0,1.0,100.0,-0.3561382125011781
11.713426853707414,62.54054054054054,,100.0,1.0,100.0,-0.3546804006562375
11.91182364729459,62.54054054054054,,100.0,1.0,100.0,-0.3532488341653984
12.110220440881761,62.54054054054054,,100.0,1.0,100.0,-0.3518434241363285
12.308617234468937,62.54054054054054,,100.0,1.0,100.0,-0.3504640790011606
12.507014028056114,62.54054054054054,,100.0,1.0,100.0,-0.3491107045294672
12.705410821643287,62.54054054054054,,100.0,1.0,100.0,-0.3477832038421162
12.903807615230463,62.54054054054054,,100.0,1.0,100.0,-0.3464814774259117
13.102204408817634,62.54054054054054,,100.0,1.0,100.0,-0.3452054231490516
13.30060120240481,62.54054054054054,,100.0,1.0,100.0,-0.3439549362773719
13.498997995991983,62.54054054054054,,100.0,1.0,100.0,-0.3427299094914397
13.697394789579159,62.54054054054054,,100.0,1.0,100.0,-0.3415302329043697
13.895791583166334,62.54054054054054,,100.0,1.0,100.0,-0.3403557940804961
14.094188376753507,62.54054054054054,,100.0,1.0,100.0,-0.3392064780547836
14.292585170340683,62.54054054054054,,100.0,1.0,100.0,-0.338082167353064
14.490981963927855,62.54054054054054,,100.0,1.0,100.0,-0.3369827420129843
14.689378757515032,62.54054054054054,,100.0,1.0,100.0,-0.3359080796058007
14.887775551102203,62.54054054054054,,100.0,1.0,100.0,-0.3348580552588621
15.086172344689379,62.54054054054054,,100.0,1.0,100.0,-0.3338325416789239
15.284569138276554,62.54054054054054,,100.0,1.0,100.0,-0.3328314091761429
15.482965931863726,62.54054054054054,,100.0,1.0,100.0,-0.3318545256888612
15.681362725450903,62.54054054054054,,100.0,1.0,100.0,-0.3309017568091627
15.879759519038075,62.54054054054054,,100.0,1.0,100.0,-0.3299729658090643
16.07815631262525,62.54054054054054,,100.0,1.0,100.0,-0.3290680136675409
16.276553106212425,62.54054054054054,,100.0,1.0,100.0,-0.3281867590982104
16.474949899799597,62.54054054054054,,100.0,1.0,100.0,-0.3273290585777236
16.673346693386772,62.54054054054054,,100.0,1.0,100.0,-0.3264947663749403
16.871743486973948,62.54054054054054,,100.0,1.0,100.0,-0.3256837345806728
17.070140280561123,62.54054054054054,,100.0,1.0,100.0,-0.3248958131382387
17.2685370741483,62.54054054054054,,100.0,1.0,100.0,-0.3241308498746351
17.466933867735474,62.54054054054054,,100.0,1.0,100.0,-0.3233886905323955
17.66533066132265,62.54054054054054,,100.0,1.0,100.0,-0.3226691788021262
17.86372745490982,62.54054054054054,,100.0,1.0,100.0,-0.3219721563556488
18.062124248496996,62.54054054054054,,100.0,1.0,100.0,-0.3212974628798506
18.260521042084168,62.54054054054054,,100.0,1.0,100.0,-0.3206449361111448
18.458917835671343,62.54054054054054,,100.0,1.0,100.0,-0.3200144118705176
18.657314629258515,62.54054054054054,,100.0,1.0,100.0,-0.3194057240992547
18.85571142284569,62.54054054054054,,100.0,1.0,100.0,-0.3188187048952188
19.054108216432866,62.54054054054054,,100.0,1.0,100.0,-0.3182531845497267
19.252505010020037,62.54054054054054,,100.0,1.0,100.0,-0.3177089915850427
19.450901803607216,62.54054054054054,,100.0,1.0,100.0,-0.3171859527923739
19.649298597194388,62.54054054054054,,100.0,1.0,100.0,-0.3166838932704925
19.847695390781563,62.54054054054054,,100.0,1.0,100.0,-0.3162026364648362
20.04609218436874,62.54054054054054,,100.0,1.0,100.0,-0.3157420042071842
20.244488977955914,62.54054054054054,,100.0,1.0,100.0,-0.3153018167558233
20.442885771543086,62.54054054054054,,100.0,1.0,100.0,-0.3148818928362312
20.64128256513026,62.54054054054054,,100.0,1.0,100.0,-0.3144820496822494
20.839679358717436,62.54054054054054,,100.0,1.0,100.0,-0.3141021030776905
21.03807615230461,62.54054054054054,,100.0,1.0,100.0,-0.3137418673984772
21.236472945891784,62.54054054054054,,100.0,1.0,100.0,-0.3134011556551801
21.43486973947896,62.54054054054054,,100.0,1.0,100.0,-0.3130797795359838
21.633266533066134,62.54054054054054,,100.0,1.0,100.0,-0.312777549450088
21.831663326653306,62.54054054054054,,100.0,1.0,100.0,-0.3124942745715104
22.030060120240485,62.54054054054054,,100.0,1.0,100.0,-0.3122297628832474
22.228456913827657,62.54054054054054,,100.0,1.0,100.0,-0.3119838212218539
22.42685370741483,62.54054054054054,,100.0,1.0,100.0,-0.3117562553223355
22.625250501002007,62.54054054054054,,100.0,1.0,100.0,-0.3115468698633832
22.82364729458918,62.54054054054054,,100.0,1.0,100.0,-0.3113554685129549
23.02204408817635,62.54054054054054,,100.0,1.0,100.0,-0.3111818539741456
23.220440881763523,62.54054054054054,,100.0,1.0,100.0,-0.3110258280313518
23.4188376753507,62.54054054054054,,100.0,1.0,100.0,-0.3108871915967262
23.617234468937873,62.54054054054054,,100.0,1.0,100.0,-0.3107657447568396
23.815631262525052,62.54054054054054,,100.0,1.0,100.0,-0.3106612868196624
24.014028056112227,62.54054054054054,,100.0,1.0,100.0,-0.310573616361711
24.212424849699403,62.54054054054054,,100.0,1.0,100.0,-0.3105025312754174
24.410821643286575,62.54054054054054,,100.0,1.0,100.0,-0.3104478288167298
24.609218436873746,62.54054054054054,,100.0,1.0,100.0,-0.3104093056528346
24.807615230460925,62.54054054054054,,100.0,1.0,100.0,-0.3103867579100645
25.006012024048097,62.54054054054054,,100.0,1.0,100.0,-0.3103799812219961
25.20440881763527,62.54054054054054,,100.0,1.0,100.0,-0.3103887707775732
25.402805611222448,62.54054054054054,,100.0,1.0,100.0,-0.3104129213694562
25.60120240480962,62.54054054054054,,100.0,1.0,100.0,-0.3104522274424232
25.79959919839679,62.54054054054054,,100.0,1.0,100.0,-0.310506483141816
25.997995991983966,62.54054054054054,,100.0,1.0,100.0,-0.3105754823621153
26.196392785571145,62.54054054054054,,100.0,1.0,100.0,-0.3106590187955576
26.394789579158317,62.54054054054054,,100.0,1.0,100.0,-0.3107568859807453
26.59318637274549,62.54054054054054,,100.0,1.0,100.0,-0.3108688773513349
26.791583166332664,62.54054054054054,,100.0,1.0,100.0,-0.3109947862847305
26.98997995991984,62.54054054054054,,100.0,1.0,100.0,-0.3111344061506817
27.188376753507008,62.54054054054054,,100.0,1.0,100.0,-0.3112875303600022
27.386773547094187,62.54054054054054,,100.0,1.0,100.0,-0.3114539524131764
27.585170340681366,62.54054054054054,,100.0,1.0,100.0,-0.3116334659488792
27.783567134268534,62.54054054054054,,100.0,1.0,100.0,-0.3118258647925399
27.98196392785571,62.54054054054054,,100.0,1.0,100.0,-0.3120309430047183
28.180360721442888,62.54054054054054,,100.0,1.0,100.0,-0.3122484949295059
28.378757515030063,62.54054054054054,,100.0,1.0,100.0,-0.3124783152427232
28.577154308617235,62.54054054054054,,100.0,1.0,100.0,-0.3127201990000799
28.7755511022044,62.54054054054054,,100.0,1.0,100.0,-0.3129739416851638
28.97394789579158,62.54054054054054,,100.0,1.0,100.0,-0.3132393392573033
29.172344689378757,62.54054054054054,,100.0,1.0,100.0,-0.3135161881993061
29.370741482965926,62.54054054054054,,100.0,1.0,100.0,-0.3138042855649871
29.5691382765531,62.54054054054054,,100.0,1.0,100.0,-0.3141034290265615
29.76753507014028,62.54054054054054,,100.0,1.0,100.0,-0.3144134169218692
29.965931863727448,62.54054054054054,,100.0,1.0,100.0,-0.3147340483013049
30.164328657314627,62.54054054054054,,100.0,1.0,100.0,-0.3150651229746711
30.36272545090181,62.54054054054054,,100.0,1.0,100.0,-0.3154064415577057
30.56112224448897,62.54054054054054,,100.0,1.0,100.0,-0.315757805518453
30.759519038076157,62.54054054054054,,100.0,1.0,100.0,-0.316119017223321
30.957915831663332,62.54054054054054,,100.0,1.0,100.0,-0.3164898799829715
31.1563126252505,62.54054054054054,,100.0,1.0,100.0,-0.3168701980978492
31.35470941883768,62.54054054054054,,100.0,1.0,100.0,-0.3172597769035079
31.553106212424858,62.54054054054054,,100.0,1.0,100.0,-0.3176584228156264
31.751503006012022,62.54054054054054,,100.0,1.0,100.0,-0.3180659433747129
31.949899799599194,62.54054054054054,,100.0,1.0,100.0,-0.3184821472904946
32.14829659318637,62.54054054054054,,100.0,1.0,100.0,-0.3189068444860522
32.346693386773545,62.54054054054054,,100.0,1.0,100.0,-0.3193398461415145
32.545090180360724,62.54054054054054,,100.0,1.0,100.0,-0.3197809647374975
32.743486973947896,62.54054054054054,,100.0,1.0,100.0,-0.3202300140981327
32.941883767535074,62.54054054054054,,100.0,1.0,100.0,-0.3206868094337666
33.140280561122246,62.54054054054054,,100.0,1.0,100.0,-0.3211511673832647
33.33867735470942,62.54054054054054,,100.0,1.0,100.0,-0.3216229060558749
33.5370741482966,62.54054054054054,,100.0,1.0,100.0,-0.3221018450727986
33.73547094188377,62.54054054054054,,100.0,1.0,100.0,-0.3225878056081712
33.93386773547095,62.54054054054054,,100.0,1.0,100.0,-0.3230806104298253
34.13226452905812,62.54054054054054,,100.0,1.0,100.0,-0.3235800839393964
34.3306613226453,62.54054054054054,,100.0,1.0,100.0,-0.324086052212124
34.52905811623247,62.54054054054054,,100.0,1.0,100.0,-0.3245983430360516
34.72745490981965,62.54054054054054,,100.0,1.0,100.0,-0.3251167859508729
34.92585170340681,62.54054054054054,,100.0,1.0,100.0,-0.325641212286166
35.12424849699399,62.54054054054054,,100.0,1.0,100.0,-0.326171455199136
35.32264529058117,62.54054054054054,,100.0,1.0,100.0,-0.3267073497118188
35.521042084168336,62.54054054054054,,100.0,1.0,100.0,-0.3272487327478036
35.719438877755515,62.54054054054054,,100.0,1.0,100.0,-0.3277954431682224
35.91783567134269,62.54054054054054,,100.0,1.0,100.0,-0.3283473218073325
36.11623246492986,62.54054054054054,,100.0,1.0,100.0,-0.3289042115073962
36.31462925851703,62.54054054054054,,100.0,1.0,100.0,-0.329465957152935
36.51302605210421,62.54054054054054,,100.0,1.0,100.0,-0.3300324057043861
36.71142284569138,62.54054054054054,,100.0,1.0,100.0,-0.3306034062310681
36.90981963927855,62.54054054054054,,100.0,1.0,100.0,-0.3311788099434971
37.10821643286573,62.54054054054054,,100.0,1.0,100.0,-0.3317584702249471
37.3066132264529,62.54054054054054,,100.0,1.0,100.0,-0.3323422426624046
37.505010020040075,62.54054054054054,,100.0,1.0,100.0,-0.3329299850766345
37.703406813627254,62.54054054054054,,100.0,1.0,100.0,-0.3335215575516176
37.90180360721443,62.54054054054054,,100.0,1.0,100.0,-0.3341168224631712
38.100200400801604,62.54054054054054,,100.0,1.0,100.0,-0.3347156445067135
38.298597194388776,62.54054054054054,,100.0,1.0,100.0,-0.3353178907242962
38.496993987975955,62.54054054054054,,100.0,1.0,100.0,-0.3359234305307542
38.69539078156313,62.54054054054054,,100.0,1.0,100.0,-0.336532135738985
38.8937875751503,62.54054054054054,,100.0,1.0,100.0,-0.3371438805843449
39.09218436873748,62.54054054054054,,100.0,1.0,100.0,-0.3377585417481659
39.29058116232465,62.54054054054054,,100.0,1.0,100.0,-0.3383759983803828
39.48897795591183,62.54054054054054,,100.0,1.0,100.0,-0.3389961321210688
39.687374749499,62.54054054054054,,100.0,1.0,100.0,-0.3396188271211663
39.88577154308617,62.54054054054054,,100.0,1.0,100.0,-0.3402439700621686
40.08416833667335,62.54054054054054,,100.0,1.0,100.0,-0.3408714501747537
40.28256513026052,62.54054054054054,,100.0,1.0,100.0,-0.3415011592564394
40.4809619238477,62.54054054054054,,100.0,1.0,100.0,-0.3421329916882063
40.67935871743487,62.54054054054054,,100.0,1.0,100.0,-0.342766844449988
40.877755511022045,62.54054054054054,,100.0,1.0,100.0,-0.3434026171351197
41.07615230460922,62.54054054054054,,100.0,1.0,100.0,-0.3440402119636866
41.274549098196395,62.54054054054054,,100.0,1.0,100.0,-0.3446795337947249
41.47294589178357,62.54054054054054,,100.0,1.0,100.0,-0.3453204901373109
41.671342685370746,62.54054054054054,,100.0,1.0,100.0,-0.3459629911604728
41.86973947895792,62.54054054054054,,100.0,1.0,100.0,-0.3466069497019337
42.06813627254509,62.54054054054054,,100.0,1.0,100.0,-0.3472522812757028
42.26653306613227,62.54054054054054,,100.0,1.0,100.0,-0.3478989040784135
42.46492985971944,62.54054054054054,,100.0,1.0,100.0,-0.3485467389944918
42.66332665330661,62.54054054054054,,100.0,1.0,100.0,-0.3491957096001371
42.861723446893784,62.54054054054054,,100.0,1.0,100.0,-0.3498457421659455
43.06012024048097,62.54054054054054,,100.0,1.0,100.0,-0.3504967656584229
43.25851703406814,62.54054054054054,,100.0,1.0,100.0,-0.351148711740189
43.45691382765531,62.54054054054054,,100.0,1.0,100.0,-0.3518015147689626
43.655310621242485,62.54054054054054,,100.0,1.0,100.0,-0.3524551117952227
43.85370741482966,62.54054054054054,,100.0,1.0,100.0,-0.3531094425586671
44.05210420841683,62.54054054054054,,100.0,1.0,100.0,-0.3537644494833616
44.250501002004015,62.54054054054054,,100.0,1.0,100.0,-0.3544200776716782
44.448897795591186,62.54054054054054,,100.0,1.0,100.0,-0.3550762748968852
44.64729458917836,62.54054054054054,,100.0,1.0,100.0,-0.3557329915946075
44.84569138276553,62.54054054054054,,100.0,1.0,100.0,-0.3563901808528067
45.0440881763527,62.54054054054054,,100.0,1.0,100.0,-0.357047798400782
45.24248496993987,62.54054054054054,,100.0,1.0,100.0,-0.3577058025967011
45.440881763527045,62.54054054054054,,100.0,1.0,100.0,-0.3583641544140036
45.63927855711423,62.54054054054054,,100.0,1.0,100.0,-0.3590228174265438
45.8376753507014,62.54054054054054,,100.0,1.0,100.0,-0.3596817577925568
46.036072144288575,62.54054054054054,,100.0,1.0,100.0,-0.3603409442373451
46.23446893787575,62.54054054054054,,100.0,1.0,100.0,-0.3610003480348956
46.43286573146293,62.54054054054054,,100.0,1.0,100.0,-0.361659942988197
46.631262525050104,62.54054054054054,,100.0,1.0,100.0,-0.3623197054085424
46.829659318637276,62.54054054054054,,100.0,1.0,100.0,-0.362979614093581
47.028056112224455,62.54054054054054,,100.0,1.0,100.0,-0.3636396503043778
47.22645290581163,62.54054054054054,,100.0,1.0,100.0,-0.3642997977413282
47.424849699398806,62.54054054054054,,100.0,1.0,100.0,-0.3649600425189804
47.62324649298598,62.54054054054054,,100.0,1.0,100.0,-0.3656203731399637
47.82164328657315,62.54054054054054,,100.0,1.0,100.0,-0.3662807804677656
48.02004008016032,62.54054054054054,,100.0,1.0,100.0,-0.3669412576986525
48.21843687374749,62.54054054054054,,100.0,1.0,100.0,-0.3676018003325801
48.41683366733468,62.54054054054054,,100.0,1.0,100.0,-0.368262406143257
48.615230460921836,62.54054054054054,,100.0,1.0,100.0,-0.3689230751472846
48.81362725450902,62.54054054054054,,100.0,1.0,100.0,-0.3695838095725263
49.012024048096194,62.54054054054054,,100.0,1.0,100.0,-0.3702446138256007
49.21042084168337,62.54054054054054,,100.0,1.0,100.0,-0.370905494458693
49.40881763527054,62.54054054054054,,100.0,1.0,100.0,-0.3715664601355758
49.60721442885771,62.54054054054054,,100.0,1.0,100.0,-0.3722275215970287
49.805611222444895,62.54054054054054,,100.0,1.0,100.0,-0.3728886916255126
50.00400801603207,62.54054054054054,,100.0,1.0,100.0,-0.3735499850093507
50.20240480961924,62.54054054054054,,100.0,1.0,100.0,-0.3742114185062821
50.40080160320641,62.54054054054054,,100.0,1.0,100.0,-0.3748730108065174
50.59919839679358,62.54054054054054,,100.0,1.0,100.0,-0.3755347824953234
50.79759519038077,62.54054054054054,,100.0,1.0,100.0,-0.3761967560152069
50.99599198396793,62.54054054054054,,100.0,1.0,100.0,-0.3768589556276471
51.19438877755511,62.54054054054054,,100.0,1.0,100.0,-0.3775214073745888
51.39278557114229,62.54054054054054,,100.0,1.0,100.0,-0.37818413903952
51.59118236472946,62.54054054054054,,100.0,1.0,100.0,-0.3788471801083718
51.789579158316634,62.54054054054054,,100.0,1.0,100.0,-0.3795105617301942
51.987975951903806,62.54054054054054,,100.0,1.0,100.0,-0.380174316677718
52.18637274549098,62.54054054054054,,100.0,1.0,100.0,-0.3808384793076437
52.38476953907816,62.54054054054054,,100.0,1.0,100.0,-0.3815030855210179
52.583166332665336,62.54054054054054,,100.0,1.0,100.0,-0.3821681727235514
52.78156312625251,62.54054054054054,,100.0,1.0,100.0,-0.3828337797858119
52.97995991983967,62.54054054054054,,100.0,1.0,100.0,-0.3834999470035896
53.17835671342685,62.54054054054054,,100.0,1.0,100.0,-0.3841667160583869
53.37675350701403,62.54054054054054,,100.0,1.0,100.0,-0.3848341299779009
53.57515030060121,62.54054054054054,,100.0,1.0,100.0,-0.3855022330967468
53.77354709418837,62.54054054054054,,100.0,1.0,100.0,-0.3861710710174653
53.97194388777555,62.54054054054054,,100.0,1.0,100.0,-0.3868406905716443
54.17034068136273,62.54054054054054,,100.0,1.0,100.0,-0.387511139781404
54.368737474949896,62.54054054054054,,100.0,1.0,100.0,-0.3881824678211898
54.567134268537075,62.54054054054054,,100.0,1.0,100.0,-0.3888547249798696
54.765531062124246,62.54054054054054,,100.0,1.0,100.0,-0.389527962623342
54.96392785571142,62.54054054054054,,100.0,1.0,100.0,-0.3902022331573469
55.1623246492986,62.54054054054054,,100.0,1.0,100.0,-0.3908775899909749
55.360721442885776,62.54054054054054,,100.0,1.0,100.0,-0.391554087500458
55.55911823647295,62.54054054054054,,100.0,1.0,100.0,-0.3922317809935512
55.75751503006013,62.54054054054054,,100.0,1.0,100.0,-0.3929107266744354
55.95591182364729,62.54054054054054,,100.0,1.0,100.0,-0.3935909816091659
56.15430861723447,62.54054054054054,,100.0,1.0,100.0,-0.3942726036916982
56.35270541082165,62.54054054054054,,100.0,1.0,100.0,-0.3949556516104727
56.551102204408814,62.54054054054054,,100.0,1.0,100.0,-0.3956401848157483
56.74949899799599,62.54054054054054,,100.0,1.0,100.0,-0.3963262634873922
56.94789579158316,62.54054054054054,,100.0,1.0,100.0,-0.3970139485034439
57.146292585170336,62.54054054054054,,100.0,1.0,100.0,-0.397703301409355
57.3446893787575,62.54054054054054,,100.0,1.0,100.0,-0.3983943843878108
57.543086172344694,62.54054054054054,,100.0,1.0,100.0,-0.3990872602293709
57.74148296593185,62.54054054054054,,100.0,1.0,100.0,-0.3997819923037159
57.93987975951904,62.54054054054054,,100.0,1.0,100.0,-0.400478644531687
58.13827655310623,62.54054054054054,,100.0,1.0,100.0,-0.4011772813579831
58.336673346693395,62.54054054054054,,100.0,1.0,100.0,-0.4018779677246163
58.535070140280574,62.54054054054054,,100.0,1.0,100.0,-0.4025807690451327
58.73346693386774,62.54054054054054,,100.0,1.0,100.0,-0.4032857511795312
58.9318637274549,62.54054054054054,,100.0,1.0,100.0,-0.4039929804099271
59.13026052104208,62.54054054054054,,100.0,1.0,100.0,-0.4047025234169675
59.32865731462926,62.54054054054054,,100.0,1.0,100.0,-0.4054144472569938
59.52705410821644,62.54054054054054,,100.0,1.0,100.0,-0.4061288193399787
59.72545090180361,62.54054054054054,,100.0,1.0,100.0,-0.406845707408062
59.92384769539078,62.54054054054054,,100.0,1.0,100.0,-0.4075651795150337
60.12224448897794,62.54054054054054,,100.0,1.0,100.0,-0.4082873040063779
60.32064128256512,62.54054054054054,,100.0,1.0,100.0,-0.4090121495001146
60.51903807615231,62.54054054054054,,100.0,1.0,100.0,-0.4097397848683465
60.717434869739485,62.54054054054054,,100.0,1.0,100.0,-0.4104702792195165
60.915831663326664,62.54054054054054,,100.0,1.0,100.0,-0.4112037018813924
61.114228456913835,62.54054054054054,,100.0,1.0,100.0,-0.4119401223846813
61.312625250501,62.54054054054054,,100.0,1.0,100.0,-0.4126796104474231
61.51102204408818,62.54054054054054,,100.0,1.0,100.0,-0.4134222359599733
61.709418837675344,62.54054054054054,,100.0,1.0,100.0,-0.4141680689707214
61.90781563126252,62.54054054054054,,100.0,1.0,100.0,-0.4149171796724008
62.1062124248497,62.54054054054054,,100.0,1.0,100.0,-0.4156696383890752
62.30460921843688,62.54054054054054,,100.0,1.0,100.0,-0.4164255155637819
62.50300601202406,62.54054054054054,,100.0,1.0,100.0,-0.4171848817467271
62.701402805611224,62.54054054054054,,100.0,1.0,100.0,-0.4179478075841562
62.89979959919839,62.54054054054054,,100.0,1.0,100.0,-0.4187143638077336
63.09819639278557,62.54054054054054,,100.0,1.0,100.0,-0.4194846212246527
63.296593186372746,62.54054054054054,,100.0,1.0,100.0,-0.4202586507080933
63.494989979959925,62.54054054054054,,100.0,1.0,100.0,-0.4210365231884905
63.69338677354709,62.54054054054054,,100.0,1.0,100.0,-0.4218183096450895
63.89178356713427,62.54054054054054,,100.0,1.0,100.0,-0.422604081098241
64.09018036072143,62.54054054054054,,100.0,1.0,100.0,-0.4233939086020849
64.28857715430863,62.54054054054054,,100.0,1.0,100.0,-0.4241878632378039
64.48697394789579,62.54054054054054,,100.0,1.0,100.0,-0.4249860161073345
64.68537074148296,62.54054054054054,,100.0,1.0,100.0,-0.4257884383275563
64.88376753507015,62.54054054054054,,100.0,1.0,100.0,-0.426595201024976
65.08216432865731,62.54054054054054,,100.0,1.0,100.0,-0.4274063753308431
65.28056112224449,62.54054054054054,,100.0,1.0,100.0,-0.4282220323767109
65.47895791583166,62.54054054054054,,100.0,1.0,100.0,-0.4290422432904643
65.67735470941884,62.54054054054054,,100.0,1.0,100.0,-0.4298670791926882
65.87575150300601,62.54054054054054,,100.0,1.0,100.0,-0.4306966111935451
66.0741482965932,62.54054054054054,,100.0,1.0,100.0,-0.4315309103900022
66.27254509018036,62.54054054054054,,100.0,1.0,100.0,-0.4323700478634429
66.47094188376754,62.54054054054054,,100.0,1.0,100.0,-0.4332140946776625
66.66933867735472,62.54054054054054,,100.0,1.0,100.0,-0.4340631218772811
66.8677354709419,62.54054054054054,,100.0,1.0,100.0,-0.4349172004864614
67.06613226452906,62.54054054054054,,100.0,1.0,100.0,-0.4357764015080287
67.26452905811624,62.54054054054054,,100.0,1.0,100.0,-0.436640795922897
67.4629258517034,62.54054054054054,,100.0,1.0,100.0,-0.4375104546898624
67.6613226452906,62.54054054054054,,100.0,1.0,100.0,-0.4383854487457654
67.85971943887776,62.54054054054054,,100.0,1.0,100.0,-0.4392658490059008
68.05811623246494,62.54054054054054,,100.0,1.0,100.0,-0.4401517263647839
68.2565130260521,62.54054054054054,,100.0,1.0,100.0,-0.4410431516973045
68.45490981963928,62.54054054054054,,100.0,1.0,100.0,-0.4419401958600878
68.65330661322645,62.54054054054054,,100.0,1.0,100.0,-0.4428429296931966
68.85170340681363,62.54054054054054,,100.0,1.0,100.0,-0.4437514240221527
69.05010020040079,62.54054054054054,,100.0,1.0,100.0,-0.4446657496602795
69.24849699398798,62.54054054054054,,100.0,1.0,100.0,-0.445585977411266
69.44689378757515,62.54054054054054,,100.0,1.0,100.0,-0.4465121780720675
69.64529058116234,62.54054054054054,,100.0,1.0,100.0,-0.4474444224361447
69.84368737474949,62.54054054054054,,100.0,1.0,100.0,-0.4483827812968513
70.04208416833667,62.54054054054054,,100.0,1.0,100.0,-0.4493273254512486
70.24048096192385,62.54054054054054,,100.0,1.0,100.0,-0.4502781257041488
70.43887775551103,62.54054054054054,,100.0,1.0,100.0,-0.4512352528723752
70.6372745490982,62.54054054054054,,100.0,1.0,100.0,-0.4521987777894185
70.83567134268537,62.54054054054054,,100.0,1.0,100.0,-0.4531687713102742
71.03406813627254,62.54054054054054,,100.0,1.0,100.0,-0.4541453043165947
71.23246492985973,62.54054054054054,,100.0,1.0,100.0,-0.4551284477221087
71.4308617234469,62.54054054054054,,100.0,1.0,100.0,-0.4561182724783349
71.62925851703406,62.54054054054054,,100.0,1.0,100.0,-0.4571148495805335
71.82765531062124,62.54054054054054,,100.0,1.0,100.0,-0.4581182500739512
72.0260521042084,62.54054054054054,,100.0,1.0,100.0,-0.4591285450603698
72.2244488977956,62.54054054054054,,100.0,1.0,100.0,-0.4601458057048341
72.42284569138276,62.54054054054054,,100.0,1.0,100.0,-0.4611701032427416
72.62124248496994,62.54054054054054,,100.0,1.0,100.0,-0.4622015089872328
72.8196392785571,62.54054054054054,,100.0,1.0,100.0,-0.4632400943367029
73.01803607214428,62.54054054054054,,100.0,1.0,100.0,-0.4642859307827637
73.21643286573146,62.54054054054054,,100.0,1.0,100.0,-0.4653390899183367
73.41482965931863,62.54054054054054,,100.0,1.0,100.0,-0.4663996434461344
73.6132264529058,62.54054054054054,,100.0,1.0,100.0,-0.4674676631873299
73.81162324649299,62.54054054054054,,100.0,1.0,100.0,-0.4685432210905168
74.01002004008016,62.54054054054054,,100.0,1.0,100.0,-0.4696263892410318
74.20841683366733,62.54054054054054,,100.0,1.0,100.0,-0.4707172398704079
74.40681362725451,62.54054054054054,,100.0,1.0,100.0,-0.471815845366203
74.60521042084169,62.54054054054054,,100.0,1.0,100.0,-0.4729222782820597
74.80360721442887,62.54054054054054,,100.0,1.0,100.0,-0.4740366113480898
75.00200400801603,62.54054054054054,,100.0,1.0,100.0,-0.4751589174815145
75.20040080160321,62.54054054054054,,100.0,1.0,100.0,-0.4762892697974796
75.39879759519039,62.54054054054054,,100.0,1.0,100.0,-0.4774277416203125
75.59719438877755,62.54054054054054,,100.0,1.0,100.0,-0.4785744064949603
75.79559118236472,62.54054054054054,,100.0,1.0,100.0,-0.4797293381987344
75.99398797595191,62.54054054054054,,100.0,1.0,100.0,-0.480892610753284
76.19238476953907,62.54054054054054,,100.0,1.0,100.0,-0.4820642984368601
76.39078156312625,62.54054054054054,,100.0,1.0,100.0,-0.4832444757969445
76.58917835671345,62.54054054054054,,100.0,1.0,100.0,-0.48443321766305
76.7875751503006,62.54054054054054,,100.0,1.0,100.0,-0.4856305991597844
76.98597194388778,62.54054054054054,,100.0,1.0,100.0,-0.4868366957202714
77.18436873747495,62.54054054054054,,100.0,1.0,100.0,-0.4880515830998329
77.38276553106212,62.54054054054054,,100.0,1.0,100.0,-0.4892753373898265
77.5811623246493,62.54054054054054,,100.0,1.0,100.0,-0.4905080350319195
77.77955911823646,62.54054054054054,,100.0,1.0,100.0,-0.491749752832569
77.97795591182366,62.54054054054054,,100.0,1.0,100.0,-0.4930005679777203
78.1763527054108,62.54054054054054,,100.0,1.0,100.0,-0.4942605580477952
78.374749498998,62.54054054054054,,100.0,1.0,100.0,-0.4955298010330731
78.5731462925852,62.54054054054054,,100.0,1.0,100.0,-0.496808375349118
78.77154308617234,62.54054054054054,,100.0,1.0,100.0,-0.4980963598527116
78.96993987975952,62.54054054054054,,100.0,1.0,100.0,-0.4993938338578737
79.1683366733467,62.54054054054054,,100.0,1.0,100.0,-0.5007008771521778
79.36673346693387,62.54054054054054,,100.0,1.0,100.0,-0.5020175700134843
79.56513026052104,62.54054054054054,,100.0,1.0,100.0,-0.5033439932266853
79.76352705410822,62.54054054054054,,100.0,1.0,100.0,-0.5046802281009131
79.9619238476954,62.54054054054054,,100.0,1.0,100.0,-0.5060263564869947
80.16032064128257,62.54054054054054,,100.0,1.0,100.0,-0.5073824607949817
80.35871743486975,62.54054054054054,,100.0,1.0,100.0,-0.5087486240121476
80.55711422845691,62.54054054054054,,100.0,1.0,100.0,-0.5101249297212082
80.75551102204409,62.54054054054054,,100.0,1.0,100.0,-0.511511462118678
80.95390781563127,62.54054054054054,,100.0,1.0,100.0,-0.5129083060335995
81.15230460921843,62.54054054054054,,100.0,1.0,100.0,-0.5143155469465106
81.35070140280563,62.54054054054054,,100.0,1.0,100.0,-0.5157332710085929
81.54909819639279,62.54054054054054,,100.0,1.0,100.0,-0.5171615650611772
81.74749498997996,62.54054054054054,,100.0,1.0,100.0,-0.5186005166554138
81.94589178356713,62.54054054054054,,100.0,1.0,100.0,-0.5200502140722485
82.14428857715431,62.54054054054054,,100.0,1.0,100.0,-0.5215107463425976
82.34268537074149,62.54054054054054,,100.0,1.0,100.0,-0.522982203267891
82.54108216432866,62.54054054054054,,100.0,1.0,100.0,-0.5244646754406247
82.73947895791585,62.54054054054054,,100.0,1.0,100.0,-0.5259582542654252
82.937875751503,62.54054054054054,,100.0,1.0,100.0,-0.5274630319802689
83.13627254509018,62.54054054054054,,100.0,1.0,100.0,-0.5289791016778028
83.33466933867736,62.54054054054054,,100.0,1.0,100.0,-0.5305065573270912
83.53306613226454,62.54054054054054,,100.0,1.0,100.0,-0.5320454937956325
83.7314629258517,62.54054054054054,,100.0,1.0,100.0,-0.5335960068713803
83.92985971943888,62.54054054054054,,100.0,1.0,100.0,-0.5351581932852782
84.12825651302606,62.54054054054054,,100.0,1.0,100.0,-0.5367321507338458
84.32665330661322,62.54054054054054,,100.0,1.0,100.0,-0.5383179779021432
84.5250501002004,62.54054054054054,,100.0,1.0,100.0,-0.5399157744868917
84.72344689378757,62.54054054054054,,100.0,1.0,100.0,-0.541525641219832
84.92184368737476,62.54054054054054,,100.0,1.0,100.0,-0.5431476798914153
85.12024048096194,62.54054054054054,,100.0,1.0,100.0,-0.5447819933746078
85.3186372745491,62.54054054054054,,100.0,1.0,100.0,-0.5464286856490813
85.51703406813628,62.54054054054054,,100.0,1.0,100.0,-0.5480878618254534
85.71543086172345,62.54054054054054,,100.0,1.0,100.0,-0.549759628170027
85.91382765531063,62.54054054054054,,100.0,1.0,100.0,-0.5514440921295437
86.1122244488978,62.54054054054054,,100.0,1.0,100.0,-0.5531413623562446
86.31062124248497,62.54054054054054,,100.0,1.0,100.0,-0.5548515487332744
86.50901803607215,62.54054054054054,,100.0,1.0,100.0,-0.5565747624002033
86.70741482965931,62.54054054054054,,100.0,1.0,100.0,-0.5583111157788209
86.90581162324649,62.54054054054054,,100.0,1.0,100.0,-0.5600607225992655
87.10420841683366,62.54054054054054,,100.0,1.0,100.0,-0.5618236979262369
87.30260521042084,62.54054054054054,,100.0,1.0,100.0,-0.5636001581856104
87.50100200400803,62.54054054054054,,100.0,1.0,100.0,-0.5653902211912433
87.6993987975952,62.54054054054054,,100.0,1.0,100.0,-0.5671940061719541
87.89779559118237,62.54054054054054,,100.0,1.0,100.0,-0.5690116337988614
88.09619238476955,62.54054054054054,,100.0,1.0,100.0,-0.5708432262129918
88.29458917835672,62.54054054054054,,100.0,1.0,100.0,-0.5726889070529136
88.4929859719439,62.54054054054054,,100.0,1.0,100.0,-0.5745488014829476
88.69138276553106,62.54054054054054,,100.0,1.0,100.0,-0.5764230362214289
88.88977955911824,62.54054054054054,,100.0,1.0,100.0,-0.5783117395691889
89.0881763527054,62.54054054054054,,100.0,1.0,100.0,-0.5802150414384825
89.28657314629258,62.54054054054054,,100.0,1.0,100.0,-0.5821330733820193
89.48496993987975,62.54054054054054,,100.0,1.0,100.0,-0.5840659686222952
89.68336673346693,62.54054054054054,,100.0,1.0,100.0,-0.5860138620811949
89.88176352705409,62.54054054054054,,100.0,1.0,100.0,-0.5879768904099235
90.08016032064127,62.54054054054054,,100.0,1.0,100.0,-0.5899551920189808
90.27855711422846,62.54054054054054,,100.0,1.0,100.0,-0.5919489071088163
90.47695390781564,62.54054054054054,,100.0,1.0,100.0,-0.5939581777002535
90.6753507014028,62.54054054054054,,100.0,1.0,100.0,-0.5959831476655797
90.87374749498998,62.54054054054054,,100.0,1.0,100.0,-0.598023962759732
91.07214428857715,62.54054054054054,,100.0,1.0,100.0,-0.6000807706518028
91.27054108216433,62.54054054054054,,100.0,1.0,100.0,-0.6021537209568428
91.46893787575152,62.54054054054054,,100.0,1.0,100.0,-0.6042429652678816
91.66733466933867,62.54054054054054,,100.0,1.0,100.0,-0.6063486571883171
91.86573146292585,62.54054054054054,,100.0,1.0,100.0,-0.6084709523645431
92.06412825651303,62.54054054054054,,100.0,1.0,100.0,-0.610610008518908
92.26252505010021,62.54054054054054,,100.0,1.0,100.0,-0.6127659854828739
92.46092184368737,62.54054054054054,,100.0,1.0,100.0,-0.6149390452306249
92.65931863727455,62.54054054054054,,100.0,1.0,100.0,-0.6171293519128392
92.85771543086172,62.54054054054054,,100.0,1.0,100.0,-0.619337071890833
93.05611222444891,62.54054054054054,,100.0,1.0,100.0,-0.6215623737709758
93.25450901803607,62.54054054054054,,100.0,1.0,100.0,-0.6238054284395073
93.45290581162325,62.54054054054054,,100.0,1.0,100.0,-0.6260664090974699
93.65130260521043,62.54054054054054,,100.0,1.0,100.0,-0.6283454912962004
93.84969939879761,62.54054054054054,,100.0,1.0,100.0,-0.6306428529730225
94.04809619238478,62.54054054054054,,100.0,1.0,100.0,-0.6329586744871684
94.24649298597195,62.54054054054054,,100.0,1.0,100.0,-0.6352931386561927
94.44488977955912,62.54054054054054,,100.0,1.0,100.0,-0.6376464307927014
94.6432865731463,62.54054054054054,,100.0,1.0,100.0,-0.6400187387412861
94.84168336673346,62.54054054054054,,100.0,1.0,100.0,-0.6424102529159151
95.04008016032064,62.54054054054054,,100.0,1.0,100.0,-0.6448211663376054
95.2384769539078,62.54054054054054,,100.0,1.0,100.0,-0.6472516746725294
95.43687374749499,62.54054054054054,,100.0,1.0,100.0,-0.649701976270373
95.63527054108215,62.54054054054054,,100.0,1.0,100.0,-0.6521722722030934
95.83366733466936,62.54054054054054,,100.0,1.0,100.0,-0.654662766303993
96.03206412825652,62.54054054054054,,100.0,1.0,100.0,-0.6571736652073237
96.2304609218437,62.54054054054054,,100.0,1.0,100.0,-0.6597051783879548
96.42885771543087,62.54054054054054,,100.0,1.0,100.0,-0.662257518201794
96.62725450901804,62.54054054054054,,100.0,1.0,100.0,-0.6648308999262279
96.82565130260521,62.54054054054054,,100.0,1.0,100.0,-0.6674255418012177
97.02404809619239,62.54054054054054,,100.0,1.0,100.0,-0.6700416650705839
97.22244488977958,62.54054054054054,,100.0,1.0,100.0,-0.6726794940238463
97.42084168336673,62.54054054054054,,100.0,1.0,100.0,-0.6753392560383799
97.6192384769539,62.54054054054054,,100.0,1.0,100.0,-0.6780211816218936
97.81763527054107,62.54054054054054,,100.0,1.0,100.0,-0.6807255044555695
98.01603206412825,62.54054054054054,,100.0,1.0,100.0,-0.6834524614372995
98.21442885771542,62.54054054054054,,100.0,1.0,100.0,-0.6862022927255814
98.4128256513026,62.54054054054054,,100.0,1.0,100.0,-0.6889752417837385
98.61122244488979,62.54054054054054,,100.0,1.0,100.0,-0.6917715554245629
98.80961923847698,62.54054054054054,,100.0,1.0,100.0,-0.6945914838554411
99.00801603206413,62.54054054054054,,100.0,1.0,100.0,-0.6974352807239049
99.2064128256513,62.54054054054054,,100.0,1.0,100.0,-0.7003032031635597
99.40480961923848,62.54054054054054,,100.0,1.0,100.0,-0.7031955118406246
99.60320641282564,62.54054054054054,,100.0,1.0,100.0,-0.7061124710007523
99.80160320641282,62.54054054054054,,100.0,1.0,100.0,-0.709054348516406
100.0,62.54054054054054,,100.0,1.0,100.0,-0.7120214159347809
1.0,65.21621621621621,,100.0,1.0,100.0,-0.4932147193513611
1.1983967935871744,65.21621621621621,,100.0,1.0,100.0,-0.4903302015881531
1.3967935871743486,65.21621621621621,,100.0,1.0,100.0,-0.4874728896880037
1.595190380761523,65.21621621621621,,100.0,1.0,100.0,-0.4846428355137658
1.7935871743486973,65.21621621621621,,100.0,1.0,100.0,-0.4818400886835889
1.9919839679358717,65.21621621621621,,100.0,1.0,100.0,-0.4790646965329216
2.190380761523046,65.21621621621621,,100.0,1.0,100.0,-0.4763167040780309
2.38877755511022,65.21621621621621,,100.0,1.0,100.0,-0.4735961539809938
2.5871743486973946,65.21621621621621,,100.0,1.0,100.0,-0.4709030865161125
2.785571142284569,65.21621621621621,,100.0,1.0,100.0,-0.468237539537808
2.9839679358717435,65.21621621621621,,100.0,1.0,100.0,-0.4655995484498814
3.182364729458918,65.21621621621621,,100.0,1.0,100.0,-0.4629891461761184
3.380761523046093,65.21621621621621,,100.0,1.0,100.0,-0.4604063631322893
3.579158316633267,65.21621621621621,,100.0,1.0,100.0,-0.4578512271994269
3.7775551102204403,65.21621621621621,,100.0,1.0,100.0,-0.4553237636984114
3.9759519038076157,65.21621621621621,,100.0,1.0,100.0,-0.4528239953657993
4.174348697394789,65.21621621621621,,100.0,1.0,100.0,-0.4503519423309628
4.372745490981964,65.21621621621621,,100.0,1.0,100.0,-0.4479076220943178
4.571142284569138,65.21621621621621,,100.0,1.0,100.0,-0.4454910495069106
4.7695390781563125,65.21621621621621,,100.0,1.0,100.0,-0.4431022367510472
4.967935871743487,65.21621621621621,,100.0,1.0,100.0,-0.4407411933221549
5.166332665330662,65.21621621621621,,100.0,1.0,100.0,-0.438407926011737
5.364729458917837,65.21621621621621,,100.0,1.0,100.0,-0.4361024388914566
5.563126252505009,65.21621621621621,,100.0,1.0,100.0,-0.4338247332983469
5.761523046092185,65.21621621621621,,100.0,1.0,100.0,-0.4315748078210065
5.959919839679359,65.21621621621621,,100.0,1.0,100.0,-0.4293526582869624
6.158316633266534,65.21621621621621,,100.0,1.0,100.0,-0.4271582777510038
6.356713426853707,65.21621621621621,,100.0,1.0,100.0,-0.4249916564845749
6.555110220440882,65.21621621621621,,100.0,1.0,100.0,-0.4228527819661422
6.753507014028057,65.21621621621621,,100.0,1.0,100.0,-0.4207416388725872
6.951903807615231,65.21621621621621,,100.0,1.0,100.0,-0.4186582090715691
7.150300601202405,65.21621621621621,,100.0,1.0,100.0,-0.4166024716148496
7.348697394789579,65.21621621621621,,100.0,1.0,100.0,-0.4145744027325545
7.547094188376754,65.21621621621621,,100.0,1.0,100.0,-0.4125739758284096
7.745490981963927,65.21621621621621,,100.0,1.0,100.0,-0.4106011614758602
7.9438877755511,65.21621621621621,,100.0,1.0,100.0,-0.4086559274151304
8.142284569138276,65.21621621621621,,100.0,1.0,100.0,-0.4067382385511598
8.340681362725451,65.21621621621621,,100.0,1.0,100.0,-0.4048480569524814
8.539078156312625,65.21621621621621,,100.0,1.0,100.0,-0.402985341850885
8.737474949899799,65.21621621621621,,100.0,1.0,100.0,-0.4011500496420871
8.935871743486974,65.21621621621621,,100.0,1.0,100.0,-0.3993421338871318
9.13426853707415,65.21621621621621,,100.0,1.0,100.0,-0.3975615453146958
9.332665330661325,65.21621621621621,,100.0,1.0,100.0,-0.3958082318242545
9.531062124248498,65.21621621621621,,100.0,1.0,100.0,-0.3940821384900553
9.729458917835672,65.21621621621621,,100.0,1.0,100.0,-0.392383207565937
9.927855711422845,65.21621621621621,,100.0,1.0,100.0,-0.3907113784909211
10.126252505010019,65.21621621621621,,100.0,1.0,100.0,-0.3890665878956847
10.324649298597194,65.21621621621621,,100.0,1.0,100.0,-0.387448769609797
10.52304609218437,65.21621621621621,,100.0,1.0,100.0,-0.385857854669734
10.721442885771543,65.21621621621621,,100.0,1.0,100.0,-0.3842937713277419
10.919839679358718,65.21621621621621,,100.0,1.0,100.0,-0.3827564450614479
11.118236472945892,65.21621621621621,,100.0,1.0,100.0,-0.3812457985842121
11.316633266533067,65.21621621621621,,100.0,1.0,100.0,-0.3797617518563724
11.515030060120242,65.21621621621621,,100.0,1.0,100.0,-0.378304222097139
11.713426853707414,65.21621621621621,,100.0,1.0,100.0,-0.3768731237972981
11.91182364729459,65.21621621621621,,100.0,1.0,100.0,-0.3754683687327008
12.110220440881761,65.21621621621621,,100.0,1.0,100.0,-0.3740898659784556
12.308617234468937,65.21621621621621,,100.0,1.0,100.0,-0.3727375219239071
12.507014028056114,65.21621621621621,,100.0,1.0,100.0,-0.3714112402883467
12.705410821643287,65.21621621621621,,100.0,1.0,100.0,-0.3701109221374796
12.903807615230463,65.21621621621621,,100.0,1.0,100.0,-0.368836465900584
13.102204408817634,65.21621621621621,,100.0,1.0,100.0,-0.3675877673884571
13.30060120240481,65.21621621621621,,100.0,1.0,100.0,-0.3663647198120521
13.498997995991983,65.21621621621621,,100.0,1.0,100.0,-0.365167213801881
13.697394789579159,65.21621621621621,,100.0,1.0,100.0,-0.3639951374280419
13.895791583166334,65.21621621621621,,100.0,1.0,100.0,-0.3628483762211071
14.094188376753507,65.21621621621621,,100.0,1.0,100.0,-0.3617268131935655
14.292585170340683,65.21621621621621,,100.0,1.0,100.0,-0.3606303288621082
14.490981963927855,65.21621621621621,,100.0,1.0,100.0,-0.359558801270504
14.689378757515032,65.21621621621621,,100.0,1.0,100.0,-0.3585121060132561
14.887775551102203,65.21621621621621,,100.0,1.0,100.0,-0.3574901162599027
15.086172344689379,65.21621621621621,,100.0,1.0,100.0,-0.3564927027800298
15.284569138276554,65.21621621621621,,100.0,1.0,100.0,-0.3555197339689379
15.482965931863726,65.21621621621621,,100.0,1.0,100.0,-0.3545710758740088
15.681362725450903,65.21621621621621,,100.0,1.0,100.0,-0.3536465922217607
15.879759519038075,65.21621621621621,,100.0,1.0,100.0,-0.3527461444455194
16.07815631262525,65.21621621621621,,100.0,1.0,100.0,-0.3518695917138069
16.276553106212425,65.21621621621621,,100.0,1.0,100.0,-0.3510167909593409
16.474949899799597,65.21621621621621,,100.0,1.0,100.0,-0.3501875969086854
16.673346693386772,65.21621621621621,,100.0,1.0,100.0,-0.3493818621126022
16.871743486973948,65.21621621621621,,100.0,1.0,100.0,-0.3485994369769495
17.070140280561123,65.21621621621621,,100.0,1.0,100.0,-0.3478401697942695
17.2685370741483,65.21621621621621,,100.0,1.0,100.0,-0.3471039067759981
17.466933867735474,65.21621621621621,,100.0,1.0,100.0,-0.3463904920852208
17.66533066132265,65.21621621621621,,100.0,1.0,100.0,-0.345699767870136
17.86372745490982,65.21621621621621,,100.0,1.0,100.0,-0.3450315742980314
18.062124248496996,65.21621621621621,,100.0,1.0,100.0,-0.3443857495899001
18.260521042084168,65.21621621621621,,100.0,1.0,100.0,-0.343762130055616
18.458917835671343,65.21621621621621,,100.0,1.0,100.0,-0.3431605501296492
18.657314629258515,65.21621621621621,,100.0,1.0,100.0,-0.3425808424074346
18.85571142284569,65.21621621621621,,100.0,1.0,100.0,-0.342022837682216
19.054108216432866,65.21621621621621,,100.0,1.0,100.0,-0.3414863649824047
19.252505010020037,65.21621621621621,,100.0,1.0,100.0,-0.3409712516095993
19.450901803607216,65.21621621621621,,100.0,1.0,100.0,-0.3404773231769823
19.649298597194388,65.21621621621621,,100.0,1.0,100.0,-0.3400044036483149
19.847695390781563,65.21621621621621,,100.0,1.0,100.0,-0.3395523153774205
20.04609218436874,65.21621621621621,,100.0,1.0,100.0,-0.3391208791481087
20.244488977955914,65.21621621621621,,100.0,1.0,100.0,-0.3387099142146545
20.442885771543086,65.21621621621621,,100.0,1.0,100.0,-0.3383192383426573
20.64128256513026,65.21621621621621,,100.0,1.0,100.0,-0.3379486678504099
20.839679358717436,65.21621621621621,,100.0,1.0,100.0,-0.3375980176506893
21.03807615230461,65.21621621621621,,100.0,1.0,100.0,-0.3372671012929745
21.236472945891784,65.21621621621621,,100.0,1.0,100.0,-0.3369557310060783
21.43486973947896,65.21621621621621,,100.0,1.0,100.0,-0.33666371774117
21.633266533066134,65.21621621621621,,100.0,1.0,100.0,-0.3363908712151984
21.831663326653306,65.21621621621621,,100.0,1.0,100.0,-0.3361369999546743
22.030060120240485,65.21621621621621,,100.0,1.0,100.0,-0.3359019113398535
22.228456913827657,65.21621621621621,,100.0,1.0,100.0,-0.3356854116491658
22.42685370741483,65.21621621621621,,100.0,1.0,100.0,-0.3354873061041137
22.625250501002007,65.21621621621621,,100.0,1.0,100.0,-0.3353073989143709
22.82364729458918,65.21621621621621,,100.0,1.0,100.0,-0.3351454933232394
23.02204408817635,65.21621621621621,,100.0,1.0,100.0,-0.3350013916533586
23.220440881763523,65.21621621621621,,100.0,1.0,100.0,-0.3348748953527472
23.4188376753507,65.21621621621621,,100.0,1.0,100.0,-0.3347658050410368
23.617234468937873,65.21621621621621,,100.0,1.0,100.0,-0.3346739205559831
23.815631262525052,65.21621621621621,,100.0,1.0,100.0,-0.3345990410001899
24.014028056112227,65.21621621621621,,100.0,1.0,100.0,-0.3345409647880716
24.212424849699403,65.21621621621621,,100.0,1.0,100.0,-0.3344994896929596
24.410821643286575,65.21621621621621,,100.0,1.0,100.0,-0.3344744128944771
24.609218436873746,65.21621621621621,,100.0,1.0,100.0,-0.3344655310259922
24.807615230460925,65.21621621621621,,100.0,1.0,100.0,-0.3344726402222609
25.006012024048097,65.21621621621621,,100.0,1.0,100.0,-0.3344955361672511
25.20440881763527,65.21621621621621,,100.0,1.0,100.0,-0.3345340141419857
25.402805611222448,65.21621621621621,,100.0,1.0,100.0,-0.3345878690726013
25.60120240480962,65.21621621621621,,100.0,1.0,100.0,-0.3346568955784649
25.79959919839679,65.21621621621621,,100.0,1.0,100.0,-0.3347408880202961
25.997995991983966,65.21621621621621,,100.0,1.0,100.0,-0.3348396405484776
26.196392785571145,65.21621621621621,,100.0,1.0,100.0,-0.3349529471513401
26.394789579158317,65.21621621621621,,100.0,1.0,100.0,-0.3350806017034563
26.59318637274549,65.21621621621621,,100.0,1.0,100.0,-0.3352223980140393
26.791583166332664,65.21621621621621,,100.0,1.0,100.0,-0.3353781298753129
26.98997995991984,65.21621621621621,,100.0,1.0,100.0,-0.335547591110801
27.188376753507008,65.21621621621621,,100.0,1.0,100.0,-0.3357305756237213
27.386773547094187,65.21621621621621,,100.0,1.0,100.0,-0.335926877445264
27.585170340681366,65.21621621621621,,100.0,1.0,100.0,-0.3361362907828257
27.783567134268534,65.21621621621621,,100.0,1.0,100.0,-0.3363586100682303
27.98196392785571,65.21621621621621,,100.0,1.0,100.0,-0.3365936300058257
28.180360721442888,65.21621621621621,,100.0,1.0,100.0,-0.33684114562048
28.378757515030063,65.21621621621621,,100.0,1.0,100.0,-0.337100952305588
28.577154308617235,65.21621621621621,,100.0,1.0,100.0,-0.3373728458707746
28.7755511022044,65.21621621621621,,100.0,1.0,100.0,-0.3376566225896996
28.97394789579158,65.21621621621621,,100.0,1.0,100.0,-0.3379520792475086
29.172344689378757,65.21621621621621,,100.0,1.0,100.0,-0.338259013188263
29.370741482965926,65.21621621621621,,100.0,1.0,100.0,-0.3385772223622184
29.5691382765531,65.21621621621621,,100.0,1.0,100.0,-0.3389065053728082
29.76753507014028,65.21621621621621,,100.0,1.0,100.0,-0.3392466615235929
29.965931863727448,65.21621621621621,,100.0,1.0,100.0,-0.339597490864865
30.164328657314627,65.21621621621621,,100.0,1.0,100.0,-0.3399587942401594
30.36272545090181,65.21621621621621,,100.0,1.0,100.0,-0.3403303733324925
30.56112224448897,65.21621621621621,,100.0,1.0,100.0,-0.3407120307103352
30.759519038076157,65.21621621621621,,100.0,1.0,100.0,-0.3411035698734
30.957915831663332,65.21621621621621,,100.0,1.0,100.0,-0.3415047952981442
31.1563126252505,65.21621621621621,,100.0,1.0,100.0,-0.3419155124830125
31.35470941883768,65.21621621621621,,100.0,1.0,100.0,-0.3423355279933426
31.553106212424858,65.21621621621621,,100.0,1.0,100.0,-0.3427646495060713
31.751503006012022,65.21621621621621,,100.0,1.0,100.0,-0.3432026858540969
31.949899799599194,65.21621621621621,,100.0,1.0,100.0,-0.3436494470702507
32.14829659318637,65.21621621621621,,100.0,1.0,100.0,-0.3441047444310889
32.346693386773545,65.21621621621621,,100.0,1.0,100.0,-0.3445683905001893
32.545090180360724,65.21621621621621,,100.0,1.0,100.0,-0.3450401991712201
32.743486973947896,65.21621621621621,,100.0,1.0,100.0,-0.3455199857105347
32.941883767535074,65.21621621621621,,100.0,1.0,100.0,-0.3460075667994856
33.140280561122246,65.21621621621621,,100.0,1.0,100.0,-0.3465027605762839
33.33867735470942,65.21621621621621,,100.0,1.0,100.0,-0.3470053866774587
33.5370741482966,65.21621621621621,,100.0,1.0,100.0,-0.3475152662789404
33.73547094188377,65.21621621621621,,100.0,1.0,100.0,-0.3480322221366418
33.93386773547095,65.21621621621621,,100.0,1.0,100.0,-0.3485560786266797
34.13226452905812,65.21621621621621,,100.0,1.0,100.0,-0.3490866617850496
34.3306613226453,65.21621621621621,,100.0,1.0,100.0,-0.3496237993469022
34.52905811623247,65.21621621621621,,100.0,1.0,100.0,-0.350167320785278
34.72745490981965,65.21621621621621,,100.0,1.0,100.0,-0.3507170573493312
34.92585170340681,65.21621621621621,,100.0,1.0,100.0,-0.3512728421021426
35.12424849699399,65.21621621621621,,100.0,1.0,100.0,-0.3518345099577873
35.32264529058117,65.21621621621621,,100.0,1.0,100.0,-0.3524018977180804
35.521042084168336,65.21621621621621,,100.0,1.0,100.0,-0.3529748441086104
35.719438877755515,65.21621621621621,,100.0,1.0,100.0,-0.3535531898142168
35.91783567134269,65.21621621621621,,100.0,1.0,100.0,-0.3541367775138851
36.11623246492986,65.21621621621621,,100.0,1.0,100.0,-0.3547254519150329
36.31462925851703,65.21621621621621,,100.0,1.0,100.0,-0.3553190597871072
36.51302605210421,65.21621621621621,,100.0,1.0,100.0,-0.3559174499945742
36.71142284569138,65.21621621621621,,100.0,1.0,100.0,-0.3565204735291967
36.90981963927855,65.21621621621621,,100.0,1.0,100.0,-0.3571279835417144
37.10821643286573,65.21621621621621,,100.0,1.0,100.0,-0.357739835372622
37.3066132264529,65.21621621621621,,100.0,1.0,100.0,-0.35835588658244
37.505010020040075,65.21621621621621,,100.0,1.0,100.0,-0.35897599698106
37.703406813627254,65.21621621621621,,100.0,1.0,100.0,-0.3596000286564462
37.90180360721443,65.21621621621621,,100.0,1.0,100.0,-0.3602278460024233
38.100200400801604,65.21621621621621,,100.0,1.0,100.0,-0.3608593157458047
38.298597194388776,65.21621621621621,,100.0,1.0,100.0,-0.3614943069725139
38.496993987975955,65.21621621621621,,100.0,1.0,100.0,-0.3621326911530569
38.69539078156313,65.21621621621621,,100.0,1.0,100.0,-0.3627743421669309
38.8937875751503,65.21621621621621,,100.0,1.0,100.0,-0.3634191363262639
39.09218436873748,65.21621621621621,,100.0,1.0,100.0,-0.3640669523985487
39.29058116232465,65.21621621621621,,100.0,1.0,100.0,-0.3647176716283383
39.48897795591183,65.21621621621621,,100.0,1.0,100.0,-0.365371177758126
39.687374749499,65.21621621621621,,100.0,1.0,100.0,-0.3660273570481711
39.88577154308617,65.21621621621621,,100.0,1.0,100.0,-0.3666860982953488
40.08416833667335,65.21621621621621,,100.0,1.0,100.0,-0.3673472928510344
40.28256513026052,65.21621621621621,,100.0,1.0,100.0,-0.3680108346378871
40.4809619238477,65.21621621621621,,100.0,1.0,100.0,-0.3686766201656818
40.67935871743487,65.21621621621621,,100.0,1.0,100.0,-0.3693445485459778
40.877755511022045,65.21621621621621,,100.0,1.0,100.0,-0.3700145215058046
41.07615230460922,65.21621621621621,,100.0,1.0,100.0,-0.3706864434001984
41.274549098196395,65.21621621621621,,100.0,1.0,100.0,-0.3713602212236194
41.47294589178357,65.21621621621621,,100.0,1.0,100.0,-0.3720357646202221
41.671342685370746,65.21621621621621,,100.0,1.0,100.0,-0.3727129858931162
41.86973947895792,65.21621621621621,,100.0,1.0,100.0,-0.3733918000122997
42.06813627254509,65.21621621621621,,100.0,1.0,100.0,-0.3740721246215129
42.26653306613227,65.21621621621621,,100.0,1.0,100.0,-0.3747538800439129
42.46492985971944,65.21621621621621,,100.0,1.0,100.0,-0.3754369892865237
42.66332665330661,65.21621621621621,,100.0,1.0,100.0,-0.3761213780435248
42.861723446893784,65.21621621621621,,100.0,1.0,100.0,-0.3768069746983059
43.06012024048097,65.21621621621621,,100.0,1.0,100.0,-0.3774937103242964
43.25851703406814,65.21621621621621,,100.0,1.0,100.0,-0.3781815186846183
43.45691382765531,65.21621621621621,,100.0,1.0,100.0,-0.378870336230422
43.655310621242485,65.21621621621621,,100.0,1.0,100.0,-0.3795601020981283
43.85370741482966,65.21621621621621,,100.0,1.0,100.0,-0.3802507581052838
44.05210420841683,65.21621621621621,,100.0,1.0,100.0,-0.3809422487452946
44.250501002004015,65.21621621621621,,100.0,1.0,100.0,-0.3816345211808776
44.448897795591186,65.21621621621621,,100.0,1.0,100.0,-0.3823275252362851
44.64729458917836,65.21621621621621,,100.0,1.0,100.0,-0.3830212133883076
44.84569138276553,65.21621621621621,,100.0,1.0,100.0,-0.3837155407560567
45.0440881763527,65.21621621621621,,100.0,1.0,100.0,-0.3844104650895344
45.24248496993987,65.21621621621621,,100.0,1.0,100.0,-0.3851059467569552
45.440881763527045,65.21621621621621,,100.0,1.0,100.0,-0.3858019487309369
45.63927855711423,65.21621621621621,,100.0,1.0,100.0,-0.3864984365734445
45.8376753507014,65.21621621621621,,100.0,1.0,100.0,-0.3871953784196097
46.036072144288575,65.21621621621621,,100.0,1.0,100.0,-0.3878927449603329
46.23446893787575,65.21621621621621,,100.0,1.0,100.0,-0.3885905094238184
46.43286573146293,65.21621621621621,,100.0,1.0,100.0,-0.389288647555892
46.631262525050104,65.21621621621621,,100.0,1.0,100.0,-0.3899871375993256
46.829659318637276,65.21621621621621,,100.0,1.0,100.0,-0.3906859602719452
47.028056112224455,65.21621621621621,,100.0,1.0,100.0,-0.3913850987438056
47.22645290581163,65.21621621621621,,100.0,1.0,100.0,-0.3920845386132416
47.424849699398806,65.21621621621621,,100.0,1.0,100.0,-0.3927842678819115
47.62324649298598,65.21621621621621,,100.0,1.0,100.0,-0.3934842769289478
47.82164328657315,65.21621621621621,,100.0,1.0,100.0,-0.3941845584839824
48.02004008016032,65.21621621621621,,100.0,1.0,100.0,-0.3948851075994245
48.21843687374749,65.21621621621621,,100.0,1.0,100.0,-0.3955859216216818
48.41683366733468,65.21621621621621,,100.0,1.0,100.0,-0.3962870001616997
48.615230460921836,65.21621621621621,,100.0,1.0,100.0,-0.3969883450644222
48.81362725450902,65.21621621621621,,100.0,1.0,100.0,-0.3976899603777557
49.012024048096194,65.21621621621621,,100.0,1.0,100.0,-0.3983918523204579
49.21042084168337,65.21621621621621,,100.0,1.0,100.0,-0.3990940292495895
49.40881763527054,65.21621621621621,,100.0,1.0,100.0,-0.3997965016270554
49.60721442885771,65.21621621621621,,100.0,1.0,100.0,-0.4004992819856362
49.805611222444895,65.21621621621621,,100.0,1.0,100.0,-0.4012023848943826
50.00400801603207,65.21621621621621,,100.0,1.0,100.0,-0.4019058269233723
50.20240480961924,65.21621621621621,,100.0,1.0,100.0,-0.4026096266080043
50.40080160320641,65.21621621621621,,100.0,1.0,100.0,-0.403313804412841
50.59919839679358,65.21621621621621,,100.0,1.0,100.0,-0.4040183826948874
50.79759519038077,65.21621621621621,,100.0,1.0,100.0,-0.4047233856665642
50.99599198396793,65.21621621621621,,100.0,1.0,100.0,-0.4054288393582879
51.19438877755511,65.21621621621621,,100.0,1.0,100.0,-0.406134771580725
51.39278557114229,65.21621621621621,,100.0,1.0,100.0,-0.4068412118867828
51.59118236472946,65.21621621621621,,100.0,1.0,100.0,-0.4075481915333132
51.789579158316634,65.21621621621621,,100.0,1.0,100.0,-0.4082557434427406
51.987975951903806,65.21621621621621,,100.0,1.0,100.0,-0.408963902164407
52.18637274549098,65.21621621621621,,100.0,1.0,100.0,-0.4096727038358814
52.38476953907816,65.21621621621621,,100.0,1.0,100.0,-0.4103821861441629
52.583166332665336,65.21621621621621,,100.0,1.0,100.0,-0.4110923882869464
52.78156312625251,65.21621621621621,,100.0,1.0,100.0,-0.4118033509337311
52.97995991983967,65.21621621621621,,100.0,1.0,100.0,-0.4125151161871924
53.17835671342685,65.21621621621621,,100.0,1.0,100.0,-0.4132277275444511
53.37675350701403,65.21621621621621,,100.0,1.0,100.0,-0.4139412298586306
53.57515030060121,65.21621621621621,,100.0,1.0,100.0,-0.4146556693004358
53.77354709418837,65.21621621621621,,100.0,1.0,100.0,-0.4153710933201167
53.97194388777555,65.21621621621621,,100.0,1.0,100.0,-0.4160875506095055
54.17034068136273,65.21621621621621,,100.0,1.0,100.0,-0.4168050910643648
54.368737474949896,65.21621621621621,,100.0,1.0,100.0,-0.4175237657471918
54.567134268537075,65.21621621621621,,100.0,1.0,100.0,-0.4182436268501467
54.765531062124246,65.21621621621621,,100.0,1.0,100.0,-0.4189647276584586
54.96392785571142,65.21621621621621,,100.0,1.0,100.0,-0.4196871225143379
55.1623246492986,65.21621621621621,,100.0,1.0,100.0,-0.4204108667810727
55.360721442885776,65.21621621621621,,100.0,1.0,100.0,-0.4211360168078516
55.55911823647295,65.21621621621621,,100.0,1.0,100.0,-0.4218626298948793
55.75751503006013,65.21621621621621,,100.0,1.0,100.0,-0.4225907642590905
55.95591182364729,65.21621621621621,,100.0,1.0,100.0,-0.4233204790003876
56.15430861723447,65.21621621621621,,100.0,1.0,100.0,-0.4240518340684237
56.35270541082165,65.21621621621621,,100.0,1.0,100.0,-0.4247848902299627
56.551102204408814,65.21621621621621,,100.0,1.0,100.0,-0.4255197090368366
56.74949899799599,65.21621621621621,,100.0,1.0,100.0,-0.4262563527945306
56.94789579158316,65.21621621621621,,100.0,1.0,100.0,-0.4269948845313441
57.146292585170336,65.21621621621621,,100.0,1.0,100.0,-0.427735367968305
57.3446893787575,65.21621621621621,,100.0,1.0,100.0,-0.4284778674896105
57.543086172344694,65.21621621621621,,100.0,1.0,100.0,-0.4292224481137724
57.74148296593185,65.21621621621621,,100.0,1.0,100.0,-0.4299691754655977
57.93987975951904,65.21621621621621,,100.0,1.0,100.0,-0.4307181157485752
58.13827655310623,65.21621621621621,,100.0,1.0,100.0,-0.4314693357181928
58.336673346693395,65.21621621621621,,100.0,1.0,100.0,-0.4322229026558629
58.535070140280574,65.21621621621621,,100.0,1.0,100.0,-0.4329788843435569
58.73346693386774,65.21621621621621,,100.0,1.0,100.0,-0.433737349039162
58.9318637274549,65.21621621621621,,100.0,1.0,100.0,-0.4344983654525592
59.13026052104208,65.21621621621621,,100.0,1.0,100.0,-0.4352620027223813
59.32865731462926,65.21621621621621,,100.0,1.0,100.0,-0.4360283303935527
59.52705410821644,65.21621621621621,,100.0,1.0,100.0,-0.4367974183954681
59.72545090180361,65.21621621621621,,100.0,1.0,100.0,-0.4375693370209338
59.92384769539078,65.21621621621621,,100.0,1.0,100.0,-0.4383441569058149
60.12224448897794,65.21621621621621,,100.0,1.0,100.0,-0.4391219490093322
60.32064128256512,65.21621621621621,,100.0,1.0,100.0,-0.4399027845951472
60.51903807615231,65.21621621621621,,100.0,1.0,100.0,-0.4406867352130644
60.717434869739485,65.21621621621621,,100.0,1.0,100.0,-0.441473872681476
60.915831663326664,65.21621621621621,,100.0,1.0,100.0,-0.4422642690704658
61.114228456913835,65.21621621621621,,100.0,1.0,100.0,-0.4430579966855542
61.312625250501,65.21621621621621,,100.0,1.0,100.0,-0.4438551280521721
61.51102204408818,65.21621621621621,,100.0,1.0,100.0,-0.4446557359007205
61.709418837675344,65.21621621621621,,100.0,1.0,100.0,-0.4454598931523568
61.90781563126252,65.21621621621621,,100.0,1.0,100.0,-0.4462676729053388
62.1062124248497,65.21621621621621,,100.0,1.0,100.0,-0.447079148422012
62.30460921843688,65.21621621621621,,100.0,1.0,100.0,-0.4478943931164478
62.50300601202406,65.21621621621621,,100.0,1.0,100.0,-0.448713480542642
62.701402805611224,65.21621621621621,,100.0,1.0,100.0,-0.4495364843833243
62.89979959919839,65.21621621621621,,100.0,1.0,100.0,-0.4503634784393516
63.09819639278557,65.21621621621621,,100.0,1.0,100.0,-0.4511945366196606
63.296593186372746,65.21621621621621,,100.0,1.0,100.0,-0.4520297329317397
63.494989979959925,65.21621621621621,,100.0,1.0,100.0,-0.4528691414727517
63.69338677354709,65.21621621621621,,100.0,1.0,100.0,-0.4537128364210113
63.89178356713427,65.21621621621621,,100.0,1.0,100.0,-0.4545608920281966
64.09018036072143,65.21621621621621,,100.0,1.0,100.0,-0.4554133826118931
64.28857715430863,65.21621621621621,,100.0,1.0,100.0,-0.4562703825487063
64.48697394789579,65.21621621621621,,100.0,1.0,100.0,-0.4571319662678764
64.68537074148296,65.21621621621621,,100.0,1.0,100.0,-0.4579982082453068
64.88376753507015,65.21621621621621,,100.0,1.0,100.0,-0.4588691829981325
65.08216432865731,65.21621621621621,,100.0,1.0,100.0,-0.4597449650796447
65.28056112224449,65.21621621621621,,100.0,1.0,100.0,-0.4606256290747392
65.47895791583166,65.21621621621621,,100.0,1.0,100.0,-0.4615112495957492
65.67735470941884,65.21621621621621,,100.0,1.0,100.0,-0.4624019012787032
65.87575150300601,65.21621621621621,,100.0,1.0,100.0,-0.4632976587800339
66.0741482965932,65.21621621621621,,100.0,1.0,100.0,-0.4641985967735722
66.27254509018036,65.21621621621621,,100.0,1.0,100.0,-0.4651047899481423
66.47094188376754,65.21621621621621,,100.0,1.0,100.0,-0.4660163130052516
66.66933867735472,65.21621621621621,,100.0,1.0,100.0,-0.4669332406574067
66.8677354709419,65.21621621621621,,100.0,1.0,100.0,-0.4678556476267231
67.06613226452906,65.21621621621621,,100.0,1.0,100.0,-0.468783608643772
67.26452905811624,65.21621621621621,,100.0,1.0,100.0,-0.4697171984469497
67.4629258517034,65.21621621621621,,100.0,1.0,100.0,-0.4706564917821416
67.6613226452906,65.21621621621621,,100.0,1.0,100.0,-0.4716015634025692
67.85971943887776,65.21621621621621,,100.0,1.0,100.0,-0.4725524880692695
68.05811623246494,65.21621621621621,,100.0,1.0,100.0,-0.4735093405515913
68.2565130260521,65.21621621621621,,100.0,1.0,100.0,-0.4744721956282647
68.45490981963928,65.21621621621621,,100.0,1.0,100.0,-0.4754411280885273
68.65330661322645,65.21621621621621,,100.0,1.0,100.0,-0.4764162127338985
68.85170340681363,65.21621621621621,,100.0,1.0,100.0,-0.477397524379886
69.05010020040079,65.21621621621621,,100.0,1.0,100.0,-0.4783851378583098
69.24849699398798,65.21621621621621,,100.0,1.0,100.0,-0.479379128019747
69.44689378757515,65.21621621621621,,100.0,1.0,100.0,-0.4803795697362859
69.64529058116234,65.21621621621621,,100.0,1.0,100.0,-0.4813865379046972
69.84368737474949,65.21621621621621,,100.0,1.0,100.0,-0.4824001074497396
70.04208416833667,65.21621621621621,,100.0,1.0,100.0,-0.4834203533278339
70.24048096192385,65.21621621621621,,100.0,1.0,100.0,-0.4844473505310487
70.43887775551103,65.21621621621621,,100.0,1.0,100.0,-0.485481174091337
70.6372745490982,65.21621621621621,,100.0,1.0,100.0,-0.4865218990849778
70.83567134268537,65.21621621621621,,100.0,1.0,100.0,-0.4875696006374832
71.03406813627254,65.21621621621621,,100.0,1.0,100.0,-0.4886243539286561
71.23246492985973,65.21621621621621,,100.0,1.0,100.0,-0.4896862341978575
71.4308617234469,65.21621621621621,,100.0,1.0,100.0,-0.4907553167498044
71.62925851703406,65.21621621621621,,100.0,1.0,100.0,-0.4918316769603892
71.82765531062124,65.21621621621621,,100.0,1.0,100.0,-0.4929153902829015
72.0260521042084,65.21621621621621,,100.0,1.0,100.0,-0.4940065322544853
72.2244488977956,65.21621621621621,,100.0,1.0,100.0,-0.4951051785029766
72.42284569138276,65.21621621621621,,100.0,1.0,100.0,-0.4962114047537929
72.62124248496994,65.21621621621621,,100.0,1.0,100.0,-0.497325286837417
72.8196392785571,65.21621621621621,,100.0,1.0,100.0,-0.498446900696821
73.01803607214428,65.21621621621621,,100.0,1.0,100.0,-0.499576322395443
73.21643286573146,65.21621621621621,,100.0,1.0,100.0,-0.5007136281252627
73.41482965931863,65.21621621621621,,100.0,1.0,100.0,-0.501858894215242
73.6132264529058,65.21621621621621,,100.0,1.0,100.0,-0.5030121971400124
73.81162324649299,65.21621621621621,,100.0,1.0,100.0,-0.5041736135288746
74.01002004008016,65.21621621621621,,100.0,1.0,100.0,-0.5053432201749993
74.20841683366733,65.21621621621621,,100.0,1.0,100.0,-0.5065210940450018
74.40681362725451,65.21621621621621,,100.0,1.0,100.0,-0.507707312288718
74.60521042084169,65.21621621621621,,100.0,1.0,100.0,-0.5089019522492805
74.80360721442887,65.21621621621621,,100.0,1.0,100.0,-0.5101050914735065
75.00200400801603,65.21621621621621,,100.0,1.0,100.0,-0.5113168077224806
75.20040080160321,65.21621621621621,,100.0,1.0,100.0,-0.5125371789825788
75.39879759519039,65.21621621621621,,100.0,1.0,100.0,-0.5137662834765093
75.59719438877755,65.21621621621621,,100.0,1.0,100.0,-0.5150041996749365
75.79559118236472,65.21621621621621,,100.0,1.0,100.0,-0.5162510063080767
75.99398797595191,65.21621621621621,,100.0,1.0,100.0,-0.5175067823778371
76.19238476953907,65.21621621621621,,100.0,1.0,100.0,-0.51877160717008
76.39078156312625,65.21621621621621,,100.0,1.0,100.0,-0.5200455602671837
76.58917835671345,65.21621621621621,,100.0,1.0,100.0,-0.5213287215608976
76.7875751503006,65.21621621621621,,100.0,1.0,100.0,-0.5226211712654886
76.98597194388778,65.21621621621621,,100.0,1.0,100.0,-0.5239229899310887
77.18436873747495,65.21621621621621,,100.0,1.0,100.0,-0.5252342584574772
77.38276553106212,65.21621621621621,,100.0,1.0,100.0,-0.5265550581079195
77.5811623246493,65.21621621621621,,100.0,1.0,100.0,-0.527885470523402
77.77955911823646,65.21621621621621,,100.0,1.0,100.0,-0.5292255777372157
77.97795591182366,65.21621621621621,,100.0,1.0,100.0,-0.5305754621896327
78.1763527054108,65.21621621621621,,100.0,1.0,100.0,-0.5319352067429702
78.374749498998,65.21621621621621,,100.0,1.0,100.0,-0.5333048946968671
78.5731462925852,65.21621621621621,,100.0,1.0,100.0,-0.5346846098039217
78.77154308617234,65.21621621621621,,100.0,1.0,100.0,-0.5360744362854879
78.96993987975952,65.21621621621621,,100.0,1.0,100.0,-0.5374744588477612
79.1683366733467,65.21621621621621,,100.0,1.0,100.0,-0.5388847626981714
79.36673346693387,65.21621621621621,,100.0,1.0,100.0,-0.5403054335620963
79.56513026052104,65.21621621621621,,100.0,1.0,100.0,-0.5417365576995906
79.76352705410822,65.21621621621621,,100.0,1.0,100.0,-0.5431782219226918
79.9619238476954,65.21621621621621,,100.0,1.0,100.0,-0.5446305136128398
80.16032064128257,65.21621621621621,,100.0,1.0,100.0,-0.5460935207384484
80.35871743486975,65.21621621621621,,100.0,1.0,100.0,-0.5475673318729944
80.55711422845691,65.21621621621621,,100.0,1.0,100.0,-0.5490520362130538
80.75551102204409,65.21621621621621,,100.0,1.0,100.0,-0.5505477235969914
80.95390781563127,65.21621621621621,,100.0,1.0,100.0,-0.5520544845233819
81.15230460921843,65.21621621621621,,100.0,1.0,100.0,-0.5535724101702435
81.35070140280563,65.21621621621621,,100.0,1.0,100.0,-0.5551015924140907
81.54909819639279,65.21621621621621,,100.0,1.0,100.0,-0.5566421238494813
81.74749498997996,65.21621621621621,,100.0,1.0,100.0,-0.5581940978087685
81.94589178356713,65.21621621621621,,100.0,1.0,100.0,-0.5597576083819996
82.14428857715431,65.21621621621621,,100.0,1.0,100.0,-0.5613327504371793
82.34268537074149,65.21621621621621,,100.0,1.0,100.0,-0.5629196196408227
82.54108216432866,65.21621621621621,,100.0,1.0,100.0,-0.5645183124785087
82.73947895791585,65.21621621621621,,100.0,1.0,100.0,-0.5661289262760703
82.937875751503,65.21621621621621,,100.0,1.0,100.0,-0.5677515592205992
83.13627254509018,65.21621621621621,,100.0,1.0,100.0,-0.5693863103821174
83.33466933867736,65.21621621621621,,100.0,1.0,100.0,-0.5710332797350801
83.53306613226454,65.21621621621621,,100.0,1.0,100.0,-0.5726925681805524
83.7314629258517,65.21621621621621,,100.0,1.0,100.0,-0.5743642775681704
83.92985971943888,65.21621621621621,,100.0,1.0,100.0,-0.57604851071884
84.12825651302606,65.21621621621621,,100.0,1.0,100.0,-0.5777453714472334
84.32665330661322,65.21621621621621,,100.0,1.0,100.0,-0.5794549645847772
84.5250501002004,65.21621621621621,,100.0,1.0,100.0,-0.5811773960029245
84.72344689378757,65.21621621621621,,100.0,1.0,100.0,-0.5829127726363812
84.92184368737476,65.21621621621621,,100.0,1.0,100.0,-0.5846612025069363
85.12024048096194,65.21621621621621,,100.0,1.0,100.0,-0.5864227947473281
85.3186372745491,65.21621621621621,,100.0,1.0,100.0,-0.5881976596253246
85.51703406813628,65.21621621621621,,100.0,1.0,100.0,-0.5899859085682022
85.71543086172345,65.21621621621621,,100.0,1.0,100.0,-0.5917876541873273
85.91382765531063,65.21621621621621,,100.0,1.0,100.0,-0.5936030103030294
86.1122244488978,65.21621621621621,,100.0,1.0,100.0,-0.5954320919697905
86.31062124248497,65.21621621621621,,100.0,1.0,100.0,-0.5972750155015389
86.50901803607215,65.21621621621621,,100.0,1.0,100.0,-0.599131898497271
86.70741482965931,65.21621621621621,,100.0,1.0,100.0,-0.6010028598669706
86.90581162324649,65.21621621621621,,100.0,1.0,100.0,-0.6028880198576764
87.10420841683366,65.21621621621621,,100.0,1.0,100.0,-0.6047875000797517
87.30260521042084,65.21621621621621,,100.0,1.0,100.0,-0.6067014235336944
87.50100200400803,65.21621621621621,,100.0,1.0,100.0,-0.6086299146367306
87.6993987975952,65.21621621621621,,100.0,1.0,100.0,-0.6105730992501059
87.89779559118237,65.21621621621621,,100.0,1.0,100.0,-0.6125311047063757
88.09619238476955,65.21621621621621,,100.0,1.0,100.0,-0.6145040598369814
88.29458917835672,65.21621621621621,,100.0,1.0,100.0,-0.616492095000169
88.4929859719439,65.21621621621621,,100.0,1.0,100.0,-0.6184953421090155
88.69138276553106,65.21621621621621,,100.0,1.0,100.0,-0.620513934659904
88.88977955911824,65.21621621621621,,100.0,1.0,100.0,-0.6225480077610632
89.0881763527054,65.21621621621621,,100.0,1.0,100.0,-0.624597698161507
89.28657314629258,65.21621621621621,,100.0,1.0,100.0,-0.6266631442801702
89.48496993987975,65.21621621621621,,100.0,1.0,100.0,-0.6287444862352859
89.68336673346693,65.21621621621621,,100.0,1.0,100.0,-0.6308418658742022
89.88176352705409,65.21621621621621,,100.0,1.0,100.0,-0.6329554268030984
90.08016032064127,65.21621621621621,,100.0,1.0,100.0,-0.635085314417406
90.27855711422846,65.21621621621621,,100.0,1.0,100.0,-0.6372316759322199
90.47695390781564,65.21621621621621,,100.0,1.0,100.0,-0.6393946604130375
90.6753507014028,65.21621621621621,,100.0,1.0,100.0,-0.641574418806798
90.87374749498998,65.21621621621621,,100.0,1.0,100.0,-0.6437711039732462
91.07214428857715,65.21621621621621,,100.0,1.0,100.0,-0.6459848707165127
91.27054108216433,65.21621621621621,,100.0,1.0,100.0,-0.6482158758169471
91.46893787575152,65.21621621621621,,100.0,1.0,100.0,-0.6504642780633145
91.66733466933867,65.21621621621621,,100.0,1.0,100.0,-0.6527302382852939
91.86573146292585,65.21621621621621,,100.0,1.0,100.0,-0.6550139193861397
92.06412825651303,65.21621621621621,,100.0,1.0,100.0,-0.6573154863757679
92.26252505010021,65.21621621621621,,100.0,1.0,100.0,-0.659635106404117
92.46092184368737,65.21621621621621,,100.0,1.0,100.0,-0.6619729487947569
92.65931863727455,65.21621621621621,,100.0,1.0,100.0,-0.6643291850787514
92.85771543086172,65.21621621621621,,100.0,1.0,100.0,-0.666703989029124
93.05611222444891,65.21621621621621,,100.0,1.0,100.0,-0.6690975366951422
93.25450901803607,65.21621621621621,,100.0,1.0,100.0,-0.6715100064374283
93.45290581162325,65.21621621621621,,100.0,1.0,100.0,-0.6739415789629489
93.65130260521043,65.21621621621621,,100.0,1.0,100.0,-0.6763924373606626
93.84969939879761,65.21621621621621,,100.0,1.0,100.0,-0.6788627671373062
94.04809619238478,65.21621621621621,,100.0,1.0,100.0,-0.6813527562535259
94.24649298597195,65.21621621621621,,100.0,1.0,100.0,-0.6838625951603617
94.44488977955912,65.21621621621621,,100.0,1.0,100.0,-0.6863924768361428
94.6432865731463,65.21621621621621,,100.0,1.0,100.0,-0.6889425968235929
94.84168336673346,65.21621621621621,,100.0,1.0,100.0,-0.6915131532673269
95.04008016032064,65.21621621621621,,100.0,1.0,100.0,-0.694104346951688
95.2384769539078,65.21621621621621,,100.0,1.0,100.0,-0.6967163813390287
95.43687374749499,65.21621621621621,,100.0,1.0,100.0,-0.6993494626082309
95.63527054108215,65.21621621621621,,100.0,1.0,100.0,-0.7020037996935458
95.83366733466936,65.21621621621621,,100.0,1.0,100.0,-0.7046796043239628
96.03206412825652,65.21621621621621,,100.0,1.0,100.0,-0.707377091062846
96.2304609218437,65.21621621621621,,100.0,1.0,100.0,-0.7100964773479311
96.42885771543087,65.21621621621621,,100.0,1.0,100.0,-0.7128379835317149
96.62725450901804,65.21621621621621,,100.0,1.0,100.0,-0.7156018329222706
96.82565130260521,65.21621621621621,,100.0,1.0,100.0,-0.7183882518243768
97.02404809619239,65.21621621621621,,100.0,1.0,100.0,-0.7211974695810722
97.22244488977958,65.21621621621621,,100.0,1.0,100.0,-0.7240297186156842
97.42084168336673,65.21621621621621,,100.0,1.0,100.0,-0.7268852344741003
97.6192384769539,65.21621621621621,,100.0,1.0,100.0,-0.7297642558674987
97.81763527054107,65.21621621621621,,100.0,1.0,100.0,-0.7326670247156418
98.01603206412825,65.21621621621621,,100.0,1.0,100.0,-0.7355937861904007
98.21442885771542,65.21621621621621,,100.0,1.0,100.0,-0.7385447887597727
98.4128256513026,65.21621621621621,,100.0,1.0,100.0,-0.7415202842322635
98.61122244488979,65.21621621621621,,100.0,1.0,100.0,-0.7445205278018565
98.80961923847698,65.21621621621621,,100.0,1.0,100.0,-0.7475457780933258
99.00801603206413,65.21621621621621,,100.0,1.0,100.0,-0.750596297207909
99.2064128256513,65.21621621621621,,100.0,1.0,100.0,-0.7536723507695373
99.40480961923848,65.21621621621621,,100.0,1.0,100.0,-0.7567742079715927
99.60320641282564,65.21621621621621,,100.0,1.0,100.0,-0.7599021416239348
99.80160320641282,65.21621621621621,,100.0,1.0,100.0,-0.763056428200481
100.0,65.21621621621621,,100.0,1.0,100.0,-0.7662373478874036
1.0,67.89189189189189,,100.0,1.0,100.0,-0.515065904428862
1.1983967935871744,67.89189189189189,,100.0,1.0,100.0,-0.5122027179017267
1.3967935871743486,67.89189189189189,,100.0,1.0,100.0,-0.5093668254976808
1.595190380761523,67.89189189189189,,100.0,1.0,100.0,-0.506558283287719
1.7935871743486973,67.89189189189189,,100.0,1.0,100.0,-0.503777144845392
1.9919839679358717,67.89189189189189,,100.0,1.0,100.0,-0.5010234612151551
2.190380761523046,67.89189189189189,,100.0,1.0,100.0,-0.4982972808822157
2.38877755511022,67.89189189189189,,100.0,1.0,100.0,-0.4955986497437483
2.5871743486973946,67.89189189189189,,100.0,1.0,100.0,-0.4929276110815512
2.785571142284569,67.89189189189189,,100.0,1.0,100.0,-0.4902842055360252
2.9839679358717435,67.89189189189189,,100.0,1.0,100.0,-0.4876684710815169
3.182364729458918,67.89189189189189,,100.0,1.0,100.0,-0.4850804430029423
3.380761523046093,67.89189189189189,,100.0,1.0,100.0,-0.4825201538737398
3.579158316633267,67.89189189189189,,100.0,1.0,100.0,-0.4799876335349933
3.7775551102204403,67.89189189189189,,100.0,1.0,100.0,-0.4774829090758922
3.9759519038076157,67.89189189189189,,100.0,1.0,100.0,-0.4750060048152569
4.174348697394789,67.89189189189189,,100.0,1.0,100.0,-0.4725569422843768
4.372745490981964,67.89189189189189,,100.0,1.0,100.0,-0.4701357402109057
4.571142284569138,67.89189189189189,,100.0,1.0,100.0,-0.4677424145039648
4.7695390781563125,67.89189189189189,,100.0,1.0,100.0,-0.4653769782402585
4.967935871743487,67.89189189189189,,100.0,1.0,100.0,-0.4630394416513672
5.166332665330662,67.89189189189189,,100.0,1.0,100.0,-0.460729812112078
5.364729458917837,67.89189189189189,,100.0,1.0,100.0,-0.4584480941297166
5.563126252505009,67.89189189189189,,100.0,1.0,100.0,-0.4561942893345825
5.761523046092185,67.89189189189189,,100.0,1.0,100.0,-0.4539683964713111
5.959919839679359,67.89189189189189,,100.0,1.0,100.0,-0.4517704113912966
6.158316633266534,67.89189189189189,,100.0,1.0,100.0,-0.4496003270460177
6.356713426853707,67.89189189189189,,100.0,1.0,100.0,-0.4474581334813932
6.555110220440882,67.89189189189189,,100.0,1.0,100.0,-0.4453438178329921
6.753507014028057,67.89189189189189,,100.0,1.0,100.0,-0.4432573643222243
6.951903807615231,67.89189189189189,,100.0,1.0,100.0,-0.4411987542534128
7.150300601202405,67.89189189189189,,100.0,1.0,100.0,-0.4391679660117887
7.348697394789579,67.89189189189189,,100.0,1.0,100.0,-0.43716497506228
7.547094188376754,67.89189189189189,,100.0,1.0,100.0,-0.4351897539492916
7.745490981963927,67.89189189189189,,100.0,1.0,100.0,-0.4332422722972104
7.9438877755511,67.89189189189189,,100.0,1.0,100.0,-0.431322496811837
8.142284569138276,67.89189189189189,,100.0,1.0,100.0,-0.429430391282615
8.340681362725451,67.89189189189189,,100.0,1.0,100.0,-0.4275659165856534
8.539078156312625,67.89189189189189,,100.0,1.0,100.0,-0.4257290306875889
8.737474949899799,67.89189189189189,,100.0,1.0,100.0,-0.4239196886502269
8.935871743486974,67.89189189189189,,100.0,1.0,100.0,-0.422137842635982
9.13426853707415,67.89189189189189,,100.0,1.0,100.0,-0.4203834419140303
9.332665330661325,67.89189189189189,,100.0,1.0,100.0,-0.4186564328673653
9.531062124248498,67.89189189189189,,100.0,1.0,100.0,-0.4169567590004422
9.729458917835672,67.89189189189189,,100.0,1.0,100.0,-0.4152843609476964
9.927855711422845,67.89189189189189,,100.0,1.0,100.0,-0.4136391764827531
10.126252505010019,67.89189189189189,,100.0,1.0,100.0,-0.4120211405283958
10.324649298597194,67.89189189189189,,100.0,1.0,100.0,-0.4104301851672169
10.52304609218437,67.89189189189189,,100.0,1.0,100.0,-0.4088662396530591
10.721442885771543,67.89189189189189,,100.0,1.0,100.0,-0.4073292304231253
10.919839679358718,67.89189189189189,,100.0,1.0,100.0,-0.405819081110787
11.118236472945892,67.89189189189189,,100.0,1.0,100.0,-0.4043357125591109
11.316633266533067,67.89189189189189,,100.0,1.0,100.0,-0.4028790428351462
11.515030060120242,67.89189189189189,,100.0,1.0,100.0,-0.4014489872447778
11.713426853707414,67.89189189189189,,100.0,1.0,100.0,-0.400045458348392
11.91182364729459,67.89189189189189,,100.0,1.0,100.0,-0.3986683659771294
12.110220440881761,67.89189189189189,,100.0,1.0,100.0,-0.3973176172498939
12.308617234468937,67.89189189189189,,100.0,1.0,100.0,-0.3959931165909732
12.507014028056114,67.89189189189189,,100.0,1.0,100.0,-0.3946947657483655
12.705410821643287,67.89189189189189,,100.0,1.0,100.0,-0.3934224638127816
12.903807615230463,67.89189189189189,,100.0,1.0,100.0,-0.3921761072372536
13.102204408817634,67.89189189189189,,100.0,1.0,100.0,-0.3909555898574717
13.30060120240481,67.89189189189189,,100.0,1.0,100.0,-0.3897608029127428
13.498997995991983,67.89189189189189,,100.0,1.0,100.0,-0.3885916350675708
13.697394789579159,67.89189189189189,,100.0,1.0,100.0,-0.3874479724339457
13.895791583166334,67.89189189189189,,100.0,1.0,100.0,-0.3863296985942112
14.094188376753507,67.89189189189189,,100.0,1.0,100.0,-0.3852366946246356
14.292585170340683,67.89189189189189,,100.0,1.0,100.0,-0.3841688391195605
14.490981963927855,67.89189189189189,,100.0,1.0,100.0,-0.3831260082162153
14.689378757515032,67.89189189189189,,100.0,1.0,100.0,-0.3821080756201591
14.887775551102203,67.89189189189189,,100.0,1.0,100.0,-0.3811149126313101
15.086172344689379,67.89189189189189,,100.0,1.0,100.0,-0.3801463881706582
15.284569138276554,67.89189189189189,,100.0,1.0,100.0,-0.3792023688075273
15.482965931863726,67.89189189189189,,100.0,1.0,100.0,-0.3782827187874826
15.681362725450903,67.89189189189189,,100.0,1.0,100.0,-0.3773873000608477
15.879759519038075,67.89189189189189,,100.0,1.0,100.0,-0.376515972311826
16.07815631262525,67.89189189189189,,100.0,1.0,100.0,-0.3756685929881705
16.276553106212425,67.89189189189189,,100.0,1.0,100.0,-0.3748450173315321
16.474949899799597,67.89189189189189,,100.0,1.0,100.0,-0.3740450984083006
16.673346693386772,67.89189189189189,,100.0,1.0,100.0,-0.3732686871411075
16.871743486973948,67.89189189189189,,100.0,1.0,100.0,-0.3725156323408493
17.070140280561123,67.89189189189189,,100.0,1.0,100.0,-0.3717857807392975
17.2685370741483,67.89189189189189,,100.0,1.0,100.0,-0.3710789770222983
17.466933867735474,67.89189189189189,,100.0,1.0,100.0,-0.3703950638634692
17.66533066132265,67.89189189189189,,100.0,1.0,100.0,-0.3697338819585464
17.86372745490982,67.89189189189189,,100.0,1.0,100.0,-0.3690952700601266
18.062124248496996,67.89189189189189,,100.0,1.0,100.0,-0.3684790650130821
18.260521042084168,67.89189189189189,,100.0,1.0,100.0,-0.3678851017904728
18.458917835671343,67.89189189189189,,100.0,1.0,100.0,-0.3673132135299023
18.657314629258515,67.89189189189189,,100.0,1.0,100.0,-0.3667632315704909
18.85571142284569,67.89189189189189,,100.0,1.0,100.0,-0.3662349854902875
19.054108216432866,67.89189189189189,,100.0,1.0,100.0,-0.365728303144182
19.252505010020037,67.89189189189189,,100.0,1.0,100.0,-0.365243010702369
19.450901803607216,67.89189189189189,,100.0,1.0,100.0,-0.3647789326891774
19.649298597194388,67.89189189189189,,100.0,1.0,100.0,-0.3643358920224517
19.847695390781563,67.89189189189189,,100.0,1.0,100.0,-0.3639137100533982
20.04609218436874,67.89189189189189,,100.0,1.0,100.0,-0.3635122066068154
20.244488977955914,67.89189189189189,,100.0,1.0,100.0,-0.3631312000217983
20.442885771543086,67.89189189189189,,100.0,1.0,100.0,-0.3627705071928974
20.64128256513026,67.89189189189189,,100.0,1.0,100.0,-0.3624299436116462
20.839679358717436,67.89189189189189,,100.0,1.0,100.0,-0.3621093234084958
21.03807615230461,67.89189189189189,,100.0,1.0,100.0,-0.3618084593951881
21.236472945891784,67.89189189189189,,100.0,1.0,100.0,-0.3615271631074814
21.43486973947896,67.89189189189189,,100.0,1.0,100.0,-0.3612652448482283
21.633266533066134,67.89189189189189,,100.0,1.0,100.0,-0.3610225137308428
21.831663326653306,67.89189189189189,,100.0,1.0,100.0,-0.3607987777230929
22.030060120240485,67.89189189189189,,100.0,1.0,100.0,-0.3605938436912373
22.228456913827657,67.89189189189189,,100.0,1.0,100.0,-0.3604075174444867
22.42685370741483,67.89189189189189,,100.0,1.0,100.0,-0.3602396037797571
22.625250501002007,67.89189189189189,,100.0,1.0,100.0,-0.3600899065267237
22.82364729458918,67.89189189189189,,100.0,1.0,100.0,-0.3599582285931354
23.02204408817635,67.89189189189189,,100.0,1.0,100.0,-0.359844372010443
23.220440881763523,67.89189189189189,,100.0,1.0,100.0,-0.3597481379796672
23.4188376753507,67.89189189189189,,100.0,1.0,100.0,-0.3596693269174504
23.617234468937873,67.89189189189189,,100.0,1.0,100.0,-0.3596077385024087
23.815631262525052,67.89189189189189,,100.0,1.0,100.0,-0.3595631717216636
24.014028056112227,67.89189189189189,,100.0,1.0,100.0,-0.3595354249175714
24.212424849699403,67.89189189189189,,100.0,1.0,100.0,-0.3595242958346338
24.410821643286575,67.89189189189189,,100.0,1.0,100.0,-0.3595295816666095
24.609218436873746,67.89189189189189,,100.0,1.0,100.0,-0.3595510791037223
24.807615230460925,67.89189189189189,,100.0,1.0,100.0,-0.3595885843800766
25.006012024048097,67.89189189189189,,100.0,1.0,100.0,-0.3596418933211748
25.20440881763527,67.89189189189189,,100.0,1.0,100.0,-0.3597108013915348
25.402805611222448,67.89189189189189,,100.0,1.0,100.0,-0.3597951037424067
25.60120240480962,67.89189189189189,,100.0,1.0,100.0,-0.3598945952596242
25.79959919839679,67.89189189189189,,100.0,1.0,100.0,-0.3600090706114789
25.997995991983966,67.89189189189189,,100.0,1.0,100.0,-0.3601383242966476
26.196392785571145,67.89189189189189,,100.0,1.0,100.0,-0.3602821506922252
26.394789579158317,67.89189189189189,,100.0,1.0,100.0,-0.3604403441016827
26.59318637274549,67.89189189189189,,100.0,1.0,100.0,-0.3606126988029975
26.791583166332664,67.89189189189189,,100.0,1.0,100.0,-0.3607990090966267
26.98997995991984,67.89189189189189,,100.0,1.0,100.0,-0.3609990693535247
27.188376753507008,67.89189189189189,,100.0,1.0,100.0,-0.3612126740632433
27.386773547094187,67.89189189189189,,100.0,1.0,100.0,-0.36143961788183
27.585170340681366,67.89189189189189,,100.0,1.0,100.0,-0.3616796956797541
27.783567134268534,67.89189189189189,,100.0,1.0,100.0,-0.3619327025897804
27.98196392785571,67.89189189189189,,100.0,1.0,100.0,-0.3621984340547737
28.180360721442888,67.89189189189189,,100.0,1.0,100.0,-0.3624766858753442
28.378757515030063,67.89189189189189,,100.0,1.0,100.0,-0.362767254257482
28.577154308617235,67.89189189189189,,100.0,1.0,100.0,-0.3630699358600087
28.7755511022044,67.89189189189189,,100.0,1.0,100.0,-0.3633845278419269
28.97394789579158,67.89189189189189,,100.0,1.0,100.0,-0.3637108279096401
29.172344689378757,67.89189189189189,,100.0,1.0,100.0,-0.3640486343639941
29.370741482965926,67.89189189189189,,100.0,1.0,100.0,-0.3643977461471807
29.5691382765531,67.89189189189189,,100.0,1.0,100.0,-0.3647579628894499
29.76753507014028,67.89189189189189,,100.0,1.0,100.0,-0.3651290849556261
29.965931863727448,67.89189189189189,,100.0,1.0,100.0,-0.3655109134914184
30.164328657314627,67.89189189189189,,100.0,1.0,100.0,-0.3659032504695844
30.36272545090181,67.89189189189189,,100.0,1.0,100.0,-0.3663058987357103
30.56112224448897,67.89189189189189,,100.0,1.0,100.0,-0.3667186620539699
30.759519038076157,67.89189189189189,,100.0,1.0,100.0,-0.3671413451524352
30.957915831663332,67.89189189189189,,100.0,1.0,100.0,-0.3675737537682388
31.1563126252505,67.89189189189189,,100.0,1.0,100.0,-0.3680156946924143
31.35470941883768,67.89189189189189,,100.0,1.0,100.0,-0.3684669758145088
31.553106212424858,67.89189189189189,,100.0,1.0,100.0,-0.3689274061667713
31.751503006012022,67.89189189189189,,100.0,1.0,100.0,-0.3693967959681754
31.949899799599194,67.89189189189189,,100.0,1.0,100.0,-0.3698749566680522
32.14829659318637,67.89189189189189,,100.0,1.0,100.0,-0.3703617009893344
32.346693386773545,67.89189189189189,,100.0,1.0,100.0,-0.3708568429715496
32.545090180360724,67.89189189189189,,100.0,1.0,100.0,-0.371360198013385
32.743486973947896,67.89189189189189,,100.0,1.0,100.0,-0.3718715829149024
32.941883767535074,67.89189189189189,,100.0,1.0,100.0,-0.3723908159193424
33.140280561122246,67.89189189189189,,100.0,1.0,100.0,-0.3729177167545691
33.33867735470942,67.89189189189189,,100.0,1.0,100.0,-0.3734521066740408
33.5370741482966,67.89189189189189,,100.0,1.0,100.0,-0.3739938084974065
33.73547094188377,67.89189189189189,,100.0,1.0,100.0,-0.3745426466506224
33.93386773547095,67.89189189189189,,100.0,1.0,100.0,-0.3750984472056218
34.13226452905812,67.89189189189189,,100.0,1.0,100.0,-0.3756610379195176
34.3306613226453,67.89189189189189,,100.0,1.0,100.0,-0.3762302482733316
34.52905811623247,67.89189189189189,,100.0,1.0,100.0,-0.3768059095101527
34.72745490981965,67.89189189189189,,100.0,1.0,100.0,-0.3773878546728626
34.92585170340681,67.89189189189189,,100.0,1.0,100.0,-0.3779759186413415
35.12424849699399,67.89189189189189,,100.0,1.0,100.0,-0.3785699381689543
35.32264529058117,67.89189189189189,,100.0,1.0,100.0,-0.3791697519187342
35.521042084168336,67.89189189189189,,100.0,1.0,100.0,-0.3797752004987327
35.719438877755515,67.89189189189189,,100.0,1.0,100.0,-0.3803861264969398
35.91783567134269,67.89189189189189,,100.0,1.0,100.0,-0.3810023745155356
36.11623246492986,67.89189189189189,,100.0,1.0,100.0,-0.3816237912044808
36.31462925851703,67.89189189189189,,100.0,1.0,100.0,-0.3822502252944808
36.51302605210421,67.89189189189189,,100.0,1.0,100.0,-0.3828815276293178
36.71142284569138,67.89189189189189,,100.0,1.0,100.0,-0.3835175511974228
36.90981963927855,67.89189189189189,,100.0,1.0,100.0,-0.3841581511627834
37.10821643286573,67.89189189189189,,100.0,1.0,100.0,-0.3848031848951508
37.3066132264529,67.89189189189189,,100.0,1.0,100.0,-0.3854525119994715
37.505010020040075,67.89189189189189,,100.0,1.0,100.0,-0.3861059943445385
37.703406813627254,67.89189189189189,,100.0,1.0,100.0,-0.3867634960909327
37.90180360721443,67.89189189189189,,100.0,1.0,100.0,-0.3874248837181008
38.100200400801604,67.89189189189189,,100.0,1.0,100.0,-0.3880900260506582
38.298597194388776,67.89189189189189,,100.0,1.0,100.0,-0.3887587942837993
38.496993987975955,67.89189189189189,,100.0,1.0,100.0,-0.3894310620079284
38.69539078156313,67.89189189189189,,100.0,1.0,100.0,-0.3901067052323659
38.8937875751503,67.89189189189189,,100.0,1.0,100.0,-0.390785602408138
39.09218436873748,67.89189189189189,,100.0,1.0,100.0,-0.3914676344499275
39.29058116232465,67.89189189189189,,100.0,1.0,100.0,-0.3921526847570344
39.48897795591183,67.89189189189189,,100.0,1.0,100.0,-0.3928406392333921
39.687374749499,67.89189189189189,,100.0,1.0,100.0,-0.3935313863066294
39.88577154308617,67.89189189189189,,100.0,1.0,100.0,-0.3942248169461444
40.08416833667335,67.89189189189189,,100.0,1.0,100.0,-0.3949208246801665
40.28256513026052,67.89189189189189,,100.0,1.0,100.0,-0.3956193056117821
40.4809619238477,67.89189189189189,,100.0,1.0,100.0,-0.3963201584339675
40.67935871743487,67.89189189189189,,100.0,1.0,100.0,-0.3970232844435436
40.877755511022045,67.89189189189189,,100.0,1.0,100.0,-0.3977285875539945
41.07615230460922,67.89189189189189,,100.0,1.0,100.0,-0.3984359743073172
41.274549098196395,67.89189189189189,,100.0,1.0,100.0,-0.3991453538846991
41.47294589178357,67.89189189189189,,100.0,1.0,100.0,-0.3998566381160812
41.671342685370746,67.89189189189189,,100.0,1.0,100.0,-0.4005697414886201
41.86973947895792,67.89189189189189,,100.0,1.0,100.0,-0.4012845811539828
42.06813627254509,67.89189189189189,,100.0,1.0,100.0,-0.4020010769345328
42.26653306613227,67.89189189189189,,100.0,1.0,100.0,-0.4027191513282923
42.46492985971944,67.89189189189189,,100.0,1.0,100.0,-0.4034387295128144
42.66332665330661,67.89189189189189,,100.0,1.0,100.0,-0.4041597393477949
42.861723446893784,67.89189189189189,,100.0,1.0,100.0,-0.4048821113765471
43.06012024048097,67.89189189189189,,100.0,1.0,100.0,-0.4056057788262841
43.25851703406814,67.89189189189189,,100.0,1.0,100.0,-0.4063306776071882
43.45691382765531,67.89189189189189,,100.0,1.0,100.0,-0.4070567463102807
43.655310621242485,67.89189189189189,,100.0,1.0,100.0,-0.4077839262041368
43.85370741482966,67.89189189189189,,100.0,1.0,100.0,-0.408512161230283
44.05210420841683,67.89189189189189,,100.0,1.0,100.0,-0.4092413979975117
44.250501002004015,67.89189189189189,,100.0,1.0,100.0,-0.4099715857749586
44.448897795591186,67.89189189189189,,100.0,1.0,100.0,-0.4107026764839365
44.64729458917836,67.89189189189189,,100.0,1.0,100.0,-0.4114346246886375
44.84569138276553,67.89189189189189,,100.0,1.0,100.0,-0.4121673875856121
45.0440881763527,67.89189189189189,,100.0,1.0,100.0,-0.4129009249920751
45.24248496993987,67.89189189189189,,100.0,1.0,100.0,-0.4136351993330297
45.440881763527045,67.89189189189189,,100.0,1.0,100.0,-0.4143701756272886
45.63927855711423,67.89189189189189,,100.0,1.0,100.0,-0.4151058214722363
45.8376753507014,67.89189189189189,,100.0,1.0,100.0,-0.4158421070275974
46.036072144288575,67.89189189189189,,100.0,1.0,100.0,-0.4165790049979381
46.23446893787575,67.89189189189189,,100.0,1.0,100.0,-0.4173164906141979
46.43286573146293,67.89189189189189,,100.0,1.0,100.0,-0.4180545416140491
46.631262525050104,67.89189189189189,,100.0,1.0,100.0,-0.4187931382212095
46.829659318637276,67.89189189189189,,100.0,1.0,100.0,-0.4195322631237247
47.028056112224455,67.89189189189189,,100.0,1.0,100.0,-0.4202719014512388
47.22645290581163,67.89189189189189,,100.0,1.0,100.0,-0.4210120407512298
47.424849699398806,67.89189189189189,,100.0,1.0,100.0,-0.4217526709643124
47.62324649298598,67.89189189189189,,100.0,1.0,100.0,-0.4224937843985485
47.82164328657315,67.89189189189189,,100.0,1.0,100.0,-0.4232353757029075
48.02004008016032,67.89189189189189,,100.0,1.0,100.0,-0.423977441839745
48.21843687374749,67.89189189189189,,100.0,1.0,100.0,-0.4247199820565241
48.41683366733468,67.89189189189189,,100.0,1.0,100.0,-0.4254629978566304
48.615230460921836,67.89189189189189,,100.0,1.0,100.0,-0.4262064929694064
48.81362725450902,67.89189189189189,,100.0,1.0,100.0,-0.4269504733194673
49.012024048096194,67.89189189189189,,100.0,1.0,100.0,-0.4276949469952781
49.21042084168337,67.89189189189189,,100.0,1.0,100.0,-0.4284399242169751
49.40881763527054,67.89189189189189,,100.0,1.0,100.0,-0.4291854173036162
49.60721442885771,67.89189189189189,,100.0,1.0,100.0,-0.4299314406397794
49.805611222444895,67.89189189189189,,100.0,1.0,100.0,-0.4306780106415536
50.00400801603207,67.89189189189189,,100.0,1.0,100.0,-0.4314251457220589
50.20240480961924,67.89189189189189,,100.0,1.0,100.0,-0.4321728662564085
50.40080160320641,67.89189189189189,,100.0,1.0,100.0,-0.4329211945461875
50.59919839679358,67.89189189189189,,100.0,1.0,100.0,-0.4336701547836092
50.79759519038077,67.89189189189189,,100.0,1.0,100.0,-0.4344197730151801
50.99599198396793,67.89189189189189,,100.0,1.0,100.0,-0.4351700771050739
51.19438877755511,67.89189189189189,,100.0,1.0,100.0,-0.4359210966982186
51.39278557114229,67.89189189189189,,100.0,1.0,100.0,-0.4366728631830779
51.59118236472946,67.89189189189189,,100.0,1.0,100.0,-0.4374254096542561
51.789579158316634,67.89189189189189,,100.0,1.0,100.0,-0.438178770874893
51.987975951903806,67.89189189189189,,100.0,1.0,100.0,-0.4389329832389415
52.18637274549098,67.89189189189189,,100.0,1.0,100.0,-0.4396880847333129
52.38476953907816,67.89189189189189,,100.0,1.0,100.0,-0.4404441149000028
52.583166332665336,67.89189189189189,,100.0,1.0,100.0,-0.4412011147982186
52.78156312625251,67.89189189189189,,100.0,1.0,100.0,-0.4419591269664025
52.97995991983967,67.89189189189189,,100.0,1.0,100.0,-0.4427181953844233
53.17835671342685,67.89189189189189,,100.0,1.0,100.0,-0.4434783654358876
53.37675350701403,67.89189189189189,,100.0,1.0,100.0,-0.4442396838704667
53.57515030060121,67.89189189189189,,100.0,1.0,100.0,-0.4450021987664274
53.77354709418837,67.89189189189189,,100.0,1.0,100.0,-0.4457659594934605
53.97194388777555,67.89189189189189,,100.0,1.0,100.0,-0.4465310166756111
54.17034068136273,67.89189189189189,,100.0,1.0,100.0,-0.4472974221545481
54.368737474949896,67.89189189189189,,100.0,1.0,100.0,-0.4480652289531477
54.567134268537075,67.89189189189189,,100.0,1.0,100.0,-0.4488344912393449
54.765531062124246,67.89189189189189,,100.0,1.0,100.0,-0.4496052642903935
54.96392785571142,67.89189189189189,,100.0,1.0,100.0,-0.4503776044575222
55.1623246492986,67.89189189189189,,100.0,1.0,100.0,-0.4511515691309793
55.360721442885776,67.89189189189189,,100.0,1.0,100.0,-0.4519272167055047
55.55911823647295,67.89189189189189,,100.0,1.0,100.0,-0.4527046065463932
55.75751503006013,67.89189189189189,,100.0,1.0,100.0,-0.4534837989558371
55.95591182364729,67.89189189189189,,100.0,1.0,100.0,-0.4542648551399872
56.15430861723447,67.89189189189189,,100.0,1.0,100.0,-0.4550478371764213
56.35270541082165,67.89189189189189,,100.0,1.0,100.0,-0.4558328079822217
56.551102204408814,67.89189189189189,,100.0,1.0,100.0,-0.4566198312826452
56.74949899799599,67.89189189189189,,100.0,1.0,100.0,-0.4574089715802877
56.94789579158316,67.89189189189189,,100.0,1.0,100.0,-0.4582002941249864
57.146292585170336,67.89189189189189,,100.0,1.0,100.0,-0.4589938648842427
57.3446893787575,67.89189189189189,,100.0,1.0,100.0,-0.459789750514294
57.543086172344694,67.89189189189189,,100.0,1.0,100.0,-0.4605880183318772
57.74148296593185,67.89189189189189,,100.0,1.0,100.0,-0.4613887362866196
57.93987975951904,67.89189189189189,,100.0,1.0,100.0,-0.4621919729340319
58.13827655310623,67.89189189189189,,100.0,1.0,100.0,-0.462997797409274
58.336673346693395,67.89189189189189,,100.0,1.0,100.0,-0.4638062794015605
58.535070140280574,67.89189189189189,,100.0,1.0,100.0,-0.4646174891291929
58.73346693386774,67.89189189189189,,100.0,1.0,100.0,-0.4654314973153202
58.9318637274549,67.89189189189189,,100.0,1.0,100.0,-0.4662483751644231
59.13026052104208,67.89189189189189,,100.0,1.0,100.0,-0.4670681943394722
59.32865731462926,67.89189189189189,,100.0,1.0,100.0,-0.4678910269396232
59.52705410821644,67.89189189189189,,100.0,1.0,100.0,-0.4687169454789277
59.72545090180361,67.89189189189189,,100.0,1.0,100.0,-0.4695460228653383
59.92384769539078,67.89189189189189,,100.0,1.0,100.0,-0.4703783323807632
60.12224448897794,67.89189189189189,,100.0,1.0,100.0,-0.4712139476615036
60.32064128256512,67.89189189189189,,100.0,1.0,100.0,-0.4720529426795753
60.51903807615231,67.89189189189189,,100.0,1.0,100.0,-0.4728953917246292
60.717434869739485,67.89189189189189,,100.0,1.0,100.0,-0.4737413693864452
60.915831663326664,67.89189189189189,,100.0,1.0,100.0,-0.4745909505382792
61.114228456913835,67.89189189189189,,100.0,1.0,100.0,-0.4754442103206955
61.312625250501,67.89189189189189,,100.0,1.0,100.0,-0.4763012241261095
61.51102204408818,67.89189189189189,,100.0,1.0,100.0,-0.4771620675839485
61.709418837675344,67.89189189189189,,100.0,1.0,100.0,-0.4780268165465108
61.90781563126252,67.89189189189189,,100.0,1.0,100.0,-0.478895547075292
62.1062124248497,67.89189189189189,,100.0,1.0,100.0,-0.4797683354280421
62.30460921843688,67.89189189189189,,100.0,1.0,100.0,-0.4806452580464339
62.50300601202406,67.89189189189189,,100.0,1.0,100.0,-0.4815263915441748
62.701402805611224,67.89189189189189,,100.0,1.0,100.0,-0.482411812695861
62.89979959919839,67.89189189189189,,100.0,1.0,100.0,-0.4833015984263142
63.09819639278557,67.89189189189189,,100.0,1.0,100.0,-0.4841958258004544
63.296593186372746,67.89189189189189,,100.0,1.0,100.0,-0.485094572013765
63.494989979959925,67.89189189189189,,100.0,1.0,100.0,-0.4859979143832766
63.69338677354709,67.89189189189189,,100.0,1.0,100.0,-0.4869059303390759
63.89178356713427,67.89189189189189,,100.0,1.0,100.0,-0.4878186974162652
64.09018036072143,67.89189189189189,,100.0,1.0,100.0,-0.4887362932475489
64.28857715430863,67.89189189189189,,100.0,1.0,100.0,-0.4896587955561489
64.48697394789579,67.89189189189189,,100.0,1.0,100.0,-0.4905862821493506
64.68537074148296,67.89189189189189,,100.0,1.0,100.0,-0.4915188309124282
64.88376753507015,67.89189189189189,,100.0,1.0,100.0,-0.4924565198029955
65.08216432865731,67.89189189189189,,100.0,1.0,100.0,-0.4933994268459198
65.28056112224449,67.89189189189189,,100.0,1.0,100.0,-0.4943476301285888
65.47895791583166,67.89189189189189,,100.0,1.0,100.0,-0.4953012077965504
65.67735470941884,67.89189189189189,,100.0,1.0,100.0,-0.4962602380497437
65.87575150300601,67.89189189189189,,100.0,1.0,100.0,-0.4972247991389643
66.0741482965932,67.89189189189189,,100.0,1.0,100.0,-0.4981949693628136
66.27254509018036,67.89189189189189,,100.0,1.0,100.0,-0.4991708270650448
66.47094188376754,67.89189189189189,,100.0,1.0,100.0,-0.5001524506322188
66.66933867735472,67.89189189189189,,100.0,1.0,100.0,-0.5011399184918423
66.8677354709419,67.89189189189189,,100.0,1.0,100.0,-0.5021333091107911
67.06613226452906,67.89189189189189,,100.0,1.0,100.0,-0.5031327009940999
67.26452905811624,67.89189189189189,,100.0,1.0,100.0,-0.5041381726841438
67.4629258517034,67.89189189189189,,100.0,1.0,100.0,-0.5051498027601714
67.6613226452906,67.89189189189189,,100.0,1.0,100.0,-0.5061676698380991
67.85971943887776,67.89189189189189,,100.0,1.0,100.0,-0.5071918525707125
68.05811623246494,67.89189189189189,,100.0,1.0,100.0,-0.5082224296482439
68.2565130260521,67.89189189189189,,100.0,1.0,100.0,-0.5092594797990985
68.45490981963928,67.89189189189189,,100.0,1.0,100.0,-0.5103030817910923
68.65330661322645,67.89189189189189,,100.0,1.0,100.0,-0.5113533144329255
68.85170340681363,67.89189189189189,,100.0,1.0,100.0,-0.5124102565759096
69.05010020040079,67.89189189189189,,100.0,1.0,100.0,-0.5134739871161403
69.24849699398798,67.89189189189189,,100.0,1.0,100.0,-0.5145445849968416
69.44689378757515,67.89189189189189,,100.0,1.0,100.0,-0.5156221292110477
69.64529058116234,67.89189189189189,,100.0,1.0,100.0,-0.5167066988046874
69.84368737474949,67.89189189189189,,100.0,1.0,100.0,-0.5177983728798018
70.04208416833667,67.89189189189189,,100.0,1.0,100.0,-0.5188972305981177
70.24048096192385,67.89189189189189,,100.0,1.0,100.0,-0.5200033511850396
70.43887775551103,67.89189189189189,,100.0,1.0,100.0,-0.5211168139337055
70.6372745490982,67.89189189189189,,100.0,1.0,100.0,-0.5222376982094659
70.83567134268537,67.89189189189189,,100.0,1.0,100.0,-0.5233660834547124
71.03406813627254,67.89189189189189,,100.0,1.0,100.0,-0.5245020491938024
71.23246492985973,67.89189189189189,,100.0,1.0,100.0,-0.5256456750384255
71.4308617234469,67.89189189189189,,100.0,1.0,100.0,-0.5267970406932125
71.62925851703406,67.89189189189189,,100.0,1.0,100.0,-0.5279562259615981
71.82765531062124,67.89189189189189,,100.0,1.0,100.0,-0.5291233107519946
72.0260521042084,67.89189189189189,,100.0,1.0,100.0,-0.5302983750842177
72.2244488977956,67.89189189189189,,100.0,1.0,100.0,-0.5314814990962886
72.42284569138276,67.89189189189189,,100.0,1.0,100.0,-0.5326727630513076
72.62124248496994,67.89189189189189,,100.0,1.0,100.0,-0.5338722473449066
72.8196392785571,67.89189189189189,,100.0,1.0,100.0,-0.5350800325126707
73.01803607214428,67.89189189189189,,100.0,1.0,100.0,-0.5362961992381194
73.21643286573146,67.89189189189189,,100.0,1.0,100.0,-0.5375208283607104
73.41482965931863,67.89189189189189,,100.0,1.0,100.0,-0.5387540008843493
73.6132264529058,67.89189189189189,,100.0,1.0,100.0,-0.5399957979860631
73.81162324649299,67.89189189189189,,100.0,1.0,100.0,-0.5412463010248962
74.01002004008016,67.89189189189189,,100.0,1.0,100.0,-0.5425055915512542
74.20841683366733,67.89189189189189,,100.0,1.0,100.0,-0.5437737513164166
74.40681362725451,67.89189189189189,,100.0,1.0,100.0,-0.545050862282289
74.60521042084169,67.89189189189189,,100.0,1.0,100.0,-0.5463370066315338
74.80360721442887,67.89189189189189,,100.0,1.0,100.0,-0.54763226677796
75.00200400801603,67.89189189189189,,100.0,1.0,100.0,-0.5489367253771266
75.20040080160321,67.89189189189189,,100.0,1.0,100.0,-0.550250465337292
75.39879759519039,67.89189189189189,,100.0,1.0,100.0,-0.5515735698306122
75.59719438877755,67.89189189189189,,100.0,1.0,100.0,-0.5529061223046261
75.79559118236472,67.89189189189189,,100.0,1.0,100.0,-0.5542482064940337
75.99398797595191,67.89189189189189,,100.0,1.0,100.0,-0.5555999064326957
76.19238476953907,67.89189189189189,,100.0,1.0,100.0,-0.5569613064659791
76.39078156312625,67.89189189189189,,100.0,1.0,100.0,-0.558332491263371
76.58917835671345,67.89189189189189,,100.0,1.0,100.0,-0.5597135458312996
76.7875751503006,67.89189189189189,,100.0,1.0,100.0,-0.5611045555262746
76.98597194388778,67.89189189189189,,100.0,1.0,100.0,-0.5625056060683733
77.18436873747495,67.89189189189189,,100.0,1.0,100.0,-0.5639167835548708
77.38276553106212,67.89189189189189,,100.0,1.0,100.0,-0.5653381744742615
77.5811623246493,67.89189189189189,,100.0,1.0,100.0,-0.5667698657204151
77.77955911823646,67.89189189189189,,100.0,1.0,100.0,-0.5682119446071744
77.97795591182366,67.89189189189189,,100.0,1.0,100.0,-0.5696644988831083
78.1763527054108,67.89189189189189,,100.0,1.0,100.0,-0.5711276167465524
78.374749498998,67.89189189189189,,100.0,1.0,100.0,-0.5726013868609147
78.5731462925852,67.89189189189189,,100.0,1.0,100.0,-0.5740858983703551
78.77154308617234,67.89189189189189,,100.0,1.0,100.0,-0.575581240915503
78.96993987975952,67.89189189189189,,100.0,1.0,100.0,-0.5770875046497412
79.1683366733467,67.89189189189189,,100.0,1.0,100.0,-0.5786047802554117
79.36673346693387,67.89189189189189,,100.0,1.0,100.0,-0.5801331589606686
79.56513026052104,67.89189189189189,,100.0,1.0,100.0,-0.5816727325562183
79.76352705410822,67.89189189189189,,100.0,1.0,100.0,-0.5832235934126286
79.9619238476954,67.89189189189189,,100.0,1.0,100.0,-0.5847858344977017
80.16032064128257,67.89189189189189,,100.0,1.0,100.0,-0.5863595493941611
80.35871743486975,67.89189189189189,,100.0,1.0,100.0,-0.5879448323176705
80.55711422845691,67.89189189189189,,100.0,1.0,100.0,-0.5895417781349843
80.75551102204409,67.89189189189189,,100.0,1.0,100.0,-0.5911504823824815
80.95390781563127,67.89189189189189,,100.0,1.0,100.0,-0.592771041284848
81.15230460921843,67.89189189189189,,100.0,1.0,100.0,-0.5944035517740639
81.35070140280563,67.89189189189189,,100.0,1.0,100.0,-0.5960481115087073
81.54909819639279,67.89189189189189,,100.0,1.0,100.0,-0.5977048188933017
81.74749498997996,67.89189189189189,,100.0,1.0,100.0,-0.599373773098237
81.94589178356713,67.89189189189189,,100.0,1.0,100.0,-0.6010550740795915
82.14428857715431,67.89189189189189,,100.0,1.0,100.0,-0.602748822599514
82.34268537074149,67.89189189189189,,100.0,1.0,100.0,-0.6044551202466323
82.54108216432866,67.89189189189189,,100.0,1.0,100.0,-0.6061740694567932
82.73947895791585,67.89189189189189,,100.0,1.0,100.0,-0.607905773534102
82.937875751503,67.89189189189189,,100.0,1.0,100.0,-0.6096503366721424
83.13627254509018,67.89189189189189,,100.0,1.0,100.0,-0.6114078639754045
83.33466933867736,67.89189189189189,,100.0,1.0,100.0,-0.6131784614810782
83.53306613226454,67.89189189189189,,100.0,1.0,100.0,-0.6149622361810051
83.7314629258517,67.89189189189189,,100.0,1.0,100.0,-0.6167592960438999
83.92985971943888,67.89189189189189,,100.0,1.0,100.0,-0.6185697500377833
84.12825651302606,67.89189189189189,,100.0,1.0,100.0,-0.6203937081527314
84.32665330661322,67.89189189189189,,100.0,1.0,100.0,-0.6222312814238081
84.5250501002004,67.89189189189189,,100.0,1.0,100.0,-0.6240825819542599
84.72344689378757,67.89189189189189,,100.0,1.0,100.0,-0.6259477229389543
84.92184368737476,67.89189189189189,,100.0,1.0,100.0,-0.6278268186880839
85.12024048096194,67.89189189189189,,100.0,1.0,100.0,-0.6297199846510685
85.3186372745491,67.89189189189189,,100.0,1.0,100.0,-0.6316273374407404
85.51703406813628,67.89189189189189,,100.0,1.0,100.0,-0.6335489948577492
85.71543086172345,67.89189189189189,,100.0,1.0,100.0,-0.6354850759152385
85.91382765531063,67.89189189189189,,100.0,1.0,100.0,-0.6374357008637361
86.1122244488978,67.89189189189189,,100.0,1.0,100.0,-0.6394009912163008
86.31062124248497,67.89189189189189,,100.0,1.0,100.0,-0.6413810697739976
86.50901803607215,67.89189189189189,,100.0,1.0,100.0,-0.6433760606513821
86.70741482965931,67.89189189189189,,100.0,1.0,100.0,-0.6453860893025496
86.90581162324649,67.89189189189189,,100.0,1.0,100.0,-0.6474112825472037
87.10420841683366,67.89189189189189,,100.0,1.0,100.0,-0.6494517685970005
87.30260521042084,67.89189189189189,,100.0,1.0,100.0,-0.6515076770823099
87.50100200400803,67.89189189189189,,100.0,1.0,100.0,-0.6535791390789853
87.6993987975952,67.89189189189189,,100.0,1.0,100.0,-0.6556662871355561
87.89779559118237,67.89189189189189,,100.0,1.0,100.0,-0.6577692553006339
88.09619238476955,67.89189189189189,,100.0,1.0,100.0,-0.6598881791505263
88.29458917835672,67.89189189189189,,100.0,1.0,100.0,-0.662023195817184
88.4929859719439,67.89189189189189,,100.0,1.0,100.0,-0.6641744440162916
88.69138276553106,67.89189189189189,,100.0,1.0,100.0,-0.6663420640758027
88.88977955911824,67.89189189189189,,100.0,1.0,100.0,-0.6685261979644553
89.0881763527054,67.89189189189189,,100.0,1.0,100.0,-0.6707269893209012
89.28657314629258,67.89189189189189,,100.0,1.0,100.0,-0.6729445834827912
89.48496993987975,67.89189189189189,,100.0,1.0,100.0,-0.6751791275162491
89.68336673346693,67.89189189189189,,100.0,1.0,100.0,-0.6774307702456611
89.88176352705409,67.89189189189189,,100.0,1.0,100.0,-0.6796996622837129
90.08016032064127,67.89189189189189,,100.0,1.0,100.0,-0.6819859560614856
90.27855711422846,67.89189189189189,,100.0,1.0,100.0,-0.6842898058593238
90.47695390781564,67.89189189189189,,100.0,1.0,100.0,-0.686611367837344
90.6753507014028,67.89189189189189,,100.0,1.0,100.0,-0.6889508000667407
90.87374749498998,67.89189189189189,,100.0,1.0,100.0,-0.6913082625611439
91.07214428857715,67.89189189189189,,100.0,1.0,100.0,-0.6936839173082431
91.27054108216433,67.89189189189189,,100.0,1.0,100.0,-0.6960779283017499
91.46893787575152,67.89189189189189,,100.0,1.0,100.0,-0.69849046157373
91.66733466933867,67.89189189189189,,100.0,1.0,100.0,-0.700921685227051
91.86573146292585,67.89189189189189,,100.0,1.0,100.0,-0.7033717694682365
92.06412825651303,67.89189189189189,,100.0,1.0,100.0,-0.7058408866406024
92.26252505010021,67.89189189189189,,100.0,1.0,100.0,-0.7083292112576882
92.46092184368737,67.89189189189189,,100.0,1.0,100.0,-0.7108369200370176
92.65931863727455,67.89189189189189,,100.0,1.0,100.0,-0.7133641919340581
92.85771543086172,67.89189189189189,,100.0,1.0,100.0,-0.7159112081766515
93.05611222444891,67.89189189189189,,100.0,1.0,100.0,-0.7184781522996464
93.25450901803607,67.89189189189189,,100.0,1.0,100.0,-0.7210652101798274
93.45290581162325,67.89189189189189,,100.0,1.0,100.0,-0.7236725700712614
93.65130260521043,67.89189189189189,,100.0,1.0,100.0,-0.7263004226409354
93.84969939879761,67.89189189189189,,100.0,1.0,100.0,-0.728948961004638
94.04809619238478,67.89189189189189,,100.0,1.0,100.0,-0.7316183807632536
94.24649298597195,67.89189189189189,,100.0,1.0,100.0,-0.7343088800393895
94.44488977955912,67.89189189189189,,100.0,1.0,100.0,-0.7370206595143247
94.6432865731463,67.89189189189189,,100.0,1.0,100.0,-0.7397539224652651
94.84168336673346,67.89189189189189,,100.0,1.0,100.0,-0.7425088748029842
95.04008016032064,67.89189189189189,,100.0,1.0,100.0,-0.7452857251098225
95.2384769539078,67.89189189189189,,100.0,1.0,100.0,-0.748084684678021
95.43687374749499,67.89189189189189,,100.0,1.0,100.0,-0.7509059675484171
95.63527054108215,67.89189189189189,,100.0,1.0,100.0,-0.7537497905494354
95.83366733466936,67.89189189189189,,100.0,1.0,100.0,-0.7566163733365917
96.03206412825652,67.89189189189189,,100.0,1.0,100.0,-0.7595059384322866
96.2304609218437,67.89189189189189,,100.0,1.0,100.0,-0.7624187112658845
96.42885771543087,67.89189189189189,,100.0,1.0,100.0,-0.765354920214358
96.62725450901804,67.89189189189189,,100.0,1.0,100.0,-0.7683147966431841
96.82565130260521,67.89189189189189,,100.0,1.0,100.0,-0.7712985749476546
97.02404809619239,67.89189189189189,,100.0,1.0,100.0,-0.7743064925945794
97.22244488977958,67.89189189189189,,100.0,1.0,100.0,-0.777338790164474
97.42084168336673,67.89189189189189,,100.0,1.0,100.0,-0.7803957113940325
97.6192384769539,67.89189189189189,,100.0,1.0,100.0,-0.7834775032190228
97.81763527054107,67.89189189189189,,100.0,1.0,100.0,-0.7865844158176827
98.01603206412825,67.89189189189189,,100.0,1.0,100.0,-0.7897167026544508
98.21442885771542,67.89189189189189,,100.0,1.0,100.0,-0.7928746205242476
98.4128256513026,67.89189189189189,,100.0,1.0,100.0,-0.7960584295969813
98.61122244488979,67.89189189189189,,100.0,1.0,100.0,-0.7992683934626195
98.80961923847698,67.89189189189189,,100.0,1.0,100.0,-0.8025047791767972
99.00801603206413,67.89189189189189,,100.0,1.0,100.0,-0.8057678573066394
99.2064128256513,67.89189189189189,,100.0,1.0,100.0,-0.8090579019772266
99.40480961923848,67.89189189189189,,100.0,1.0,100.0,-0.8123751909184254
99.60320641282564,67.89189189189189,,100.0,1.0,100.0,-0.8157200055123074
99.80160320641282,67.89189189189189,,100.0,1.0,100.0,-0.8190926308407707
100.0,67.89189189189189,,100.0,1.0,100.0,-0.8224933557339735
1.0,70.56756756756756,,100.0,1.0,100.0,-0.5378394137847852
1.1983967935871744,70.56756756756756,,100.0,1.0,100.0,-0.5349986738445108
1.3967935871743486,70.56756756756756,,100.0,1.0,100.0,-0.5321853138339211
1.595190380761523,70.56756756756756,,100.0,1.0,100.0,-0.5293993938356439
1.7935871743486973,70.56756756756756,,100.0,1.0,100.0,-0.5266409711923368
1.9919839679358717,70.56756756756756,,100.0,1.0,100.0,-0.5239101004811747
2.190380761523046,70.56756756756756,,100.0,1.0,100.0,-0.5212068334897306
2.38877755511022,70.56756756756756,,100.0,1.0,100.0,-0.5185312191932132
2.5871743486973946,70.56756756756756,,100.0,1.0,100.0,-0.5158833037330612
2.785571142284569,70.56756756756756,,100.0,1.0,100.0,-0.513263130396816
2.9839679358717435,70.56756756756756,,100.0,1.0,100.0,-0.5106707395993046
3.182364729458918,70.56756756756756,,100.0,1.0,100.0,-0.5081061688650156
3.380761523046093,70.56756756756756,,100.0,1.0,100.0,-0.5055694528117952
3.579158316633267,70.56756756756756,,100.0,1.0,100.0,-0.5030606231356003
3.7775551102204403,70.56756756756756,,100.0,1.0,100.0,-0.5005797085965479
3.9759519038076157,70.56756756756756,,100.0,1.0,100.0,-0.4981267350059993
4.174348697394789,70.56756756756756,,100.0,1.0,100.0,-0.4957017252148606
4.372745490981964,70.56756756756756,,100.0,1.0,100.0,-0.4933046991028652
4.571142284569138,70.56756756756756,,100.0,1.0,100.0,-0.4909356735690235
4.7695390781563125,70.56756756756756,,100.0,1.0,100.0,-0.4885946625230403
4.967935871743487,70.56756756756756,,100.0,1.0,100.0,-0.4862816768778423
5.166332665330662,70.56756756756756,,100.0,1.0,100.0,-0.4839967245429595
5.364729458917837,70.56756756756756,,100.0,1.0,100.0,-0.4817398104190732
5.563126252505009,70.56756756756756,,100.0,1.0,100.0,-0.4795109363933891
5.761523046092185,70.56756756756756,,100.0,1.0,100.0,-0.4773101013359836
5.959919839679359,70.56756756756756,,100.0,1.0,100.0,-0.4751373010970916
6.158316633266534,70.56756756756756,,100.0,1.0,100.0,-0.4729925285052689
6.356713426853707,70.56756756756756,,100.0,1.0,100.0,-0.4708757733664897
6.555110220440882,70.56756756756756,,100.0,1.0,100.0,-0.468787022464055
6.753507014028057,70.56756756756756,,100.0,1.0,100.0,-0.4667262595593828
6.951903807615231,70.56756756756756,,100.0,1.0,100.0,-0.4646934653936123
7.150300601202405,70.56756756756756,,100.0,1.0,100.0,-0.4626886176900923
7.348697394789579,70.56756756756756,,100.0,1.0,100.0,-0.460711691157596
7.547094188376754,70.56756756756756,,100.0,1.0,100.0,-0.4587626574943669
7.745490981963927,70.56756756756756,,100.0,1.0,100.0,-0.4568414853929641
7.9438877755511,70.56756756756756,,100.0,1.0,100.0,-0.4549481405458506
8.142284569138276,70.56756756756756,,100.0,1.0,100.0,-0.4530825856517249
8.340681362725451,70.56756756756756,,100.0,1.0,100.0,-0.451244780422631
8.539078156312625,70.56756756756756,,100.0,1.0,100.0,-0.4494346815917806
8.737474949899799,70.56756756756756,,100.0,1.0,100.0,-0.4476522429220972
8.935871743486974,70.56756756756756,,100.0,1.0,100.0,-0.4458974152154866
9.13426853707415,70.56756756756756,,100.0,1.0,100.0,-0.4441701463227697
9.332665330661325,70.56756756756756,,100.0,1.0,100.0,-0.4424703811543889
9.531062124248498,70.56756756756756,,100.0,1.0,100.0,-0.4407980616917099
9.729458917835672,70.56756756756756,,100.0,1.0,100.0,-0.4391531269990316
9.927855711422845,70.56756756756756,,100.0,1.0,100.0,-0.4375355132363403
10.126252505010019,70.56756756756756,,100.0,1.0,100.0,-0.4359451536725758
10.324649298597194,70.56756756756756,,100.0,1.0,100.0,-0.4343819786997067
10.52304609218437,70.56756756756756,,100.0,1.0,100.0,-0.4328459158473046
10.721442885771543,70.56756756756756,,100.0,1.0,100.0,-0.4313368897979308
10.919839679358718,70.56756756756756,,100.0,1.0,100.0,-0.4298548224030102
11.118236472945892,70.56756756756756,,100.0,1.0,100.0,-0.4283996326993782
11.316633266533067,70.56756756756756,,100.0,1.0,100.0,-0.4269712369265109
11.515030060120242,70.56756756756756,,100.0,1.0,100.0,-0.425569548544321
11.713426853707414,70.56756756756756,,100.0,1.0,100.0,-0.4241944782515391
11.91182364729459,70.56756756756756,,100.0,1.0,100.0,-0.4228459340048177
12.110220440881761,70.56756756756756,,100.0,1.0,100.0,-0.421523821038288
12.308617234468937,70.56756756756756,,100.0,1.0,100.0,-0.4202280418838653
12.507014028056114,70.56756756756756,,100.0,1.0,100.0,-0.4189584963920523
12.705410821643287,70.56756756756756,,100.0,1.0,100.0,-0.4177150817534045
12.903807615230463,70.56756756756756,,100.0,1.0,100.0,-0.4164976925204942
13.102204408817634,70.56756756756756,,100.0,1.0,100.0,-0.4153062206306111
13.30060120240481,70.56756756756756,,100.0,1.0,100.0,-0.4141405554288804
13.498997995991983,70.56756756756756,,100.0,1.0,100.0,-0.413000583692064
13.697394789579159,70.56756756756756,,100.0,1.0,100.0,-0.4118861896529465
13.895791583166334,70.56756756756756,,100.0,1.0,100.0,-0.4107972550252113
14.094188376753507,70.56756756756756,,100.0,1.0,100.0,-0.409733659028965
14.292585170340683,70.56756756756756,,100.0,1.0,100.0,-0.4086952784168098
14.490981963927855,70.56756756756756,,100.0,1.0,100.0,-0.4076819875004673
14.689378757515032,70.56756756756756,,100.0,1.0,100.0,-0.4066936581779721
14.887775551102203,70.56756756756756,,100.0,1.0,100.0,-0.4057301599613936
15.086172344689379,70.56756756756756,,100.0,1.0,100.0,-0.404791360005193
15.284569138276554,70.56756756756756,,100.0,1.0,100.0,-0.4038771231350296
15.482965931863726,70.56756756756756,,100.0,1.0,100.0,-0.40298731187719
15.681362725450903,70.56756756756756,,100.0,1.0,100.0,-0.4021217864885186
15.879759519038075,70.56756756756756,,100.0,1.0,100.0,-0.4012804049869277
16.07815631262525,70.56756756756756,,100.0,1.0,100.0,-0.4004630231823683
16.276553106212425,70.56756756756756,,100.0,1.0,100.0,-0.3996694947084396
16.474949899799597,70.56756756756756,,100.0,1.0,100.0,-0.3988996710544337
16.673346693386772,70.56756756756756,,100.0,1.0,100.0,-0.3981534015979593
16.871743486973948,70.56756756756756,,100.0,1.0,100.0,-0.3974305336380449
17.070140280561123,70.56756756756756,,100.0,1.0,100.0,-0.3967309124287679
17.2685370741483,70.56756756756756,,100.0,1.0,100.0,-0.3960543812134366
17.466933867735474,70.56756756756756,,100.0,1.0,100.0,-0.3954007812591882
17.66533066132265,70.56756756756756,,100.0,1.0,100.0,-0.3947699518921671
17.86372745490982,70.56756756756756,,100.0,1.0,100.0,-0.3941617305331308
18.062124248496996,70.56756756756756,,100.0,1.0,100.0,-0.3935759527335705
18.260521042084168,70.56756756756756,,100.0,1.0,100.0,-0.3930124522123684
18.458917835671343,70.56756756756756,,100.0,1.0,100.0,-0.3924710608927621
18.657314629258515,70.56756756756756,,100.0,1.0,100.0,-0.3919516089399633
18.85571142284569,70.56756756756756,,100.0,1.0,100.0,-0.3914539247991528
19.054108216432866,70.56756756756756,,100.0,1.0,100.0,-0.39097783523385
19.252505010020037,70.56756756756756,,100.0,1.0,100.0,-0.3905231653648858
19.450901803607216,70.56756756756756,,100.0,1.0,100.0,-0.3900897387096756
19.649298597194388,70.56756756756756,,100.0,1.0,100.0,-0.3896773772219814
19.847695390781563,70.56756756756756,,100.0,1.0,100.0,-0.3892859013320868
20.04609218436874,70.56756756756756,,100.0,1.0,100.0,-0.3889151299873644
20.244488977955914,70.56756756756756,,100.0,1.0,100.0,-0.3885648806932641
20.442885771543086,70.56756756756756,,100.0,1.0,100.0,-0.3882349695546782
20.64128256513026,70.56756756756756,,100.0,1.0,100.0,-0.3879252113176623
20.839679358717436,70.56756756756756,,100.0,1.0,100.0,-0.3876354194116129
21.03807615230461,70.56756756756756,,100.0,1.0,100.0,-0.3873654059916968
21.236472945891784,70.56756756756756,,100.0,1.0,100.0,-0.3871149819817283
21.43486973947896,70.56756756756756,,100.0,1.0,100.0,-0.3868839571172953
21.633266533066134,70.56756756756756,,100.0,1.0,100.0,-0.386672139989304
21.831663326653306,70.56756756756756,,100.0,1.0,100.0,-0.386479338087771
22.030060120240485,70.56756756756756,,100.0,1.0,100.0,-0.3863053578459656
22.228456913827657,70.56756756756756,,100.0,1.0,100.0,-0.3861500046848296
22.42685370741483,70.56756756756756,,100.0,1.0,100.0,-0.3860130830576792
22.625250501002007,70.56756756756756,,100.0,1.0,100.0,-0.3858943964951818
22.82364729458918,70.56756756756756,,100.0,1.0,100.0,-0.3857937476505927
23.02204408817635,70.56756756756756,,100.0,1.0,100.0,-0.3857109383452501
23.220440881763523,70.56756756756756,,100.0,1.0,100.0,-0.385645769614284
23.4188376753507,70.56756756756756,,100.0,1.0,100.0,-0.3855980417525588
23.617234468937873,70.56756756756756,,100.0,1.0,100.0,-0.3855675543608093
23.815631262525052,70.56756756756756,,100.0,1.0,100.0,-0.3855541063920302
24.014028056112227,70.56756756756756,,100.0,1.0,100.0,-0.3855574961979589
24.212424849699403,70.56756756756756,,100.0,1.0,100.0,-0.3855775215758014
24.410821643286575,70.56756756756756,,100.0,1.0,100.0,-0.3856139798151191
24.609218436873746,70.56756756756756,,100.0,1.0,100.0,-0.3856666677447458
24.807615230460925,70.56756756756756,,100.0,1.0,100.0,-0.3857353817800374
25.006012024048097,70.56756756756756,,100.0,1.0,100.0,-0.385819917970044
25.20440881763527,70.56756756756756,,100.0,1.0,100.0,-0.3859200720448975
25.402805611222448,70.56756756756756,,100.0,1.0,100.0,-0.3860356394632713
25.60120240480962,70.56756756756756,,100.0,1.0,100.0,-0.3861664154598823
25.79959919839679,70.56756756756756,,100.0,1.0,100.0,-0.3863121950931108
25.997995991983966,70.56756756756756,,100.0,1.0,100.0,-0.3864727732926406
26.196392785571145,70.56756756756756,,100.0,1.0,100.0,-0.3866479449071266
26.394789579158317,70.56756756756756,,100.0,1.0,100.0,-0.3868375047519287
26.59318637274549,70.56756756756756,,100.0,1.0,100.0,-0.3870412476568131
26.791583166332664,70.56756756756756,,100.0,1.0,100.0,-0.3872589685136862
26.98997995991984,70.56756756756756,,100.0,1.0,100.0,-0.3874904623242826
27.188376753507008,70.56756756756756,,100.0,1.0,100.0,-0.3877355242478764
27.386773547094187,70.56756756756756,,100.0,1.0,100.0,-0.3879939496488616
27.585170340681366,70.56756756756756,,100.0,1.0,100.0,-0.3882655341444067
27.783567134268534,70.56756756756756,,100.0,1.0,100.0,-0.3885500736519072
27.98196392785571,70.56756756756756,,100.0,1.0,100.0,-0.3888473644364603
28.180360721442888,70.56756756756756,,100.0,1.0,100.0,-0.3891572031582035
28.378757515030063,70.56756756756756,,100.0,1.0,100.0,-0.38947938691954
28.577154308617235,70.56756756756756,,100.0,1.0,100.0,-0.389813713312282
28.7755511022044,70.56756756756756,,100.0,1.0,100.0,-0.3901599804646336
28.97394789579158,70.56756756756756,,100.0,1.0,100.0,-0.3905179870880257
29.172344689378757,70.56756756756756,,100.0,1.0,100.0,-0.390887532523827
29.370741482965926,70.56756756756756,,100.0,1.0,100.0,-0.3912684167898568
29.5691382765531,70.56756756756756,,100.0,1.0,100.0,-0.391660440626743
29.76753507014028,70.56756756756756,,100.0,1.0,100.0,-0.3920634055440547
29.965931863727448,70.56756756756756,,100.0,1.0,100.0,-0.392477113866257
30.164328657314627,70.56756756756756,,100.0,1.0,100.0,-0.3929013687784344
30.36272545090181,70.56756756756756,,100.0,1.0,100.0,-0.3933359743717882
30.56112224448897,70.56756756756756,,100.0,1.0,100.0,-0.3937807356888727
30.759519038076157,70.56756756756756,,100.0,1.0,100.0,-0.3942354587686399
30.957915831663332,70.56756756756756,,100.0,1.0,100.0,-0.394699950691104
31.1563126252505,70.56756756756756,,100.0,1.0,100.0,-0.3951740196218362
31.35470941883768,70.56756756756756,,100.0,1.0,100.0,-0.3956574748561021
31.553106212424858,70.56756756756756,,100.0,1.0,100.0,-0.3961501268627274
31.751503006012022,70.56756756756756,,100.0,1.0,100.0,-0.3966517873275627
31.949899799599194,70.56756756756756,,100.0,1.0,100.0,-0.3971622691967804
32.14829659318637,70.56756756756756,,100.0,1.0,100.0,-0.3976813867196468
32.346693386773545,70.56756756756756,,100.0,1.0,100.0,-0.3982089554910961
32.545090180360724,70.56756756756756,,100.0,1.0,100.0,-0.3987447924937296
32.743486973947896,70.56756756756756,,100.0,1.0,100.0,-0.3992887161396999
32.941883767535074,70.56756756756756,,100.0,1.0,100.0,-0.3998405463119446
33.140280561122246,70.56756756756756,,100.0,1.0,100.0,-0.4004001044051644
33.33867735470942,70.56756756756756,,100.0,1.0,100.0,-0.4009672133663274
33.5370741482966,70.56756756756756,,100.0,1.0,100.0,-0.4015416977347094
33.73547094188377,70.56756756756756,,100.0,1.0,100.0,-0.4021233836814876
33.93386773547095,70.56756756756756,,100.0,1.0,100.0,-0.4027120990489575
34.13226452905812,70.56756756756756,,100.0,1.0,100.0,-0.4033076733890915
34.3306613226453,70.56756756756756,,100.0,1.0,100.0,-0.4039099380017817
34.52905811623247,70.56756756756756,,100.0,1.0,100.0,-0.4045187259724041
34.72745490981965,70.56756756756756,,100.0,1.0,100.0,-0.4051338722089813
34.92585170340681,70.56756756756756,,100.0,1.0,100.0,-0.4057552134787747
35.12424849699399,70.56756756756756,,100.0,1.0,100.0,-0.4063825884441968
35.32264529058117,70.56756756756756,,100.0,1.0,100.0,-0.4070158376983687
35.521042084168336,70.56756756756756,,100.0,1.0,100.0,-0.4076548037998291
35.719438877755515,70.56756756756756,,100.0,1.0,100.0,-0.4082993313068644
35.91783567134269,70.56756756756756,,100.0,1.0,100.0,-0.4089492668110404
36.11623246492986,70.56756756756756,,100.0,1.0,100.0,-0.4096044589702097
36.31462925851703,70.56756756756756,,100.0,1.0,100.0,-0.4102647585407392
36.51302605210421,70.56756756756756,,100.0,1.0,100.0,-0.4109300184091791
36.71142284569138,70.56756756756756,,100.0,1.0,100.0,-0.4116000936231609
36.90981963927855,70.56756756756756,,100.0,1.0,100.0,-0.4122748414215997
37.10821643286573,70.56756756756756,,100.0,1.0,100.0,-0.4129541212641526
37.3066132264529,70.56756756756756,,100.0,1.0,100.0,-0.4136377948599499
37.505010020040075,70.56756756756756,,100.0,1.0,100.0,-0.4143257261955531
37.703406813627254,70.56756756756756,,100.0,1.0,100.0,-0.4150177815620912
37.90180360721443,70.56756756756756,,100.0,1.0,100.0,-0.4157138295816357
38.100200400801604,70.56756756756756,,100.0,1.0,100.0,-0.4164137412327493
38.298597194388776,70.56756756756756,,100.0,1.0,100.0,-0.4171173898751251
38.496993987975955,70.56756756756756,,100.0,1.0,100.0,-0.4178246512734653
38.69539078156313,70.56756756756756,,100.0,1.0,100.0,-0.4185354036204224
38.8937875751503,70.56756756756756,,100.0,1.0,100.0,-0.4192495275586242
39.09218436873748,70.56756756756756,,100.0,1.0,100.0,-0.4199669062018526
39.29058116232465,70.56756756756756,,100.0,1.0,100.0,-0.4206874251552592
39.48897795591183,70.56756756756756,,100.0,1.0,100.0,-0.4214109725345457
39.687374749499,70.56756756756756,,100.0,1.0,100.0,-0.4221374389843435
39.88577154308617,70.56756756756756,,100.0,1.0,100.0,-0.4228667176954841
40.08416833667335,70.56756756756756,,100.0,1.0,100.0,-0.423598704421293
40.28256513026052,70.56756756756756,,100.0,1.0,100.0,-0.4243332974929122
40.4809619238477,70.56756756756756,,100.0,1.0,100.0,-0.4250703978335267
40.67935871743487,70.56756756756756,,100.0,1.0,100.0,-0.4258099089716223
40.877755511022045,70.56756756756756,,100.0,1.0,100.0,-0.4265517370530581
41.07615230460922,70.56756756756756,,100.0,1.0,100.0,-0.4272957908522323
41.274549098196395,70.56756756756756,,100.0,1.0,100.0,-0.4280419817820539
41.47294589178357,70.56756756756756,,100.0,1.0,100.0,-0.4287902239027514
41.671342685370746,70.56756756756756,,100.0,1.0,100.0,-0.4295404339297427
41.86973947895792,70.56756756756756,,100.0,1.0,100.0,-0.4302925312402589
42.06813627254509,70.56756756756756,,100.0,1.0,100.0,-0.4310464378788723
42.26653306613227,70.56756756756756,,100.0,1.0,100.0,-0.4318020785618197
42.46492985971944,70.56756756756756,,100.0,1.0,100.0,-0.4325593806803626
42.66332665330661,70.56756756756756,,100.0,1.0,100.0,-0.4333182743027189
42.861723446893784,70.56756756756756,,100.0,1.0,100.0,-0.4340786921750912
43.06012024048097,70.56756756756756,,100.0,1.0,100.0,-0.4348405697213336
43.25851703406814,70.56756756756756,,100.0,1.0,100.0,-0.4356038450415815
43.45691382765531,70.56756756756756,,100.0,1.0,100.0,-0.4363684589096407
43.655310621242485,70.56756756756756,,100.0,1.0,100.0,-0.4371343547692102
43.85370741482966,70.56756756756756,,100.0,1.0,100.0,-0.4379014787289611
44.05210420841683,70.56756756756756,,100.0,1.0,100.0,-0.4386697795563847
44.250501002004015,70.56756756756756,,100.0,1.0,100.0,-0.4394392086705807
44.448897795591186,70.56756756756756,,100.0,1.0,100.0,-0.4402097201336886
44.64729458917836,70.56756756756756,,100.0,1.0,100.0,-0.4409812706414485
44.84569138276553,70.56756756756756,,100.0,1.0,100.0,-0.4417538195122722
45.0440881763527,70.56756756756756,,100.0,1.0,100.0,-0.4425273286754564
45.24248496993987,70.56756756756756,,100.0,1.0,100.0,-0.4433017626580652
45.440881763527045,70.56756756756756,,100.0,1.0,100.0,-0.4440770885708309
45.63927855711423,70.56756756756756,,100.0,1.0,100.0,-0.4448532760928181
45.8376753507014,70.56756756756756,,100.0,1.0,100.0,-0.4456302974551033
46.036072144288575,70.56756756756756,,100.0,1.0,100.0,-0.4464081274232897
46.23446893787575,70.56756756756756,,100.0,1.0,100.0,-0.4471867432790055
46.43286573146293,70.56756756756756,,100.0,1.0,100.0,-0.4479661248003082
46.631262525050104,70.56756756756756,,100.0,1.0,100.0,-0.4487462542411402
46.829659318637276,70.56756756756756,,100.0,1.0,100.0,-0.4495271163096548
47.028056112224455,70.56756756756756,,100.0,1.0,100.0,-0.4503086981457284
47.22645290581163,70.56756756756756,,100.0,1.0,100.0,-0.4510909892973588
47.424849699398806,70.56756756756756,,100.0,1.0,100.0,-0.451873981696163
47.62324649298598,70.56756756756756,,100.0,1.0,100.0,-0.4526576696320477
47.82164328657315,70.56756756756756,,100.0,1.0,100.0,-0.4534420497269105
48.02004008016032,70.56756756756756,,100.0,1.0,100.0,-0.4542271209075166
48.21843687374749,70.56756756756756,,100.0,1.0,100.0,-0.4550128843775625
48.41683366733468,70.56756756756756,,100.0,1.0,100.0,-0.4557993435889129
48.615230460921836,70.56756756756756,,100.0,1.0,100.0,-0.4565865042121452
48.81362725450902,70.56756756756756,,100.0,1.0,100.0,-0.4573743741062684
49.012024048096194,70.56756756756756,,100.0,1.0,100.0,-0.4581629632878552
49.21042084168337,70.56756756756756,,100.0,1.0,100.0,-0.4589522838994456
49.40881763527054,70.56756756756756,,100.0,1.0,100.0,-0.4597423501772824
49.60721442885771,70.56756756756756,,100.0,1.0,100.0,-0.460533178418601
49.805611222444895,70.56756756756756,,100.0,1.0,100.0,-0.4613247869482477
50.00400801603207,70.56756756756756,,100.0,1.0,100.0,-0.4621171960847952
50.20240480961924,70.56756756756756,,100.0,1.0,100.0,-0.4629104281062318
50.40080160320641,70.56756756756756,,100.0,1.0,100.0,-0.4637045072151936
50.59919839679358,70.56756756756756,,100.0,1.0,100.0,-0.4644994595037357
50.79759519038077,70.56756756756756,,100.0,1.0,100.0,-0.4652953129178521
50.99599198396793,70.56756756756756,,100.0,1.0,100.0,-0.4660920972215593
51.19438877755511,70.56756756756756,,100.0,1.0,100.0,-0.466889843960798
51.39278557114229,70.56756756756756,,100.0,1.0,100.0,-0.4676885864269963
51.59118236472946,70.56756756756756,,100.0,1.0,100.0,-0.4684883596204702
51.789579158316634,70.56756756756756,,100.0,1.0,100.0,-0.4692892002136729
51.987975951903806,70.56756756756756,,100.0,1.0,100.0,-0.4700911465143591
52.18637274549098,70.56756756756756,,100.0,1.0,100.0,-0.470894238428426
52.38476953907816,70.56756756756756,,100.0,1.0,100.0,-0.4716985174230632
52.583166332665336,70.56756756756756,,100.0,1.0,100.0,-0.4725040264895922
52.78156312625251,70.56756756756756,,100.0,1.0,100.0,-0.473310810106419
52.97995991983967,70.56756756756756,,100.0,1.0,100.0,-0.4741189142021386
53.17835671342685,70.56756756756756,,100.0,1.0,100.0,-0.4749283861185781
53.37675350701403,70.56756756756756,,100.0,1.0,100.0,-0.4757392745740603
53.57515030060121,70.56756756756756,,100.0,1.0,100.0,-0.4765516296268539
53.77354709418837,70.56756756756756,,100.0,1.0,100.0,-0.4773655026387245
53.97194388777555,70.56756756756756,,100.0,1.0,100.0,-0.4781809462387805
54.17034068136273,70.56756756756756,,100.0,1.0,100.0,-0.4789980142876173
54.368737474949896,70.56756756756756,,100.0,1.0,100.0,-0.4798167618416261
54.567134268537075,70.56756756756756,,100.0,1.0,100.0,-0.4806372451177775
54.765531062124246,70.56756756756756,,100.0,1.0,100.0,-0.4814595214586208
54.96392785571142,70.56756756756756,,100.0,1.0,100.0,-0.4822836492977439
55.1623246492986,70.56756756756756,,100.0,1.0,100.0,-0.4831096881255877
55.360721442885776,70.56756756756756,,100.0,1.0,100.0,-0.4839376984557942
55.55911823647295,70.56756756756756,,100.0,1.0,100.0,-0.4847677417917828
55.75751503006013,70.56756756756756,,100.0,1.0,100.0,-0.4855998805940664
55.95591182364729,70.56756756756756,,100.0,1.0,100.0,-0.4864341782478761
56.15430861723447,70.56756756756756,,100.0,1.0,100.0,-0.4872706990313837
56.35270541082165,70.56756756756756,,100.0,1.0,100.0,-0.4881095080844284
56.551102204408814,70.56756756756756,,100.0,1.0,100.0,-0.488950671377828
56.74949899799599,70.56756756756756,,100.0,1.0,100.0,-0.4897942556831881
56.94789579158316,70.56756756756756,,100.0,1.0,100.0,-0.490640328543408
57.146292585170336,70.56756756756756,,100.0,1.0,100.0,-0.4914889582436766
57.3446893787575,70.56756756756756,,100.0,1.0,100.0,-0.4923402137831398
57.543086172344694,70.56756756756756,,100.0,1.0,100.0,-0.4931941648471112
57.74148296593185,70.56756756756756,,100.0,1.0,100.0,-0.4940508817800865
57.93987975951904,70.56756756756756,,100.0,1.0,100.0,-0.4949104355591517
58.13827655310623,70.56756756756756,,100.0,1.0,100.0,-0.4957728977682101
58.336673346693395,70.56756756756756,,100.0,1.0,100.0,-0.4966383405728517
58.535070140280574,70.56756756756756,,100.0,1.0,100.0,-0.4975068366957973
58.73346693386774,70.56756756756756,,100.0,1.0,100.0,-0.4983784593930529
58.9318637274549,70.56756756756756,,100.0,1.0,100.0,-0.4992532824307131
59.13026052104208,70.56756756756756,,100.0,1.0,100.0,-0.500131380062485
59.32865731462926,70.56756756756756,,100.0,1.0,100.0,-0.5010128270077638
59.52705410821644,70.56756756756756,,100.0,1.0,100.0,-0.5018976984304852
59.72545090180361,70.56756756756756,,100.0,1.0,100.0,-0.5027860699185753
59.92384769539078,70.56756756756756,,100.0,1.0,100.0,-0.503678017464094
60.12224448897794,70.56756756756756,,100.0,1.0,100.0,-0.5045736174440144
60.32064128256512,70.56756756756756,,100.0,1.0,100.0,-0.5054729466016595
60.51903807615231,70.56756756756756,,100.0,1.0,100.0,-0.5063760820288498
60.717434869739485,70.56756756756756,,100.0,1.0,100.0,-0.5072831011485612
60.915831663326664,70.56756756756756,,100.0,1.0,100.0,-0.5081940816983472
61.114228456913835,70.56756756756756,,100.0,1.0,100.0,-0.5091091017143787
61.312625250501,70.56756756756756,,100.0,1.0,100.0,-0.5100282395160148
61.51102204408818,70.56756756756756,,100.0,1.0,100.0,-0.5109515736910772
61.709418837675344,70.56756756756756,,100.0,1.0,100.0,-0.5118791830817622
61.90781563126252,70.56756756756756,,100.0,1.0,100.0,-0.5128111467710212
62.1062124248497,70.56756756756756,,100.0,1.0,100.0,-0.5137475440696709
62.30460921843688,70.56756756756756,,100.0,1.0,100.0,-0.5146884545040017
62.50300601202406,70.56756756756756,,100.0,1.0,100.0,-0.5156339578039931
62.701402805611224,70.56756756756756,,100.0,1.0,100.0,-0.5165841338920667
62.89979959919839,70.56756756756756,,100.0,1.0,100.0,-0.5175390628724765
63.09819639278557,70.56756756756756,,100.0,1.0,100.0,-0.5184988250210815
63.296593186372746,70.56756756756756,,100.0,1.0,100.0,-0.519463500775808
63.494989979959925,70.56756756756756,,100.0,1.0,100.0,-0.5204331707275346
63.69338677354709,70.56756756756756,,100.0,1.0,100.0,-0.5214079156115847
63.89178356713427,70.56756756756756,,100.0,1.0,100.0,-0.5223878162995781
64.09018036072143,70.56756756756756,,100.0,1.0,100.0,-0.5233729537919467
64.28857715430863,70.56756756756756,,100.0,1.0,100.0,-0.524363409210753
64.48697394789579,70.56756756756756,,100.0,1.0,100.0,-0.5253592637931404
64.68537074148296,70.56756756756756,,100.0,1.0,100.0,-0.5263605988851422
64.88376753507015,70.56756756756756,,100.0,1.0,100.0,-0.5273674959360103
65.08216432865731,70.56756756756756,,100.0,1.0,100.0,-0.5283800364929121
65.28056112224449,70.56756756756756,,100.0,1.0,100.0,-0.5293983021961106
65.47895791583166,70.56756756756756,,100.0,1.0,100.0,-0.5304223747745497
65.67735470941884,70.56756756756756,,100.0,1.0,100.0,-0.5314523360419112
65.87575150300601,70.56756756756756,,100.0,1.0,100.0,-0.5324882678929678
66.0741482965932,70.56756756756756,,100.0,1.0,100.0,-0.5335302523004054
66.27254509018036,70.56756756756756,,100.0,1.0,100.0,-0.534578371312085
66.47094188376754,70.56756756756756,,100.0,1.0,100.0,-0.5356327070485594
66.66933867735472,70.56756756756756,,100.0,1.0,100.0,-0.5366933417010771
66.8677354709419,70.56756756756756,,100.0,1.0,100.0,-0.5377603575299126
67.06613226452906,70.56756756756756,,100.0,1.0,100.0,-0.5388338368630031
67.26452905811624,70.56756756756756,,100.0,1.0,100.0,-0.5399138620950779
67.4629258517034,70.56756756756756,,100.0,1.0,100.0,-0.5410005156869959
67.6613226452906,70.56756756756756,,100.0,1.0,100.0,-0.5420938801655131
67.85971943887776,70.56756756756756,,100.0,1.0,100.0,-0.5431940381233528
68.05811623246494,70.56756756756756,,100.0,1.0,100.0,-0.5443010722195855
68.2565130260521,70.56756756756756,,100.0,1.0,100.0,-0.5454150651804214
68.45490981963928,70.56756756756756,,100.0,1.0,100.0,-0.5465360998002214
68.65330661322645,70.56756756756756,,100.0,1.0,100.0,-0.5476642589429352
68.85170340681363,70.56756756756756,,100.0,1.0,100.0,-0.5487996255437517
69.05010020040079,70.56756756756756,,100.0,1.0,100.0,-0.5499422826111098
69.24849699398798,70.56756756756756,,100.0,1.0,100.0,-0.5510923132290405
69.44689378757515,70.56756756756756,,100.0,1.0,100.0,-0.5522498005597821
69.64529058116234,70.56756756756756,,100.0,1.0,100.0,-0.5534148278466907
69.84368737474949,70.56756756756756,,100.0,1.0,100.0,-0.5545874784174907
70.04208416833667,70.56756756756756,,100.0,1.0,100.0,-0.5557678356877773
70.24048096192385,70.56756756756756,,100.0,1.0,100.0,-0.5569559831648679
70.43887775551103,70.56756756756756,,100.0,1.0,100.0,-0.5581520044518865
70.6372745490982,70.56756756756756,,100.0,1.0,100.0,-0.5593559832522056
70.83567134268537,70.56756756756756,,100.0,1.0,100.0,-0.5605680033740968
71.03406813627254,70.56756756756756,,100.0,1.0,100.0,-0.5617881487357793
71.23246492985973,70.56756756756756,,100.0,1.0,100.0,-0.5630165033706404
71.4308617234469,70.56756756756756,,100.0,1.0,100.0,-0.564253151432863
71.62925851703406,70.56756756756756,,100.0,1.0,100.0,-0.5654981772032174
71.82765531062124,70.56756756756756,,100.0,1.0,100.0,-0.5667516650952189
72.0260521042084,70.56756756756756,,100.0,1.0,100.0,-0.5680136996616145
72.2244488977956,70.56756756756756,,100.0,1.0,100.0,-0.5692843656009676
72.42284569138276,70.56756756756756,,100.0,1.0,100.0,-0.5705637477647413
72.62124248496994,70.56756756756756,,100.0,1.0,100.0,-0.5718519311645922
72.8196392785571,70.56756756756756,,100.0,1.0,100.0,-0.5731490009798288
73.01803607214428,70.56756756756756,,100.0,1.0,100.0,-0.5744550425653802
73.21643286573146,70.56756756756756,,100.0,1.0,100.0,-0.575770141459791
73.41482965931863,70.56756756756756,,100.0,1.0,100.0,-0.5770943833937429
73.6132264529058,70.56756756756756,,100.0,1.0,100.0,-0.5784278542986835
73.81162324649299,70.56756756756756,,100.0,1.0,100.0,-0.5797706403158125
74.01002004008016,70.56756756756756,,100.0,1.0,100.0,-0.58112282780533
74.20841683366733,70.56756756756756,,100.0,1.0,100.0,-0.5824845033559941
74.40681362725451,70.56756756756756,,100.0,1.0,100.0,-0.5838557537949073
74.60521042084169,70.56756756756756,,100.0,1.0,100.0,-0.5852366661976339
74.80360721442887,70.56756756756756,,100.0,1.0,100.0,-0.5866273278985329
75.00200400801603,70.56756756756756,,100.0,1.0,100.0,-0.5880278265015288
75.20040080160321,70.56756756756756,,100.0,1.0,100.0,-0.5894382498909111
75.39879759519039,70.56756756756756,,100.0,1.0,100.0,-0.5908586862426448
75.59719438877755,70.56756756756756,,100.0,1.0,100.0,-0.5922892240358194
75.79559118236472,70.56756756756756,,100.0,1.0,100.0,-0.5937299520644885
75.99398797595191,70.56756756756756,,100.0,1.0,100.0,-0.5951809594496118
76.19238476953907,70.56756756756756,,100.0,1.0,100.0,-0.5966423356514803
76.39078156312625,70.56756756756756,,100.0,1.0,100.0,-0.598114170482304
76.58917835671345,70.56756756756756,,100.0,1.0,100.0,-0.5995965541190837
76.7875751503006,70.56756756756756,,100.0,1.0,100.0,-0.6010895771167521
76.98597194388778,70.56756756756756,,100.0,1.0,100.0,-0.6025933304216663
77.18436873747495,70.56756756756756,,100.0,1.0,100.0,-0.6041079053852753
77.38276553106212,70.56756756756756,,100.0,1.0,100.0,-0.6056333937780636
77.5811623246493,70.56756756756756,,100.0,1.0,100.0,-0.6071698878038764
77.77955911823646,70.56756756756756,,100.0,1.0,100.0,-0.6087174801144234
77.97795591182366,70.56756756756756,,100.0,1.0,100.0,-0.6102762638240921
78.1763527054108,70.56756756756756,,100.0,1.0,100.0,-0.6118463325249268
78.374749498998,70.56756756756756,,100.0,1.0,100.0,-0.613427780302091
78.5731462925852,70.56756756756756,,100.0,1.0,100.0,-0.6150207017494025
78.77154308617234,70.56756756756756,,100.0,1.0,100.0,-0.6166251919851568
78.96993987975952,70.56756756756756,,100.0,1.0,100.0,-0.6182413466683971
79.1683366733467,70.56756756756756,,100.0,1.0,100.0,-0.6198692620151203
79.36673346693387,70.56756756756756,,100.0,1.0,100.0,-0.6215090348151848
79.56513026052104,70.56756756756756,,100.0,1.0,100.0,-0.6231607624490607
79.76352705410822,70.56756756756756,,100.0,1.0,100.0,-0.6248245429049689
79.9619238476954,70.56756756756756,,100.0,1.0,100.0,-0.6265004747965767
80.16032064128257,70.56756756756756,,100.0,1.0,100.0,-0.6281886573804405
80.35871743486975,70.56756756756756,,100.0,1.0,100.0,-0.6298891905741528
80.55711422845691,70.56756756756756,,100.0,1.0,100.0,-0.6316021749744432
80.75551102204409,70.56756756756756,,100.0,1.0,100.0,-0.6333277118757593
80.95390781563127,70.56756756756756,,100.0,1.0,100.0,-0.6350659032889515
81.15230460921843,70.56756756756756,,100.0,1.0,100.0,-0.636816851960226
81.35070140280563,70.56756756756756,,100.0,1.0,100.0,-0.6385806613905031
81.54909819639279,70.56756756756756,,100.0,1.0,100.0,-0.640357435854756
81.74749498997996,70.56756756756756,,100.0,1.0,100.0,-0.6421472804219195
81.94589178356713,70.56756756756756,,100.0,1.0,100.0,-0.6439503009747667
82.14428857715431,70.56756756756756,,100.0,1.0,100.0,-0.645766604230215
82.34268537074149,70.56756756756756,,100.0,1.0,100.0,-0.6475962977598279
82.54108216432866,70.56756756756756,,100.0,1.0,100.0,-0.6494394900104954
82.73947895791585,70.56756756756756,,100.0,1.0,100.0,-0.6512962903255154
82.937875751503,70.56756756756756,,100.0,1.0,100.0,-0.6531668089658165
83.13627254509018,70.56756756756756,,100.0,1.0,100.0,-0.6550511571313665
83.33466933867736,70.56756756756756,,100.0,1.0,100.0,-0.6569494469830104
83.53306613226454,70.56756756756756,,100.0,1.0,100.0,-0.6588617916643683
83.7314629258517,70.56756756756756,,100.0,1.0,100.0,-0.6607883053241554
83.92985971943888,70.56756756756756,,100.0,1.0,100.0,-0.6627291031385291
84.12825651302606,70.56756756756756,,100.0,1.0,100.0,-0.6646843013339339
84.32665330661322,70.56756756756756,,100.0,1.0,100.0,-0.666654017209957
84.5250501002004,70.56756756756756,,100.0,1.0,100.0,-0.6686383691625511
84.72344689378757,70.56756756756756,,100.0,1.0,100.0,-0.6706374767075819
84.92184368737476,70.56756756756756,,100.0,1.0,100.0,-0.6726514605043963
85.12024048096194,70.56756756756756,,100.0,1.0,100.0,-0.6746804423798188
85.3186372745491,70.56756756756756,,100.0,1.0,100.0,-0.6767245453523466
85.51703406813628,70.56756756756756,,100.0,1.0,100.0,-0.678783893656516
85.71543086172345,70.56756756756756,,100.0,1.0,100.0,-0.6808586127676901
85.91382765531063,70.56756756756756,,100.0,1.0,100.0,-0.6829488294268925
86.1122244488978,70.56756756756756,,100.0,1.0,100.0,-0.6850546716659552
86.31062124248497,70.56756756756756,,100.0,1.0,100.0,-0.6871762688329972
86.50901803607215,70.56756756756756,,100.0,1.0,100.0,-0.6893137516181153
86.70741482965931,70.56756756756756,,100.0,1.0,100.0,-0.6914672520791404
86.90581162324649,70.56756756756756,,100.0,1.0,100.0,-0.693636903667999
87.10420841683366,70.56756756756756,,100.0,1.0,100.0,-0.6958228412569817
87.30260521042084,70.56756756756756,,100.0,1.0,100.0,-0.6980252011654259
87.50100200400803,70.56756756756756,,100.0,1.0,100.0,-0.7002441211867166
87.6993987975952,70.56756756756756,,100.0,1.0,100.0,-0.7024797406153303
87.89779559118237,70.56756756756756,,100.0,1.0,100.0,-0.7047322002743842
88.09619238476955,70.56756756756756,,100.0,1.0,100.0,-0.7070016425431485
88.29458917835672,70.56756756756756,,100.0,1.0,100.0,-0.7092882113852257
88.4929859719439,70.56756756756756,,100.0,1.0,100.0,-0.7115920523764752
88.69138276553106,70.56756756756756,,100.0,1.0,100.0,-0.7139133127336672
88.88977955911824,70.56756756756756,,100.0,1.0,100.0,-0.7162521413431415
89.0881763527054,70.56756756756756,,100.0,1.0,100.0,-0.7186086887897295
89.28657314629258,70.56756756756756,,100.0,1.0,100.0,-0.7209831073860702
89.48496993987975,70.56756756756756,,100.0,1.0,100.0,-0.7233755512021367
89.68336673346693,70.56756756756756,,100.0,1.0,100.0,-0.7257861760949647
89.88176352705409,70.56756756756756,,100.0,1.0,100.0,-0.7282151397387666
90.08016032064127,70.56756756756756,,100.0,1.0,100.0,-0.7306626016551364
90.27855711422846,70.56756756756756,,100.0,1.0,100.0,-0.7331287232439019
90.47695390781564,70.56756756756756,,100.0,1.0,100.0,-0.7356136678137344
90.6753507014028,70.56756756756756,,100.0,1.0,100.0,-0.7381176006134554
90.87374749498998,70.56756756756756,,100.0,1.0,100.0,-0.7406406888635071
91.07214428857715,70.56756756756756,,100.0,1.0,100.0,-0.7431831017876115
91.27054108216433,70.56756756756756,,100.0,1.0,100.0,-0.7457450106447899
91.46893787575152,70.56756756756756,,100.0,1.0,100.0,-0.7483265887617758
91.66733466933867,70.56756756756756,,100.0,1.0,100.0,-0.7509280115655239
91.86573146292585,70.56756756756756,,100.0,1.0,100.0,-0.7535494566161063
92.06412825651303,70.56756756756756,,100.0,1.0,100.0,-0.7561911036399463
92.26252505010021,70.56756756756756,,100.0,1.0,100.0,-0.758853134563375
92.46092184368737,70.56756756756756,,100.0,1.0,100.0,-0.7615357335463688
92.65931863727455,70.56756756756756,,100.0,1.0,100.0,-0.7642390870165923
92.85771543086172,70.56756756756756,,100.0,1.0,100.0,-0.7669633837040613
93.05611222444891,70.56756756756756,,100.0,1.0,100.0,-0.7697088146756436
93.25450901803607,70.56756756756756,,100.0,1.0,100.0,-0.7724755733702319
93.45290581162325,70.56756756756756,,100.0,1.0,100.0,-0.7752638556341364
93.65130260521043,70.56756756756756,,100.0,1.0,100.0,-0.778073859756794
93.84969939879761,70.56756756756756,,100.0,1.0,100.0,-0.7809057865067163
94.04809619238478,70.56756756756756,,100.0,1.0,100.0,-0.7837598391679589
94.24649298597195,70.56756756756756,,100.0,1.0,100.0,-0.7866362235768146
94.44488977955912,70.56756756756756,,100.0,1.0,100.0,-0.7895351481588445
94.6432865731463,70.56756756756756,,100.0,1.0,100.0,-0.7924568239662183
94.84168336673346,70.56756756756756,,100.0,1.0,100.0,-0.7954014647155715
95.04008016032064,70.56756756756756,,100.0,1.0,100.0,-0.7983692868259579
95.2384769539078,70.56756756756756,,100.0,1.0,100.0,-0.8013605094574178
95.43687374749499,70.56756756756756,,100.0,1.0,100.0,-0.804375354549724
95.63527054108215,70.56756756756756,,100.0,1.0,100.0,-0.8074140468615877
95.83366733466936,70.56756756756756,,100.0,1.0,100.0,-0.8104768140100769
96.03206412825652,70.56756756756756,,100.0,1.0,100.0,-0.81356388651077
96.2304609218437,70.56756756756756,,100.0,1.0,100.0,-0.8166754978178687
96.42885771543087,70.56756756756756,,100.0,1.0,100.0,-0.8198118843648543
96.62725450901804,70.56756756756756,,100.0,1.0,100.0,-0.8229732856057391
96.82565130260521,70.56756756756756,,100.0,1.0,100.0,-0.826159944056322
97.02404809619239,70.56756756756756,,100.0,1.0,100.0,-0.8293721053361401
97.22244488977958,70.56756756756756,,100.0,1.0,100.0,-0.8326100182107298
97.42084168336673,70.56756756756756,,100.0,1.0,100.0,-0.835873934634279
97.6192384769539,70.56756756756756,,100.0,1.0,100.0,-0.8391641097926674
97.81763527054107,70.56756756756756,,100.0,1.0,100.0,-0.8424808021470234
98.01603206412825,70.56756756756756,,100.0,1.0,100.0,-0.8458242734775977
98.21442885771542,70.56756756756756,,100.0,1.0,100.0,-0.8491947889281544
98.4128256513026,70.56756756756756,,100.0,1.0,100.0,-0.852592617050653
98.61122244488979,70.56756756756756,,100.0,1.0,100.0,-0.8560180298505703
98.80961923847698,70.56756756756756,,100.0,1.0,100.0,-0.8594713028325482
99.00801603206413,70.56756756756756,,100.0,1.0,100.0,-0.8629527150464509
99.2064128256513,70.56756756756756,,100.0,1.0,100.0,-0.8664625491339718
99.40480961923848,70.56756756756756,,100.0,1.0,100.0,-0.8700010913757021
99.60320641282564,70.56756756756756,,100.0,1.0,100.0,-0.8735686317385732
99.80160320641282,70.56756756756756,,100.0,1.0,100.0,-0.8771654639238259
100.0,70.56756756756756,,100.0,1.0,100.0,-0.8807918854155715
1.0,73.24324324324324,,100.0,1.0,100.0,-0.561532185452689
1.1983967935871744,73.24324324324324,,100.0,1.0,100.0,-0.558715011000188
1.3967935871743486,73.24324324324324,,100.0,1.0,100.0,-0.5559253002472723
1.595190380761523,73.24324324324324,,100.0,1.0,100.0,-0.5531631171116574
1.7935871743486973,73.24324324324324,,100.0,1.0,100.0,-0.5504285225379579
1.9919839679358717,73.24324324324324,,100.0,1.0,100.0,-0.5477215744779996
2.190380761523046,73.24324324324324,,100.0,1.0,100.0,-0.5450423278725469
2.38877755511022,73.24324324324324,,100.0,1.0,100.0,-0.5423908346343256
2.5871743486973946,73.24324324324324,,100.0,1.0,100.0,-0.539767143632315
2.785571142284569,73.24324324324324,,100.0,1.0,100.0,-0.5371713006773162
2.9839679358717435,73.24324324324324,,100.0,1.0,100.0,-0.5346033485087254
3.182364729458918,73.24324324324324,,100.0,1.0,100.0,-0.5320633267824987
3.380761523046093,73.24324324324324,,100.0,1.0,100.0,-0.5295512720602854
3.579158316633267,73.24324324324324,,100.0,1.0,100.0,-0.5270672177997056
3.7775551102204403,73.24324324324324,,100.0,1.0,100.0,-0.5246111943457087
3.9759519038076157,73.24324324324324,,100.0,1.0,100.0,-0.5221832289230659
4.174348697394789,73.24324324324324,,100.0,1.0,100.0,-0.5197833456298538
4.372745490981964,73.24324324324324,,100.0,1.0,100.0,-0.5174115654320165
4.571142284569138,73.24324324324324,,100.0,1.0,100.0,-0.5150679061589221
4.7695390781563125,73.24324324324324,,100.0,1.0,100.0,-0.5127523824998937
4.967935871743487,73.24324324324324,,100.0,1.0,100.0,-0.5104650060017295
5.166332665330662,73.24324324324324,,100.0,1.0,100.0,-0.508205785067132
5.364729458917837,73.24324324324324,,100.0,1.0,100.0,-0.505974724954023
5.563126252505009,73.24324324324324,,100.0,1.0,100.0,-0.5037718277758878
5.761523046092185,73.24324324324324,,100.0,1.0,100.0,-0.5015970925028176
5.959919839679359,73.24324324324324,,100.0,1.0,100.0,-0.4994505149635717
6.158316633266534,73.24324324324324,,100.0,1.0,100.0,-0.4973320878483124
6.356713426853707,73.24324324324324,,100.0,1.0,100.0,-0.4952418007123543
6.555110220440882,73.24324324324324,,100.0,1.0,100.0,-0.4931796399805547
6.753507014028057,73.24324324324324,,100.0,1.0,100.0,-0.4911455889525497
6.951903807615231,73.24324324324324,,100.0,1.0,100.0,-0.4891396278087976
7.150300601202405,73.24324324324324,,100.0,1.0,100.0,-0.4871617336173085
7.348697394789579,73.24324324324324,,100.0,1.0,100.0,-0.4852118803411597
7.547094188376754,73.24324324324324,,100.0,1.0,100.0,-0.4832900388467417
7.745490981963927,73.24324324324324,,100.0,1.0,100.0,-0.4813961769126602
7.9438877755511,73.24324324324324,,100.0,1.0,100.0,-0.4795302592394261
8.142284569138276,73.24324324324324,,100.0,1.0,100.0,-0.4776922474597532
8.340681362725451,73.24324324324324,,100.0,1.0,100.0,-0.4758821001495718
8.539078156312625,73.24324324324324,,100.0,1.0,100.0,-0.4740997728396829
8.737474949899799,73.24324324324324,,100.0,1.0,100.0,-0.4723452180281128
8.935871743486974,73.24324324324324,,100.0,1.0,100.0,-0.4706183851930416
9.13426853707415,73.24324324324324,,100.0,1.0,100.0,-0.468919220806444
9.332665330661325,73.24324324324324,,100.0,1.0,100.0,-0.4672476683482224
9.531062124248498,73.24324324324324,,100.0,1.0,100.0,-0.4656036683211743
9.729458917835672,73.24324324324324,,100.0,1.0,100.0,-0.4639871582663126
9.927855711422845,73.24324324324324,,100.0,1.0,100.0,-0.4623980727789762
10.126252505010019,73.24324324324324,,100.0,1.0,100.0,-0.4608363435254612
10.324649298597194,73.24324324324324,,100.0,1.0,100.0,-0.4593018992601965
10.52304609218437,73.24324324324324,,100.0,1.0,100.0,-0.4577946658435812
10.721442885771543,73.24324324324324,,100.0,1.0,100.0,-0.4563145662603358
10.919839679358718,73.24324324324324,,100.0,1.0,100.0,-0.4548615206384475
11.118236472945892,73.24324324324324,,100.0,1.0,100.0,-0.4534354462686401
11.316633266533067,73.24324324324324,,100.0,1.0,100.0,-0.4520362576244255
11.515030060120242,73.24324324324324,,100.0,1.0,100.0,-0.4506638663827328
11.713426853707414,73.24324324324324,,100.0,1.0,100.0,-0.4493181814450206
11.91182364729459,73.24324324324324,,100.0,1.0,100.0,-0.4479991089589769
12.110220440881761,73.24324324324324,,100.0,1.0,100.0,-0.4467065523407151
12.308617234468937,73.24324324324324,,100.0,1.0,100.0,-0.4454404122975648
12.507014028056114,73.24324324324324,,100.0,1.0,100.0,-0.4442005868513425
12.705410821643287,73.24324324324324,,100.0,1.0,100.0,-0.442986971362147
12.903807615230463,73.24324324324324,,100.0,1.0,100.0,-0.4417994585527018
13.102204408817634,73.24324324324324,,100.0,1.0,100.0,-0.4406379385332094
13.30060120240481,73.24324324324324,,100.0,1.0,100.0,-0.4395022988267096
13.498997995991983,73.24324324324324,,100.0,1.0,100.0,-0.438392424394979
13.697394789579159,73.24324324324324,,100.0,1.0,100.0,-0.4373081976648956
13.895791583166334,73.24324324324324,,100.0,1.0,100.0,-0.4362494985553656
14.094188376753507,73.24324324324324,,100.0,1.0,100.0,-0.4352162045047094
14.292585170340683,73.24324324324324,,100.0,1.0,100.0,-0.4342081904985608
14.490981963927855,73.24324324324324,,100.0,1.0,100.0,-0.4332253290983001
14.689378757515032,73.24324324324324,,100.0,1.0,100.0,-0.4322674904699595
14.887775551102203,73.24324324324324,,100.0,1.0,100.0,-0.4313345424135635
15.086172344689379,73.24324324324324,,100.0,1.0,100.0,-0.4304263503930964
15.284569138276554,73.24324324324324,,100.0,1.0,100.0,-0.4295427775668271
15.482965931863726,73.24324324324324,,100.0,1.0,100.0,-0.4286836848181887
15.681362725450903,73.24324324324324,,100.0,1.0,100.0,-0.4278489307871432
15.879759519038075,73.24324324324324,,100.0,1.0,100.0,-0.4270383719019804
16.07815631262525,73.24324324324324,,100.0,1.0,100.0,-0.4262518624116381
16.276553106212425,73.24324324324324,,100.0,1.0,100.0,-0.4254892544184765
16.474949899799597,73.24324324324324,,100.0,1.0,100.0,-0.4247503979115262
16.673346693386772,73.24324324324324,,100.0,1.0,100.0,-0.4240351408002252
16.871743486973948,73.24324324324324,,100.0,1.0,100.0,-0.4233433289485481
17.070140280561123,73.24324324324324,,100.0,1.0,100.0,-0.4226748062096764
17.2685370741483,73.24324324324324,,100.0,1.0,100.0,-0.4220294144611002
17.466933867735474,73.24324324324324,,100.0,1.0,100.0,-0.4214069936401175
17.66533066132265,73.24324324324324,,100.0,1.0,100.0,-0.4208073817798748
17.86372745490982,73.24324324324324,,100.0,1.0,100.0,-0.4202304150457643
18.062124248496996,73.24324324324324,,100.0,1.0,100.0,-0.4196759277722697
18.260521042084168,73.24324324324324,,100.0,1.0,100.0,-0.4191437525003157
18.458917835671343,73.24324324324324,,100.0,1.0,100.0,-0.4186337200149339
18.657314629258515,73.24324324324324,,100.0,1.0,100.0,-0.4181456593834363
18.85571142284569,73.24324324324324,,100.0,1.0,100.0,-0.4176793979939665
19.054108216432866,73.24324324324324,,100.0,1.0,100.0,-0.4172347615944443
19.252505010020037,73.24324324324324,,100.0,1.0,100.0,-0.4168115743319256
19.450901803607216,73.24324324324324,,100.0,1.0,100.0,-0.4164096587923896
19.649298597194388,73.24324324324324,,100.0,1.0,100.0,-0.4160288360408292
19.847695390781563,73.24324324324324,,100.0,1.0,100.0,-0.415668925661826
20.04609218436874,73.24324324324324,,100.0,1.0,100.0,-0.4153297458004038
20.244488977955914,73.24324324324324,,100.0,1.0,100.0,-0.4150111132032894
20.442885771543086,73.24324324324324,,100.0,1.0,100.0,-0.414712843260539
20.64128256513026,73.24324324324324,,100.0,1.0,100.0,-0.4144347500474962
20.839679358717436,73.24324324324324,,100.0,1.0,100.0,-0.4141766463670639
21.03807615230461,73.24324324324324,,100.0,1.0,100.0,-0.4139383437923639
21.236472945891784,73.24324324324324,,100.0,1.0,100.0,-0.4137196527096711
21.43486973947896,73.24324324324324,,100.0,1.0,100.0,-0.4135203823616533
21.633266533066134,73.24324324324324,,100.0,1.0,100.0,-0.4133403408909404
21.831663326653306,73.24324324324324,,100.0,1.0,100.0,-0.4131793353840002
22.030060120240485,73.24324324324324,,100.0,1.0,100.0,-0.413037171915235
22.228456913827657,73.24324324324324,,100.0,1.0,100.0,-0.4129136555913801
22.42685370741483,73.24324324324324,,100.0,1.0,100.0,-0.4128085905961974
22.625250501002007,73.24324324324324,,100.0,1.0,100.0,-0.4127217802353547
22.82364729458918,73.24324324324324,,100.0,1.0,100.0,-0.4126530269815828
23.02204408817635,73.24324324324324,,100.0,1.0,100.0,-0.4126021325200562
23.220440881763523,73.24324324324324,,100.0,1.0,100.0,-0.4125688977939748
23.4188376753507,73.24324324324324,,100.0,1.0,100.0,-0.4125531230503778
23.617234468937873,73.24324324324324,,100.0,1.0,100.0,-0.4125546078860987
23.815631262525052,73.24324324324324,,100.0,1.0,100.0,-0.4125731512939492
24.014028056112227,73.24324324324324,,100.0,1.0,100.0,-0.4126085517090719
24.212424849699403,73.24324324324324,,100.0,1.0,100.0,-0.4126606070553993
24.410821643286575,73.24324324324324,,100.0,1.0,100.0,-0.4127291147923144
24.609218436873746,73.24324324324324,,100.0,1.0,100.0,-0.4128138719614106
24.807615230460925,73.24324324324324,,100.0,1.0,100.0,-0.4129146752333829
25.006012024048097,73.24324324324324,,100.0,1.0,100.0,-0.4130313209550291
25.20440881763527,73.24324324324324,,100.0,1.0,100.0,-0.4131636051963165
25.402805611222448,73.24324324324324,,100.0,1.0,100.0,-0.4133113237975868
25.60120240480962,73.24324324324324,,100.0,1.0,100.0,-0.4134742724167867
25.79959919839679,73.24324324324324,,100.0,1.0,100.0,-0.4136522465767254
25.997995991983966,73.24324324324324,,100.0,1.0,100.0,-0.413845041712504
26.196392785571145,73.24324324324324,,100.0,1.0,100.0,-0.414052453218809
26.394789579158317,73.24324324324324,,100.0,1.0,100.0,-0.4142742764973286
26.59318637274549,73.24324324324324,,100.0,1.0,100.0,-0.4145103070041657
26.791583166332664,73.24324324324324,,100.0,1.0,100.0,-0.4147603402972322
26.98997995991984,73.24324324324324,,100.0,1.0,100.0,-0.4150241720835594
27.188376753507008,73.24324324324324,,100.0,1.0,100.0,-0.4153015982667432
27.386773547094187,73.24324324324324,,100.0,1.0,100.0,-0.4155924149941191
27.585170340681366,73.24324324324324,,100.0,1.0,100.0,-0.4158964187040873
27.783567134268534,73.24324324324324,,100.0,1.0,100.0,-0.4162134061732346
27.98196392785571,73.24324324324324,,100.0,1.0,100.0,-0.4165431745634166
28.180360721442888,73.24324324324324,,100.0,1.0,100.0,-0.4168855214687467
28.378757515030063,73.24324324324324,,100.0,1.0,100.0,-0.4172402449624655
28.577154308617235,73.24324324324324,,100.0,1.0,100.0,-0.4176071436436954
28.7755511022044,73.24324324324324,,100.0,1.0,100.0,-0.4179860166840831
28.97394789579158,73.24324324324324,,100.0,1.0,100.0,-0.4183766638742123
29.172344689378757,73.24324324324324,,100.0,1.0,100.0,-0.4187788856699614
29.370741482965926,73.24324324324324,,100.0,1.0,100.0,-0.4191924832386537
29.5691382765531,73.24324324324324,,100.0,1.0,100.0,-0.4196172585049472
29.76753507014028,73.24324324324324,,100.0,1.0,100.0,-0.4200530141966552
29.965931863727448,73.24324324324324,,100.0,1.0,100.0,-0.4204995538902706
30.164328657314627,73.24324324324324,,100.0,1.0,100.0,-0.4209566820562672
30.36272545090181,73.24324324324324,,100.0,1.0,100.0,-0.4214242041042283
30.56112224448897,73.24324324324324,,100.0,1.0,100.0,-0.4219019264276403
30.759519038076157,73.24324324324324,,100.0,1.0,100.0,-0.4223896564484912
30.957915831663332,73.24324324324324,,100.0,1.0,100.0,-0.4228872026616087
31.1563126252505,73.24324324324324,,100.0,1.0,100.0,-0.4233943746785857
31.35470941883768,73.24324324324324,,100.0,1.0,100.0,-0.4239109832716089
31.553106212424858,73.24324324324324,,100.0,1.0,100.0,-0.4244368404167666
31.751503006012022,73.24324324324324,,100.0,1.0,100.0,-0.4249717593371892
31.949899799599194,73.24324324324324,,100.0,1.0,100.0,-0.4255155545457516
32.14829659318637,73.24324324324324,,100.0,1.0,100.0,-0.4260680418874859
32.346693386773545,73.24324324324324,,100.0,1.0,100.0,-0.4266290385815668
32.545090180360724,73.24324324324324,,100.0,1.0,100.0,-0.4271983632630064
32.743486973947896,73.24324324324324,,100.0,1.0,100.0,-0.4277758360238373
32.941883767535074,73.24324324324324,,100.0,1.0,100.0,-0.4283612784539956
33.140280561122246,73.24324324324324,,100.0,1.0,100.0,-0.4289545136817166
33.33867735470942,73.24324324324324,,100.0,1.0,100.0,-0.4295553664135411
33.5370741482966,73.24324324324324,,100.0,1.0,100.0,-0.4301636629738236
33.73547094188377,73.24324324324324,,100.0,1.0,100.0,-0.430779231343833
33.93386773547095,73.24324324324324,,100.0,1.0,100.0,-0.431401901200286
34.13226452905812,73.24324324324324,,100.0,1.0,100.0,-0.432031503953511
34.3306613226453,73.24324324324324,,100.0,1.0,100.0,-0.4326678727849891
34.52905811623247,73.24324324324324,,100.0,1.0,100.0,-0.4333108426844406
34.72745490981965,73.24324324324324,,100.0,1.0,100.0,-0.4339602504862946
34.92585170340681,73.24324324324324,,100.0,1.0,100.0,-0.4346159349057616
35.12424849699399,73.24324324324324,,100.0,1.0,100.0,-0.4352777365741122
35.32264529058117,73.24324324324324,,100.0,1.0,100.0,-0.4359454980735442
35.521042084168336,73.24324324324324,,100.0,1.0,100.0,-0.4366190639713924
35.719438877755515,73.24324324324324,,100.0,1.0,100.0,-0.4372982808536656
35.91783567134269,73.24324324324324,,100.0,1.0,100.0,-0.4379829973580262
36.11623246492986,73.24324324324324,,100.0,1.0,100.0,-0.4386730642061048
36.31462925851703,73.24324324324324,,100.0,1.0,100.0,-0.4393683342350367
36.51302605210421,73.24324324324324,,100.0,1.0,100.0,-0.4400686624284862
36.71142284569138,73.24324324324324,,100.0,1.0,100.0,-0.4407739059468019
36.90981963927855,73.24324324324324,,100.0,1.0,100.0,-0.4414839241565703
37.10821643286573,73.24324324324324,,100.0,1.0,100.0,-0.4421985786593193
37.3066132264529,73.24324324324324,,100.0,1.0,100.0,-0.4429177333196066
37.505010020040075,73.24324324324324,,100.0,1.0,100.0,-0.4436412542921709
37.703406813627254,73.24324324324324,,100.0,1.0,100.0,-0.4443690100483876
37.90180360721443,73.24324324324324,,100.0,1.0,100.0,-0.4451008714019423
38.100200400801604,73.24324324324324,,100.0,1.0,100.0,-0.4458367115335482
38.298597194388776,73.24324324324324,,100.0,1.0,100.0,-0.4465764060149705
38.496993987975955,73.24324324324324,,100.0,1.0,100.0,-0.4473198328320625
38.69539078156313,73.24324324324324,,100.0,1.0,100.0,-0.4480668724070206
38.8937875751503,73.24324324324324,,100.0,1.0,100.0,-0.4488174076196498
39.09218436873748,73.24324324324324,,100.0,1.0,100.0,-0.4495713238277727
39.29058116232465,73.24324324324324,,100.0,1.0,100.0,-0.4503285088867289
39.48897795591183,73.24324324324324,,100.0,1.0,100.0,-0.4510888531678663
39.687374749499,73.24324324324324,,100.0,1.0,100.0,-0.4518522495760548
39.88577154308617,73.24324324324324,,100.0,1.0,100.0,-0.452618593566367
40.08416833667335,73.24324324324324,,100.0,1.0,100.0,-0.4533877831595683
40.28256513026052,73.24324324324324,,100.0,1.0,100.0,-0.4541597189566962
40.4809619238477,73.24324324324324,,100.0,1.0,100.0,-0.4549343041526982
40.67935871743487,73.24324324324324,,100.0,1.0,100.0,-0.4557114445488314
40.877755511022045,73.24324324324324,,100.0,1.0,100.0,-0.4564910485641944
41.07615230460922,73.24324324324324,,100.0,1.0,100.0,-0.4572730272461182
41.274549098196395,73.24324324324324,,100.0,1.0,100.0,-0.4580572942794843
41.47294589178357,73.24324324324324,,100.0,1.0,100.0,-0.4588437659949744
41.671342685370746,73.24324324324324,,100.0,1.0,100.0,-0.4596323613761924
41.86973947895792,73.24324324324324,,100.0,1.0,100.0,-0.4604230020657365
42.06813627254509,73.24324324324324,,100.0,1.0,100.0,-0.4612156123701454
42.26653306613227,73.24324324324324,,100.0,1.0,100.0,-0.462010119263618
42.46492985971944,73.24324324324324,,100.0,1.0,100.0,-0.4628064523908025
42.66332665330661,73.24324324324324,,100.0,1.0,100.0,-0.4636045440682628
42.861723446893784,73.24324324324324,,100.0,1.0,100.0,-0.464404329284913
43.06012024048097,73.24324324324324,,100.0,1.0,100.0,-0.4652057457012982
43.25851703406814,73.24324324324324,,100.0,1.0,100.0,-0.4660087336477
43.45691382765531,73.24324324324324,,100.0,1.0,100.0,-0.4668132361211046
43.655310621242485,73.24324324324324,,100.0,1.0,100.0,-0.4676191987810389
43.85370741482966,73.24324324324324,,100.0,1.0,100.0,-0.4684265699443036
44.05210420841683,73.24324324324324,,100.0,1.0,100.0,-0.4692353005784129
44.250501002004015,73.24324324324324,,100.0,1.0,100.0,-0.4700453442941288
44.448897795591186,73.24324324324324,,100.0,1.0,100.0,-0.4708566573366349
44.64729458917836,73.24324324324324,,100.0,1.0,100.0,-0.4716691985757351
44.84569138276553,73.24324324324324,,100.0,1.0,100.0,-0.4724829294948633
45.0440881763527,73.24324324324324,,100.0,1.0,100.0,-0.473297814179014
45.24248496993987,73.24324324324324,,100.0,1.0,100.0,-0.4741138193015072
45.440881763527045,73.24324324324324,,100.0,1.0,100.0,-0.4749309141098116
45.63927855711423,73.24324324324324,,100.0,1.0,100.0,-0.4757490704100998
45.8376753507014,73.24324324324324,,100.0,1.0,100.0,-0.4765682625508842
46.036072144288575,73.24324324324324,,100.0,1.0,100.0,-0.4773884674055664
46.23446893787575,73.24324324324324,,100.0,1.0,100.0,-0.4782096643539261
46.43286573146293,73.24324324324324,,100.0,1.0,100.0,-0.4790318352626707
46.631262525050104,73.24324324324324,,100.0,1.0,100.0,-0.4798549644648804
46.829659318637276,73.24324324324324,,100.0,1.0,100.0,-0.4806790387386006
47.028056112224455,73.24324324324324,,100.0,1.0,100.0,-0.481504047284455
47.22645290581163,73.24324324324324,,100.0,1.0,100.0,-0.4823299817022547
47.424849699398806,73.24324324324324,,100.0,1.0,100.0,-0.4831568359668302
47.62324649298598,73.24324324324324,,100.0,1.0,100.0,-0.4839846064028837
47.82164328657315,73.24324324324324,,100.0,1.0,100.0,-0.4848132916590647
48.02004008016032,73.24324324324324,,100.0,1.0,100.0,-0.4856428926812043
48.21843687374749,73.24324324324324,,100.0,1.0,100.0,-0.4864734126847505
48.41683366733468,73.24324324324324,,100.0,1.0,100.0,-0.4873048571264227
48.615230460921836,73.24324324324324,,100.0,1.0,100.0,-0.4881372336752075
48.81362725450902,73.24324324324324,,100.0,1.0,100.0,-0.4889705521825914
49.012024048096194,73.24324324324324,,100.0,1.0,100.0,-0.4898048246521296
49.21042084168337,73.24324324324324,,100.0,1.0,100.0,-0.4906400652084778
49.40881763527054,73.24324324324324,,100.0,1.0,100.0,-0.4914762900656509
49.60721442885771,73.24324324324324,,100.0,1.0,100.0,-0.4923135174948996
49.805611222444895,73.24324324324324,,100.0,1.0,100.0,-0.4931517677919801
50.00400801603207,73.24324324324324,,100.0,1.0,100.0,-0.4939910632438549
50.20240480961924,73.24324324324324,,100.0,1.0,100.0,-0.4948314280951496
50.40080160320641,73.24324324324324,,100.0,1.0,100.0,-0.4956728885139516
50.59919839679358,73.24324324324324,,100.0,1.0,100.0,-0.4965154725573742
50.79759519038077,73.24324324324324,,100.0,1.0,100.0,-0.4973592101368118
50.99599198396793,73.24324324324324,,100.0,1.0,100.0,-0.4982041329826668
51.19438877755511,73.24324324324324,,100.0,1.0,100.0,-0.4990502746091083
51.39278557114229,73.24324324324324,,100.0,1.0,100.0,-0.4998976702783736
51.59118236472946,73.24324324324324,,100.0,1.0,100.0,-0.500746356964972
51.789579158316634,73.24324324324324,,100.0,1.0,100.0,-0.5015963733196797
51.987975951903806,73.24324324324324,,100.0,1.0,100.0,-0.5024477596335296
52.18637274549098,73.24324324324324,,100.0,1.0,100.0,-0.503300557801516
52.38476953907816,73.24324324324324,,100.0,1.0,100.0,-0.504154811286485
52.583166332665336,73.24324324324324,,100.0,1.0,100.0,-0.5050105650828379
52.78156312625251,73.24324324324324,,100.0,1.0,100.0,-0.5058678656803185
52.97995991983967,73.24324324324324,,100.0,1.0,100.0,-0.5067267610278987
53.17835671342685,73.24324324324324,,100.0,1.0,100.0,-0.5075873004976797
53.37675350701403,73.24324324324324,,100.0,1.0,100.0,-0.5084495348490309
53.57515030060121,73.24324324324324,,100.0,1.0,100.0,-0.5093135161926685
53.77354709418837,73.24324324324324,,100.0,1.0,100.0,-0.5101792979553085
53.97194388777555,73.24324324324324,,100.0,1.0,100.0,-0.5110469348440794
54.17034068136273,73.24324324324324,,100.0,1.0,100.0,-0.5119164828115634
54.368737474949896,73.24324324324324,,100.0,1.0,100.0,-0.5127879990209375
54.567134268537075,73.24324324324324,,100.0,1.0,100.0,-0.5136615418114214
54.765531062124246,73.24324324324324,,100.0,1.0,100.0,-0.5145371706642115
54.96392785571142,73.24324324324324,,100.0,1.0,100.0,-0.5154149461685288
55.1623246492986,73.24324324324324,,100.0,1.0,100.0,-0.5162949299883003
55.360721442885776,73.24324324324324,,100.0,1.0,100.0,-0.5171771848291519
55.55911823647295,73.24324324324324,,100.0,1.0,100.0,-0.5180617744057825
55.75751503006013,73.24324324324324,,100.0,1.0,100.0,-0.5189487634098988
55.95591182364729,73.24324324324324,,100.0,1.0,100.0,-0.5198382174785542
56.15430861723447,73.24324324324324,,100.0,1.0,100.0,-0.5207302031630324
56.35270541082165,73.24324324324324,,100.0,1.0,100.0,-0.5216247878982131
56.551102204408814,73.24324324324324,,100.0,1.0,100.0,-0.522522039972492
56.74949899799599,73.24324324324324,,100.0,1.0,100.0,-0.5234220284982065
56.94789579158316,73.24324324324324,,100.0,1.0,100.0,-0.5243248233826735
57.146292585170336,73.24324324324324,,100.0,1.0,100.0,-0.5252304952998375
57.3446893787575,73.24324324324324,,100.0,1.0,100.0,-0.5261391156623746
57.543086172344694,73.24324324324324,,100.0,1.0,100.0,-0.5270507565944632
57.74148296593185,73.24324324324324,,100.0,1.0,100.0,-0.5279654909052651
57.93987975951904,73.24324324324324,,100.0,1.0,100.0,-0.5288833920628292
58.13827655310623,73.24324324324324,,100.0,1.0,100.0,-0.5298045341687451
58.336673346693395,73.24324324324324,,100.0,1.0,100.0,-0.5307289919334457
58.535070140280574,73.24324324324324,,100.0,1.0,100.0,-0.5316568406520028
58.73346693386774,73.24324324324324,,100.0,1.0,100.0,-0.5325881561807013
58.9318637274549,73.24324324324324,,100.0,1.0,100.0,-0.5335230149142135
59.13026052104208,73.24324324324324,,100.0,1.0,100.0,-0.5344614937633804
59.32865731462926,73.24324324324324,,100.0,1.0,100.0,-0.5354036701336334
59.52705410821644,73.24324324324324,,100.0,1.0,100.0,-0.5363496219041547
59.72545090180361,73.24324324324324,,100.0,1.0,100.0,-0.537299427407551
59.92384769539078,73.24324324324324,,100.0,1.0,100.0,-0.5382531654102408
60.12224448897794,73.24324324324324,,100.0,1.0,100.0,-0.539210915093461
60.32064128256512,73.24324324324324,,100.0,1.0,100.0,-0.5401727560349364
60.51903807615231,73.24324324324324,,100.0,1.0,100.0,-0.5411387681911258
60.717434869739485,73.24324324324324,,100.0,1.0,100.0,-0.5421090318800914
60.915831663326664,73.24324324324324,,100.0,1.0,100.0,-0.5430836277651218
61.114228456913835,73.24324324324324,,100.0,1.0,100.0,-0.5440626368387252
61.312625250501,73.24324324324324,,100.0,1.0,100.0,-0.5450461404074806
61.51102204408818,73.24324324324324,,100.0,1.0,100.0,-0.5460342200772951
61.709418837675344,73.24324324324324,,100.0,1.0,100.0,-0.5470269577394328
61.90781563126252,73.24324324324324,,100.0,1.0,100.0,-0.5480244355569206
62.1062124248497,73.24324324324324,,100.0,1.0,100.0,-0.5490267359517176
62.30460921843688,73.24324324324324,,100.0,1.0,100.0,-0.5500339415923837
62.50300601202406,73.24324324324324,,100.0,1.0,100.0,-0.5510461353822331
62.701402805611224,73.24324324324324,,100.0,1.0,100.0,-0.5520634004481325
62.89979959919839,73.24324324324324,,100.0,1.0,100.0,-0.5530858201298743
63.09819639278557,73.24324324324324,,100.0,1.0,100.0,-0.5541134779699692
63.296593186372746,73.24324324324324,,100.0,1.0,100.0,-0.555146457704002
63.494989979959925,73.24324324324324,,100.0,1.0,100.0,-0.5561848432515349
63.69338677354709,73.24324324324324,,100.0,1.0,100.0,-0.557228718707487
63.89178356713427,73.24324324324324,,100.0,1.0,100.0,-0.5582781683340292
64.09018036072143,73.24324324324324,,100.0,1.0,100.0,-0.5593332765529194
64.28857715430863,73.24324324324324,,100.0,1.0,100.0,-0.5603941279383539
64.48697394789579,73.24324324324324,,100.0,1.0,100.0,-0.5614608072102548
64.68537074148296,73.24324324324324,,100.0,1.0,100.0,-0.5625333992280791
64.88376753507015,73.24324324324324,,100.0,1.0,100.0,-0.5636119889849638
65.08216432865731,73.24324324324324,,100.0,1.0,100.0,-0.5646966616024159
65.28056112224449,73.24324324324324,,100.0,1.0,100.0,-0.5657875023253587
65.47895791583166,73.24324324324324,,100.0,1.0,100.0,-0.566884596517654
65.67735470941884,73.24324324324324,,100.0,1.0,100.0,-0.5679880296580174
65.87575150300601,73.24324324324324,,100.0,1.0,100.0,-0.5690978873363018
66.0741482965932,73.24324324324324,,100.0,1.0,100.0,-0.5702142552502089
66.27254509018036,73.24324324324324,,100.0,1.0,100.0,-0.5713372192024763
66.47094188376754,73.24324324324324,,100.0,1.0,100.0,-0.5724668650982215
66.66933867735472,73.24324324324324,,100.0,1.0,100.0,-0.5736032789429399
66.8677354709419,73.24324324324324,,100.0,1.0,100.0,-0.574746546840685
67.06613226452906,73.24324324324324,,100.0,1.0,100.0,-0.5758967549925941
67.26452905811624,73.24324324324324,,100.0,1.0,100.0,-0.5770539896959563
67.4629258517034,73.24324324324324,,100.0,1.0,100.0,-0.5782183373434603
67.6613226452906,73.24324324324324,,100.0,1.0,100.0,-0.5793898844228093
67.85971943887776,73.24324324324324,,100.0,1.0,100.0,-0.5805687175167802
68.05811623246494,73.24324324324324,,100.0,1.0,100.0,-0.581754923303455
68.2565130260521,73.24324324324324,,100.0,1.0,100.0,-0.5829485885569995
68.45490981963928,73.24324324324324,,100.0,1.0,100.0,-0.5841498001485105
68.65330661322645,73.24324324324324,,100.0,1.0,100.0,-0.5853586450474156
68.85170340681363,73.24324324324324,,100.0,1.0,100.0,-0.5865752103230734
69.05010020040079,73.24324324324324,,100.0,1.0,100.0,-0.5877995831466717
69.24849699398798,73.24324324324324,,100.0,1.0,100.0,-0.5890318507935616
69.44689378757515,73.24324324324324,,100.0,1.0,100.0,-0.5902721006457037
69.64529058116234,73.24324324324324,,100.0,1.0,100.0,-0.5915204201946814
69.84368737474949,73.24324324324324,,100.0,1.0,100.0,-0.5927768970447447
70.04208416833667,73.24324324324324,,100.0,1.0,100.0,-0.5940416189163202
70.24048096192385,73.24324324324324,,100.0,1.0,100.0,-0.5953146736498218
70.43887775551103,73.24324324324324,,100.0,1.0,100.0,-0.5965961492097078
70.6372745490982,73.24324324324324,,100.0,1.0,100.0,-0.5978861336888103
70.83567134268537,73.24324324324324,,100.0,1.0,100.0,-0.5991847153130566
71.03406813627254,73.24324324324324,,100.0,1.0,100.0,-0.6004919824463926
71.23246492985973,73.24324324324324,,100.0,1.0,100.0,-0.6018080235960386
71.4308617234469,73.24324324324324,,100.0,1.0,100.0,-0.6031329274179906
71.62925851703406,73.24324324324324,,100.0,1.0,100.0,-0.6044667827229447
71.82765531062124,73.24324324324324,,100.0,1.0,100.0,-0.6058096784823102
72.0260521042084,73.24324324324324,,100.0,1.0,100.0,-0.6071617038346793
72.2244488977956,73.24324324324324,,100.0,1.0,100.0,-0.6085229480925018
72.42284569138276,73.24324324324324,,100.0,1.0,100.0,-0.6098935007490831
72.62124248496994,73.24324324324324,,100.0,1.0,100.0,-0.6112734514858286
72.8196392785571,73.24324324324324,,100.0,1.0,100.0,-0.6126628901798071
73.01803607214428,73.24324324324324,,100.0,1.0,100.0,-0.6140619069115802
73.21643286573146,73.24324324324324,,100.0,1.0,100.0,-0.6154705919733675
73.41482965931863,73.24324324324324,,100.0,1.0,100.0,-0.6168890358773635
73.6132264529058,73.24324324324324,,100.0,1.0,100.0,-0.6183173293645516
73.81162324649299,73.24324324324324,,100.0,1.0,100.0,-0.6197555634135717
74.01002004008016,73.24324324324324,,100.0,1.0,100.0,-0.6212038292500466
74.20841683366733,73.24324324324324,,100.0,1.0,100.0,-0.6226622183560916
74.40681362725451,73.24324324324324,,100.0,1.0,100.0,-0.6241308224801432
74.60521042084169,73.24324324324324,,100.0,1.0,100.0,-0.6256097336470546
74.80360721442887,73.24324324324324,,100.0,1.0,100.0,-0.6270990441685375
75.00200400801603,73.24324324324324,,100.0,1.0,100.0,-0.6285988466537368
75.20040080160321,73.24324324324324,,100.0,1.0,100.0,-0.6301092340202921
75.39879759519039,73.24324324324324,,100.0,1.0,100.0,-0.6316302995054182
75.59719438877755,73.24324324324324,,100.0,1.0,100.0,-0.6331621366775909
75.79559118236472,73.24324324324324,,100.0,1.0,100.0,-0.6347048394481924
75.99398797595191,73.24324324324324,,100.0,1.0,100.0,-0.6362585020836475
76.19238476953907,73.24324324324324,,100.0,1.0,100.0,-0.6378232192176907
76.39078156312625,73.24324324324324,,100.0,1.0,100.0,-0.6393990858641398
76.58917835671345,73.24324324324324,,100.0,1.0,100.0,-0.6409861974296188
76.7875751503006,73.24324324324324,,100.0,1.0,100.0,-0.6425846497268376
76.98597194388778,73.24324324324324,,100.0,1.0,100.0,-0.6441945389879602
77.18436873747495,73.24324324324324,,100.0,1.0,100.0,-0.645815961878431
77.38276553106212,73.24324324324324,,100.0,1.0,100.0,-0.6474490155108453
77.5811623246493,73.24324324324324,,100.0,1.0,100.0,-0.649093797459312
77.77955911823646,73.24324324324324,,100.0,1.0,100.0,-0.6507504057739315
77.97795591182366,73.24324324324324,,100.0,1.0,100.0,-0.6524189389956236
78.1763527054108,73.24324324324324,,100.0,1.0,100.0,-0.654099496171189
78.374749498998,73.24324324324324,,100.0,1.0,100.0,-0.6557921768686638
78.5731462925852,73.24324324324324,,100.0,1.0,100.0,-0.6574970811929474
78.77154308617234,73.24324324324324,,100.0,1.0,100.0,-0.6592143098016309
78.96993987975952,73.24324324324324,,100.0,1.0,100.0,-0.6609439639211859
79.1683366733467,73.24324324324324,,100.0,1.0,100.0,-0.6626861453633043
79.36673346693387,73.24324324324324,,100.0,1.0,100.0,-0.6644409565416846
79.56513026052104,73.24324324324324,,100.0,1.0,100.0,-0.6662085004888322
79.76352705410822,73.24324324324324,,100.0,1.0,100.0,-0.667988880873348
79.9619238476954,73.24324324324324,,100.0,1.0,100.0,-0.6697822020172821
80.16032064128257,73.24324324324324,,100.0,1.0,100.0,-0.6715885689139498
80.35871743486975,73.24324324324324,,100.0,1.0,100.0,-0.67340808724583
80.55711422845691,73.24324324324324,,100.0,1.0,100.0,-0.675240863402815
80.75551102204409,73.24324324324324,,100.0,1.0,100.0,-0.6770870045006886
80.95390781563127,73.24324324324324,,100.0,1.0,100.0,-0.6789466183998194
81.15230460921843,73.24324324324324,,100.0,1.0,100.0,-0.6808198137242432
81.35070140280563,73.24324324324324,,100.0,1.0,100.0,-0.6827066998808071
81.54909819639279,73.24324324324324,,100.0,1.0,100.0,-0.6846073870786881
81.74749498997996,73.24324324324324,,100.0,1.0,100.0,-0.6865219863492351
81.94589178356713,73.24324324324324,,100.0,1.0,100.0,-0.6884506095657795
82.14428857715431,73.24324324324324,,100.0,1.0,100.0,-0.6903933694640523
82.34268537074149,73.24324324324324,,100.0,1.0,100.0,-0.6923503796626005
82.54108216432866,73.24324324324324,,100.0,1.0,100.0,-0.6943217546835218
82.73947895791585,73.24324324324324,,100.0,1.0,100.0,-0.696307609973461
82.937875751503,73.24324324324324,,100.0,1.0,100.0,-0.6983080619249088
83.13627254509018,73.24324324324324,,100.0,1.0,100.0,-0.7003232278975948
83.33466933867736,73.24324324324324,,100.0,1.0,100.0,-0.7023532262402625
83.53306613226454,73.24324324324324,,100.0,1.0,100.0,-0.704398176312646
83.7314629258517,73.24324324324324,,100.0,1.0,100.0,-0.7064581985077463
83.92985971943888,73.24324324324324,,100.0,1.0,100.0,-0.708533414274159
84.12825651302606,73.24324324324324,,100.0,1.0,100.0,-0.7106239461389294
84.32665330661322,73.24324324324324,,100.0,1.0,100.0,-0.7127299177303875
84.5250501002004,73.24324324324324,,100.0,1.0,100.0,-0.7148514538015307
84.72344689378757,73.24324324324324,,100.0,1.0,100.0,-0.7169886802532468
84.92184368737476,73.24324324324324,,100.0,1.0,100.0,-0.719141724158168
85.12024048096194,73.24324324324324,,100.0,1.0,100.0,-0.7213107137845879
85.3186372745491,73.24324324324324,,100.0,1.0,100.0,-0.7234957786205911
85.51703406813628,73.24324324324324,,100.0,1.0,100.0,-0.7256970493984715
85.71543086172345,73.24324324324324,,100.0,1.0,100.0,-0.7279146581195396
85.91382765531063,73.24324324324324,,100.0,1.0,100.0,-0.7301487380789151
86.1122244488978,73.24324324324324,,100.0,1.0,100.0,-0.7323994238907211
86.31062124248497,73.24324324324324,,100.0,1.0,100.0,-0.7346668515135546
86.50901803607215,73.24324324324324,,100.0,1.0,100.0,-0.7369511582761598
86.70741482965931,73.24324324324324,,100.0,1.0,100.0,-0.7392524829032322
86.90581162324649,73.24324324324324,,100.0,1.0,100.0,-0.7415709655417545
87.10420841683366,73.24324324324324,,100.0,1.0,100.0,-0.7439067477872849
87.30260521042084,73.24324324324324,,100.0,1.0,100.0,-0.7462599727106485
87.50100200400803,73.24324324324324,,100.0,1.0,100.0,-0.7486307848849872
87.6993987975952,73.24324324324324,,100.0,1.0,100.0,-0.7510193304127557
87.89779559118237,73.24324324324324,,100.0,1.0,100.0,-0.7534257569532997
88.09619238476955,73.24324324324324,,100.0,1.0,100.0,-0.7558502137505207
88.29458917835672,73.24324324324324,,100.0,1.0,100.0,-0.7582928516607608
88.4929859719439,73.24324324324324,,100.0,1.0,100.0,-0.7607538231810795
88.69138276553106,73.24324324324324,,100.0,1.0,100.0,-0.7632332824778041
88.88977955911824,73.24324324324324,,100.0,1.0,100.0,-0.7657313854150621
89.0881763527054,73.24324324324324,,100.0,1.0,100.0,-0.7682482895839853
89.28657314629258,73.24324324324324,,100.0,1.0,100.0,-0.7707841543319089
89.48496993987975,73.24324324324324,,100.0,1.0,100.0,-0.7733391407919159
89.68336673346693,73.24324324324324,,100.0,1.0,100.0,-0.7759134119126626
89.88176352705409,73.24324324324324,,100.0,1.0,100.0,-0.7785071324884137
90.08016032064127,73.24324324324324,,100.0,1.0,100.0,-0.781120469189499
90.27855711422846,73.24324324324324,,100.0,1.0,100.0,-0.7837535905929008
90.47695390781564,73.24324324324324,,100.0,1.0,100.0,-0.7864066672131366
90.6753507014028,73.24324324324324,,100.0,1.0,100.0,-0.7890798715335489
90.87374749498998,73.24324324324324,,100.0,1.0,100.0,-0.7917733780377445
91.07214428857715,73.24324324324324,,100.0,1.0,100.0,-0.7944873632413649
91.27054108216433,73.24324324324324,,100.0,1.0,100.0,-0.7972220057241658
91.46893787575152,73.24324324324324,,100.0,1.0,100.0,-0.7999774861623966
91.66733466933867,73.24324324324324,,100.0,1.0,100.0,-0.802753987361436
91.86573146292585,73.24324324324324,,100.0,1.0,100.0,-0.8055516942886839
92.06412825651303,73.24324324324324,,100.0,1.0,100.0,-0.8083707941069895
92.26252505010021,73.24324324324324,,100.0,1.0,100.0,-0.8112114762079795
92.46092184368737,73.24324324324324,,100.0,1.0,100.0,-0.8140739322461449
92.65931863727455,73.24324324324324,,100.0,1.0,100.0,-0.8169583561728423
92.85771543086172,73.24324324324324,,100.0,1.0,100.0,-0.819864944270927
93.05611222444891,73.24324324324324,,100.0,1.0,100.0,-0.8227938951894482
93.25450901803607,73.24324324324324,,100.0,1.0,100.0,-0.8257454099788448
93.45290581162325,73.24324324324324,,100.0,1.0,100.0,-0.8287196921263729
93.65130260521043,73.24324324324324,,100.0,1.0,100.0,-0.8317169475919265
93.84969939879761,73.24324324324324,,100.0,1.0,100.0,-0.834737384844094
94.04809619238478,73.24324324324324,,100.0,1.0,100.0,-0.83778121489665
94.24649298597195,73.24324324324324,,100.0,1.0,100.0,-0.840848651345283
94.44488977955912,73.24324324324324,,100.0,1.0,100.0,-0.8439399104048457
94.6432865731463,73.24324324324324,,100.0,1.0,100.0,-0.847055210946662
94.84168336673346,73.24324324324324,,100.0,1.0,100.0,-0.8501947745365199
95.04008016032064,73.24324324324324,,100.0,1.0,100.0,-0.8533588254727306
95.2384769539078,73.24324324324324,,100.0,1.0,100.0,-0.8565475908247104
95.43687374749499,73.24324324324324,,100.0,1.0,100.0,-0.8597613004719625
95.63527054108215,73.24324324324324,,100.0,1.0,100.0,-0.8630001871431708
95.83366733466936,73.24324324324324,,100.0,1.0,100.0,-0.8662644864559984
96.03206412825652,73.24324324324324,,100.0,1.0,100.0,-0.8695544369570871
96.2304609218437,73.24324324324324,,100.0,1.0,100.0,-0.8728702801623601
96.42885771543087,73.24324324324324,,100.0,1.0,100.0,-0.8762122605979101
96.62725450901804,73.24324324324324,,100.0,1.0,100.0,-0.8795806258411276
96.82565130260521,73.24324324324324,,100.0,1.0,100.0,-0.8829756265623018
97.02404809619239,73.24324324324324,,100.0,1.0,100.0,-0.8863975165665307
97.22244488977958,73.24324324324324,,100.0,1.0,100.0,-0.889846552836148
97.42084168336673,73.24324324324324,,100.0,1.0,100.0,-0.893322995573545
97.6192384769539,73.24324324324324,,100.0,1.0,100.0,-0.8968271082442532
97.81763527054107,73.24324324324324,,100.0,1.0,100.0,-0.900359157620722
98.01603206412825,73.24324324324324,,100.0,1.0,100.0,-0.9039194138261908
98.21442885771542,73.24324324324324,,100.0,1.0,100.0,-0.9075081503793202
98.4128256513026,73.24324324324324,,100.0,1.0,100.0,-0.9111256442390412
98.61122244488979,73.24324324324324,,100.0,1.0,100.0,-0.914772175849864
98.80961923847698,73.24324324324324,,100.0,1.0,100.0,-0.9184480291877698
99.00801603206413,73.24324324324324,,100.0,1.0,100.0,-0.922153491806466
99.2064128256513,73.24324324324324,,100.0,1.0,100.0,-0.925888854883987
99.40480961923848,73.24324324324324,,100.0,1.0,100.0,-0.929654413270004
99.60320641282564,73.24324324324324,,100.0,1.0,100.0,-0.9334504655334628
99.80160320641282,73.24324324324324,,100.0,1.0,100.0,-0.937277314010616
100.0,73.24324324324324,,100.0,1.0,100.0,-0.9411352648537518
1.0,75.91891891891892,,100.0,1.0,100.0,-0.5861415549364969
1.1983967935871744,75.91891891891892,,100.0,1.0,100.0,-0.5833490778696787
1.3967935871743486,75.91891891891892,,100.0,1.0,100.0,-0.5805841465694775
1.595190380761523,75.91891891891892,,100.0,1.0,100.0,-0.5778468286293893
1.7935871743486973,75.91891891891892,,100.0,1.0,100.0,-0.5751371884451695
1.9919839679358717,75.91891891891892,,100.0,1.0,100.0,-0.5724552872008278
2.190380761523046,75.91891891891892,,100.0,1.0,100.0,-0.5698011828559961
2.38877755511022,75.91891891891892,,100.0,1.0,100.0,-0.567174930134482
2.5871743486973946,75.91891891891892,,100.0,1.0,100.0,-0.5645765805141241
2.785571142284569,75.91891891891892,,100.0,1.0,100.0,-0.5620061822177469
2.9839679358717435,75.91891891891892,,100.0,1.0,100.0,-0.5594637802054037
3.182364729458918,75.91891891891892,,100.0,1.0,100.0,-0.5569494161676957
3.380761523046093,75.91891891891892,,100.0,1.0,100.0,-0.5544631285201621
3.579158316633267,75.91891891891892,,100.0,1.0,100.0,-0.5520049523988726
3.7775551102204403,75.91891891891892,,100.0,1.0,100.0,-0.5495749196569409
3.9759519038076157,75.91891891891892,,100.0,1.0,100.0,-0.5471730588621571
4.174348697394789,75.91891891891892,,100.0,1.0,100.0,-0.5447993952955702
4.372745490981964,75.91891891891892,,100.0,1.0,100.0,-0.5424539509510701
4.571142284569138,75.91891891891892,,100.0,1.0,100.0,-0.5401367445359184
4.7695390781563125,75.91891891891892,,100.0,1.0,100.0,-0.5378477914721892
4.967935871743487,75.91891891891892,,100.0,1.0,100.0,-0.5355871038991362
5.166332665330662,75.91891891891892,,100.0,1.0,100.0,-0.5333546906764137
5.364729458917837,75.91891891891892,,100.0,1.0,100.0,-0.5311505573881685
5.563126252505009,75.91891891891892,,100.0,1.0,100.0,-0.5289747063480037
5.761523046092185,75.91891891891892,,100.0,1.0,100.0,-0.5268271366046676
5.959919839679359,75.91891891891892,,100.0,1.0,100.0,-0.524707843948631
6.158316633266534,75.91891891891892,,100.0,1.0,100.0,-0.5226168209193875
6.356713426853707,75.91891891891892,,100.0,1.0,100.0,-0.5205540568135618
6.555110220440882,75.91891891891892,,100.0,1.0,100.0,-0.5185195376936943
6.753507014028057,75.91891891891892,,100.0,1.0,100.0,-0.5165132463978002
6.951903807615231,75.91891891891892,,100.0,1.0,100.0,-0.5145351625495835
7.150300601202405,75.91891891891892,,100.0,1.0,100.0,-0.5125852625694435
7.348697394789579,75.91891891891892,,100.0,1.0,100.0,-0.5106635196860326
7.547094188376754,75.91891891891892,,100.0,1.0,100.0,-0.5087699039485661
7.745490981963927,75.91891891891892,,100.0,1.0,100.0,-0.5069043822397057
7.9438877755511,75.91891891891892,,100.0,1.0,100.0,-0.50506691828918
8.142284569138276,75.91891891891892,,100.0,1.0,100.0,-0.5032574726879231
8.340681362725451,75.91891891891892,,100.0,1.0,100.0,-0.5014760029028574
8.539078156312625,75.91891891891892,,100.0,1.0,100.0,-0.4997224632923167
8.737474949899799,75.91891891891892,,100.0,1.0,100.0,-0.49799680512198
8.935871743486974,75.91891891891892,,100.0,1.0,100.0,-0.4962989765814702
9.13426853707415,75.91891891891892,,100.0,1.0,100.0,-0.4946289228014185
9.332665330661325,75.91891891891892,,100.0,1.0,100.0,-0.4929865858711847
9.531062124248498,75.91891891891892,,100.0,1.0,100.0,-0.4913719048570285
9.729458917835672,75.91891891891892,,100.0,1.0,100.0,-0.4897848158209186
9.927855711422845,75.91891891891892,,100.0,1.0,100.0,-0.488225251839798
10.126252505010019,75.91891891891892,,100.0,1.0,100.0,-0.4866931430253952
10.324649298597194,75.91891891891892,,100.0,1.0,100.0,-0.4851884165445996
10.52304609218437,75.91891891891892,,100.0,1.0,100.0,-0.483710996640226
10.721442885771543,75.91891891891892,,100.0,1.0,100.0,-0.4822608046524479
10.919839679358718,75.91891891891892,,100.0,1.0,100.0,-0.4808377590405678
11.118236472945892,75.91891891891892,,100.0,1.0,100.0,-0.479441775405429
11.316633266533067,75.91891891891892,,100.0,1.0,100.0,-0.4780727665121659
11.515030060120242,75.91891891891892,,100.0,1.0,100.0,-0.4767306423135652
11.713426853707414,75.91891891891892,,100.0,1.0,100.0,-0.475415309973816
11.91182364729459,75.91891891891892,,100.0,1.0,100.0,-0.474126673892819
12.110220440881761,75.91891891891892,,100.0,1.0,100.0,-0.4728646357308425
12.308617234468937,75.91891891891892,,100.0,1.0,100.0,-0.4716290944337918
12.507014028056114,75.91891891891892,,100.0,1.0,100.0,-0.470419946258801
12.705410821643287,75.91891891891892,,100.0,1.0,100.0,-0.4692370848004285
12.903807615230463,75.91891891891892,,100.0,1.0,100.0,-0.468080401017152
13.102204408817634,75.91891891891892,,100.0,1.0,100.0,-0.4669497832584513
13.30060120240481,75.91891891891892,,100.0,1.0,100.0,-0.4658451172922746
13.498997995991983,75.91891891891892,,100.0,1.0,100.0,-0.4647662863329531
13.697394789579159,75.91891891891892,,100.0,1.0,100.0,-0.4637131710695941
13.895791583166334,75.91891891891892,,100.0,1.0,100.0,-0.4626856496948869
14.094188376753507,75.91891891891892,,100.0,1.0,100.0,-0.4616835979343744
14.292585170340683,75.91891891891892,,100.0,1.0,100.0,-0.460706889076147
14.490981963927855,75.91891891891892,,100.0,1.0,100.0,-0.459755394000966
14.689378757515032,75.91891891891892,,100.0,1.0,100.0,-0.4588289812128878
14.887775551102203,75.91891891891892,,100.0,1.0,100.0,-0.4579275168701935
15.086172344689379,75.91891891891892,,100.0,1.0,100.0,-0.4570508648168935
15.284569138276554,75.91891891891892,,100.0,1.0,100.0,-0.4561988866145486
15.482965931863726,75.91891891891892,,100.0,1.0,100.0,-0.455371441574588
15.681362725450903,75.91891891891892,,100.0,1.0,100.0,-0.4545683867910247
15.879759519038075,75.91891891891892,,100.0,1.0,100.0,-0.4537895771735915
16.07815631262525,75.91891891891892,,100.0,1.0,100.0,-0.4530348654812807
16.276553106212425,75.91891891891892,,100.0,1.0,100.0,-0.4523041023563812
16.474949899799597,75.91891891891892,,100.0,1.0,100.0,-0.4515971363588028
16.673346693386772,75.91891891891892,,100.0,1.0,100.0,-0.4509138140009288
16.871743486973948,75.91891891891892,,100.0,1.0,100.0,-0.4502539797828034
17.070140280561123,75.91891891891892,,100.0,1.0,100.0,-0.4496174762277583
17.2685370741483,75.91891891891892,,100.0,1.0,100.0,-0.4490041439184799
17.466933867735474,75.91891891891892,,100.0,1.0,100.0,-0.4484138215333287
17.66533066132265,75.91891891891892,,100.0,1.0,100.0,-0.4478463458832914
17.86372745490982,75.91891891891892,,100.0,1.0,100.0,-0.4473015519490964
18.062124248496996,75.91891891891892,,100.0,1.0,100.0,-0.4467792729188405
18.260521042084168,75.91891891891892,,100.0,1.0,100.0,-0.4462793402259711
18.458917835671343,75.91891891891892,,100.0,1.0,100.0,-0.4458015835876911
18.657314629258515,75.91891891891892,,100.0,1.0,100.0,-0.4453458310436262
18.85571142284569,75.91891891891892,,100.0,1.0,100.0,-0.4449119089949808
19.054108216432866,75.91891891891892,,100.0,1.0,100.0,-0.4444996422440235
19.252505010020037,75.91891891891892,,100.0,1.0,100.0,-0.4441088540338527
19.450901803607216,75.91891891891892,,100.0,1.0,100.0,-0.4437393660886605
19.649298597194388,75.91891891891892,,100.0,1.0,100.0,-0.4433909986542159
19.847695390781563,75.91891891891892,,100.0,1.0,100.0,-0.4430635705387589
20.04609218436874,75.91891891891892,,100.0,1.0,100.0,-0.4427568991542056
20.244488977955914,75.91891891891892,,100.0,1.0,100.0,-0.4424708005576767
20.442885771543086,75.91891891891892,,100.0,1.0,100.0,-0.4422050894933637
20.64128256513026,75.91891891891892,,100.0,1.0,100.0,-0.4419595794347152
20.839679358717436,75.91891891891892,,100.0,1.0,100.0,-0.4417340826268894
21.03807615230461,75.91891891891892,,100.0,1.0,100.0,-0.4415284101295275
21.236472945891784,75.91891891891892,,100.0,1.0,100.0,-0.4413423718598519
21.43486973947896,75.91891891891892,,100.0,1.0,100.0,-0.4411757766359854
21.633266533066134,75.91891891891892,,100.0,1.0,100.0,-0.4410284322205693
21.831663326653306,75.91891891891892,,100.0,1.0,100.0,-0.4409001453646634
22.030060120240485,75.91891891891892,,100.0,1.0,100.0,-0.4407907218518862
22.228456913827657,75.91891891891892,,100.0,1.0,100.0,-0.440699966542799
22.42685370741483,75.91891891891892,,100.0,1.0,100.0,-0.4406276834195027
22.625250501002007,75.91891891891892,,100.0,1.0,100.0,-0.4405736756305352
22.82364729458918,75.91891891891892,,100.0,1.0,100.0,-0.4405377455358757
23.02204408817635,75.91891891891892,,100.0,1.0,100.0,-0.4405196947522936
23.220440881763523,75.91891891891892,,100.0,1.0,100.0,-0.4405193241987344
23.4188376753507,75.91891891891892,,100.0,1.0,100.0,-0.4405364341420383
23.617234468937873,75.91891891891892,,100.0,1.0,100.0,-0.4405708242427351
23.815631262525052,75.91891891891892,,100.0,1.0,100.0,-0.4406222936010331
24.014028056112227,75.91891891891892,,100.0,1.0,100.0,-0.4406906408029834
24.212424849699403,75.91891891891892,,100.0,1.0,100.0,-0.4407756639667675
24.410821643286575,75.91891891891892,,100.0,1.0,100.0,-0.440877160789087
24.609218436873746,75.91891891891892,,100.0,1.0,100.0,-0.4409949285917339
24.807615230460925,75.91891891891892,,100.0,1.0,100.0,-0.4411287643681937
25.006012024048097,75.91891891891892,,100.0,1.0,100.0,-0.4412784648304272
25.20440881763527,75.91891891891892,,100.0,1.0,100.0,-0.4414438264556645
25.402805611222448,75.91891891891892,,100.0,1.0,100.0,-0.4416246455333141
25.60120240480962,75.91891891891892,,100.0,1.0,100.0,-0.4418207182118835
25.79959919839679,75.91891891891892,,100.0,1.0,100.0,-0.4420318405460301
25.997995991983966,75.91891891891892,,100.0,1.0,100.0,-0.4422578085435538
26.196392785571145,75.91891891891892,,100.0,1.0,100.0,-0.4424984182124948
26.394789579158317,75.91891891891892,,100.0,1.0,100.0,-0.4427534656081593
26.59318637274549,75.91891891891892,,100.0,1.0,100.0,-0.443022746880218
26.791583166332664,75.91891891891892,,100.0,1.0,100.0,-0.4433060583197739
26.98997995991984,75.91891891891892,,100.0,1.0,100.0,-0.4436031964063493
27.188376753507008,75.91891891891892,,100.0,1.0,100.0,-0.4439139578549215
27.386773547094187,75.91891891891892,,100.0,1.0,100.0,-0.4442381396628118
27.585170340681366,75.91891891891892,,100.0,1.0,100.0,-0.4445755391566203
27.783567134268534,75.91891891891892,,100.0,1.0,100.0,-0.4449259540389654
27.98196392785571,75.91891891891892,,100.0,1.0,100.0,-0.4452891824352449
28.180360721442888,75.91891891891892,,100.0,1.0,100.0,-0.445665022940211
28.378757515030063,75.91891891891892,,100.0,1.0,100.0,-0.4460532746644903
28.577154308617235,75.91891891891892,,100.0,1.0,100.0,-0.4464537372809068
28.7755511022044,75.91891891891892,,100.0,1.0,100.0,-0.4468662110707803
28.97394789579158,75.91891891891892,,100.0,1.0,100.0,-0.4472904969699561
29.172344689378757,75.91891891891892,,100.0,1.0,100.0,-0.4477263966147087
29.370741482965926,75.91891891891892,,100.0,1.0,100.0,-0.4481737123875423
29.5691382765531,75.91891891891892,,100.0,1.0,100.0,-0.4486322474626391
29.76753507014028,75.91891891891892,,100.0,1.0,100.0,-0.4491018058513264
29.965931863727448,75.91891891891892,,100.0,1.0,100.0,-0.4495821924470669
30.164328657314627,75.91891891891892,,100.0,1.0,100.0,-0.4500732130704888
30.36272545090181,75.91891891891892,,100.0,1.0,100.0,-0.4505746745139288
30.56112224448897,75.91891891891892,,100.0,1.0,100.0,-0.4510863845859286
30.759519038076157,75.91891891891892,,100.0,1.0,100.0,-0.4516081521553382
30.957915831663332,75.91891891891892,,100.0,1.0,100.0,-0.4521397871951406
31.1563126252505,75.91891891891892,,100.0,1.0,100.0,-0.4526811008261026
31.35470941883768,75.91891891891892,,100.0,1.0,100.0,-0.453231905359912
31.553106212424858,75.91891891891892,,100.0,1.0,100.0,-0.4537920143422641
31.751503006012022,75.91891891891892,,100.0,1.0,100.0,-0.4543612425952994
31.949899799599194,75.91891891891892,,100.0,1.0,100.0,-0.4549394062600189
32.14829659318637,75.91891891891892,,100.0,1.0,100.0,-0.4555263228381043
32.346693386773545,75.91891891891892,,100.0,1.0,100.0,-0.4561218112334272
32.545090180360724,75.91891891891892,,100.0,1.0,100.0,-0.4567256917932484
32.743486973947896,75.91891891891892,,100.0,1.0,100.0,-0.4573377863488985
32.941883767535074,75.91891891891892,,100.0,1.0,100.0,-0.4579579182561438
33.140280561122246,75.91891891891892,,100.0,1.0,100.0,-0.4585859124350466
33.33867735470942,75.91891891891892,,100.0,1.0,100.0,-0.4592215954094012
33.5370741482966,75.91891891891892,,100.0,1.0,100.0,-0.4598647953457991
33.73547094188377,75.91891891891892,,100.0,1.0,100.0,-0.4605153420920244
33.93386773547095,75.91891891891892,,100.0,1.0,100.0,-0.461173067215198
34.13226452905812,75.91891891891892,,100.0,1.0,100.0,-0.4618378040392119
34.3306613226453,75.91891891891892,,100.0,1.0,100.0,-0.4625093876817761
34.52905811623247,75.91891891891892,,100.0,1.0,100.0,-0.4631876550909261
34.72745490981965,75.91891891891892,,100.0,1.0,100.0,-0.4638724450808017
34.92585170340681,75.91891891891892,,100.0,1.0,100.0,-0.4645635983672183
35.12424849699399,75.91891891891892,,100.0,1.0,100.0,-0.4652609576022488
35.32264529058117,75.91891891891892,,100.0,1.0,100.0,-0.4659643674085245
35.521042084168336,75.91891891891892,,100.0,1.0,100.0,-0.466673674412712
35.719438877755515,75.91891891891892,,100.0,1.0,100.0,-0.4673887272785496
35.91783567134269,75.91891891891892,,100.0,1.0,100.0,-0.4681093767390424
36.11623246492986,75.91891891891892,,100.0,1.0,100.0,-0.4688354756281497
36.31462925851703,75.91891891891892,,100.0,1.0,100.0,-0.4695668789117287
36.51302605210421,75.91891891891892,,100.0,1.0,100.0,-0.4703034437177325
36.71142284569138,75.91891891891892,,100.0,1.0,100.0,-0.4710450293658197
36.90981963927855,75.91891891891892,,100.0,1.0,100.0,-0.4717914973961614
37.10821643286573,75.91891891891892,,100.0,1.0,100.0,-0.4725427115974479
37.3066132264529,75.91891891891892,,100.0,1.0,100.0,-0.4732985380342742
37.505010020040075,75.91891891891892,,100.0,1.0,100.0,-0.4740588450735798
37.703406813627254,75.91891891891892,,100.0,1.0,100.0,-0.4748235034104126
37.90180360721443,75.91891891891892,,100.0,1.0,100.0,-0.4755923860928651
38.100200400801604,75.91891891891892,,100.0,1.0,100.0,-0.4763653685461181
38.298597194388776,75.91891891891892,,100.0,1.0,100.0,-0.4771423285956648
38.496993987975955,75.91891891891892,,100.0,1.0,100.0,-0.4779231464897222
38.69539078156313,75.91891891891892,,100.0,1.0,100.0,-0.4787077049206983
38.8937875751503,75.91891891891892,,100.0,1.0,100.0,-0.4794958890457544
39.09218436873748,75.91891891891892,,100.0,1.0,100.0,-0.4802875865065559
39.29058116232465,75.91891891891892,,100.0,1.0,100.0,-0.4810826874479466
39.48897795591183,75.91891891891892,,100.0,1.0,100.0,-0.481881084535813
39.687374749499,75.91891891891892,,100.0,1.0,100.0,-0.4826826729738898
39.88577154308617,75.91891891891892,,100.0,1.0,100.0,-0.4834873505196865
40.08416833667335,75.91891891891892,,100.0,1.0,100.0,-0.4842950174993508
40.28256513026052,75.91891891891892,,100.0,1.0,100.0,-0.4851055768215433
40.4809619238477,75.91891891891892,,100.0,1.0,100.0,-0.4859189339903598
40.67935871743487,75.91891891891892,,100.0,1.0,100.0,-0.4867349971171267
40.877755511022045,75.91891891891892,,100.0,1.0,100.0,-0.487553676931259
41.07615230460922,75.91891891891892,,100.0,1.0,100.0,-0.4883748867900059
41.274549098196395,75.91891891891892,,100.0,1.0,100.0,-0.4891985426871399
41.47294589178357,75.91891891891892,,100.0,1.0,100.0,-0.4900245632606153
41.671342685370746,75.91891891891892,,100.0,1.0,100.0,-0.4908528697991242
41.86973947895792,75.91891891891892,,100.0,1.0,100.0,-0.4916833862475321
42.06813627254509,75.91891891891892,,100.0,1.0,100.0,-0.4925160392112818
42.26653306613227,75.91891891891892,,100.0,1.0,100.0,-0.4933507579596455
42.46492985971944,75.91891891891892,,100.0,1.0,100.0,-0.4941874744279165
42.66332665330661,75.91891891891892,,100.0,1.0,100.0,-0.4950261232184481
42.861723446893784,75.91891891891892,,100.0,1.0,100.0,-0.4958666416005861
43.06012024048097,75.91891891891892,,100.0,1.0,100.0,-0.4967089695094755
43.25851703406814,75.91891891891892,,100.0,1.0,100.0,-0.4975530495438587
43.45691382765531,75.91891891891892,,100.0,1.0,100.0,-0.4983988269625121
43.655310621242485,75.91891891891892,,100.0,1.0,100.0,-0.4992462496798677
43.85370741482966,75.91891891891892,,100.0,1.0,100.0,-0.5000952682602627
44.05210420841683,75.91891891891892,,100.0,1.0,100.0,-0.5009458359112021
44.250501002004015,75.91891891891892,,100.0,1.0,100.0,-0.5017979084755073
44.448897795591186,75.91891891891892,,100.0,1.0,100.0,-0.5026514444223457
44.64729458917836,75.91891891891892,,100.0,1.0,100.0,-0.5035064048371619
44.84569138276553,75.91891891891892,,100.0,1.0,100.0,-0.5043627534104873
45.0440881763527,75.91891891891892,,100.0,1.0,100.0,-0.5052204564257805
45.24248496993987,75.91891891891892,,100.0,1.0,100.0,-0.5060794827460462
45.440881763527045,75.91891891891892,,100.0,1.0,100.0,-0.5069398037995754
45.63927855711423,75.91891891891892,,100.0,1.0,100.0,-0.5078013935644142
45.8376753507014,75.91891891891892,,100.0,1.0,100.0,-0.5086642285521071
46.036072144288575,75.91891891891892,,100.0,1.0,100.0,-0.5095282877901144
46.23446893787575,75.91891891891892,,100.0,1.0,100.0,-0.5103935528034745
46.43286573146293,75.91891891891892,,100.0,1.0,100.0,-0.5112600075953536
46.631262525050104,75.91891891891892,,100.0,1.0,100.0,-0.5121276386267128
46.829659318637276,75.91891891891892,,100.0,1.0,100.0,-0.5129964347949425
47.028056112224455,75.91891891891892,,100.0,1.0,100.0,-0.513866387411774
47.22645290581163,75.91891891891892,,100.0,1.0,100.0,-0.5147374901800267
47.424849699398806,75.91891891891892,,100.0,1.0,100.0,-0.5156097391697684
47.62324649298598,75.91891891891892,,100.0,1.0,100.0,-0.5164831327934256
47.82164328657315,75.91891891891892,,100.0,1.0,100.0,-0.5173576717801852
48.02004008016032,75.91891891891892,,100.0,1.0,100.0,-0.5182333591495725
48.21843687374749,75.91891891891892,,100.0,1.0,100.0,-0.5191102001842892
48.41683366733468,75.91891891891892,,100.0,1.0,100.0,-0.5199882024023265
48.615230460921836,75.91891891891892,,100.0,1.0,100.0,-0.5208673755282942
48.81362725450902,75.91891891891892,,100.0,1.0,100.0,-0.5217477314642374
49.012024048096194,75.91891891891892,,100.0,1.0,100.0,-0.522629284259691
49.21042084168337,75.91891891891892,,100.0,1.0,100.0,-0.5235120500811612
49.40881763527054,75.91891891891892,,100.0,1.0,100.0,-0.5243960471810671
49.60721442885771,75.91891891891892,,100.0,1.0,100.0,-0.5252812958660725
49.805611222444895,75.91891891891892,,100.0,1.0,100.0,-0.526167818465045
50.00400801603207,75.91891891891892,,100.0,1.0,100.0,-0.5270556392963506
50.20240480961924,75.91891891891892,,100.0,1.0,100.0,-0.5279447846349428
50.40080160320641,75.91891891891892,,100.0,1.0,100.0,-0.5288352826788951
50.59919839679358,75.91891891891892,,100.0,1.0,100.0,-0.5297271635155418
50.79759519038077,75.91891891891892,,100.0,1.0,100.0,-0.5306204590875077
50.99599198396793,75.91891891891892,,100.0,1.0,100.0,-0.5315152031581523
51.19438877755511,75.91891891891892,,100.0,1.0,100.0,-0.5324114312770468
51.39278557114229,75.91891891891892,,100.0,1.0,100.0,-0.5333091807449711
51.59118236472946,75.91891891891892,,100.0,1.0,100.0,-0.5342084905789671
51.789579158316634,75.91891891891892,,100.0,1.0,100.0,-0.5351094014770281
51.987975951903806,75.91891891891892,,100.0,1.0,100.0,-0.5360119557828638
52.18637274549098,75.91891891891892,,100.0,1.0,100.0,-0.5369161974504376
52.38476953907816,75.91891891891892,,100.0,1.0,100.0,-0.537822172008553
52.583166332665336,75.91891891891892,,100.0,1.0,100.0,-0.5387299265254292
52.78156312625251,75.91891891891892,,100.0,1.0,100.0,-0.5396395095732168
52.97995991983967,75.91891891891892,,100.0,1.0,100.0,-0.5405509711927209
53.17835671342685,75.91891891891892,,100.0,1.0,100.0,-0.5414643628580788
53.37675350701403,75.91891891891892,,100.0,1.0,100.0,-0.5423797374416297
53.57515030060121,75.91891891891892,,100.0,1.0,100.0,-0.5432971491788928
53.77354709418837,75.91891891891892,,100.0,1.0,100.0,-0.5442166536338732
53.97194388777555,75.91891891891892,,100.0,1.0,100.0,-0.5451383076643301
54.17034068136273,75.91891891891892,,100.0,1.0,100.0,-0.5460621693875708
54.368737474949896,75.91891891891892,,100.0,1.0,100.0,-0.546988298146313
54.567134268537075,75.91891891891892,,100.0,1.0,100.0,-0.5479167544749364
54.765531062124246,75.91891891891892,,100.0,1.0,100.0,-0.5488476000660528
54.96392785571142,75.91891891891892,,100.0,1.0,100.0,-0.5497808977374171
55.1623246492986,75.91891891891892,,100.0,1.0,100.0,-0.5507167113992065
55.360721442885776,75.91891891891892,,100.0,1.0,100.0,-0.5516551060217437
55.55911823647295,75.91891891891892,,100.0,1.0,100.0,-0.5525961476035816
55.75751503006013,75.91891891891892,,100.0,1.0,100.0,-0.5535399031400511
55.95591182364729,75.91891891891892,,100.0,1.0,100.0,-0.5544864405922876
56.15430861723447,75.91891891891892,,100.0,1.0,100.0,-0.5554358288567212
56.35270541082165,75.91891891891892,,100.0,1.0,100.0,-0.5563881377350588
56.551102204408814,75.91891891891892,,100.0,1.0,100.0,-0.5573434379047955
56.74949899799599,75.91891891891892,,100.0,1.0,100.0,-0.5583018008902587
56.94789579158316,75.91891891891892,,100.0,1.0,100.0,-0.5592632990341351
57.146292585170336,75.91891891891892,,100.0,1.0,100.0,-0.5602280054696547
57.3446893787575,75.91891891891892,,100.0,1.0,100.0,-0.5611959940932367
57.543086172344694,75.91891891891892,,100.0,1.0,100.0,-0.5621673395377761
57.74148296593185,75.91891891891892,,100.0,1.0,100.0,-0.5631421171465331
57.93987975951904,75.91891891891892,,100.0,1.0,100.0,-0.5641204029475146
58.13827655310623,75.91891891891892,,100.0,1.0,100.0,-0.565102273628573
58.336673346693395,75.91891891891892,,100.0,1.0,100.0,-0.5660878065130651
58.535070140280574,75.91891891891892,,100.0,1.0,100.0,-0.5670770795360804
58.73346693386774,75.91891891891892,,100.0,1.0,100.0,-0.568070171221368
58.9318637274549,75.91891891891892,,100.0,1.0,100.0,-0.5690671606588114
59.13026052104208,75.91891891891892,,100.0,1.0,100.0,-0.5700681274826007
59.32865731462926,75.91891891891892,,100.0,1.0,100.0,-0.5710731518498633
59.52705410821644,75.91891891891892,,100.0,1.0,100.0,-0.5720823144201869
59.72545090180361,75.91891891891892,,100.0,1.0,100.0,-0.573095696335486
59.92384769539078,75.91891891891892,,100.0,1.0,100.0,-0.5741133792006766
60.12224448897794,75.91891891891892,,100.0,1.0,100.0,-0.575135445064867
60.32064128256512,75.91891891891892,,100.0,1.0,100.0,-0.5761619764032352
60.51903807615231,75.91891891891892,,100.0,1.0,100.0,-0.5771930560994517
60.717434869739485,75.91891891891892,,100.0,1.0,100.0,-0.5782287674287238
60.915831663326664,75.91891891891892,,100.0,1.0,100.0,-0.5792691940415304
61.114228456913835,75.91891891891892,,100.0,1.0,100.0,-0.580314419947797
61.312625250501,75.91891891891892,,100.0,1.0,100.0,-0.5813645295018242
61.51102204408818,75.91891891891892,,100.0,1.0,100.0,-0.5824196073875897
61.709418837675344,75.91891891891892,,100.0,1.0,100.0,-0.5834797386049805
61.90781563126252,75.91891891891892,,100.0,1.0,100.0,-0.5845450084561252
62.1062124248497,75.91891891891892,,100.0,1.0,100.0,-0.5856155025327412
62.30460921843688,75.91891891891892,,100.0,1.0,100.0,-0.5866913067037374
62.50300601202406,75.91891891891892,,100.0,1.0,100.0,-0.5877725071034167
62.701402805611224,75.91891891891892,,100.0,1.0,100.0,-0.588859190120395
62.89979959919839,75.91891891891892,,100.0,1.0,100.0,-0.5899514423868606
63.09819639278557,75.91891891891892,,100.0,1.0,100.0,-0.5910493507683301
63.296593186372746,75.91891891891892,,100.0,1.0,100.0,-0.5921530023541135
63.494989979959925,75.91891891891892,,100.0,1.0,100.0,-0.5932624844481287
63.69338677354709,75.91891891891892,,100.0,1.0,100.0,-0.5943778845602306
63.89178356713427,75.91891891891892,,100.0,1.0,100.0,-0.595499290398084
64.09018036072143,75.91891891891892,,100.0,1.0,100.0,-0.5966267898594728
64.28857715430863,75.91891891891892,,100.0,1.0,100.0,-0.5977604710250548
64.48697394789579,75.91891891891892,,100.0,1.0,100.0,-0.5989004221516308
64.68537074148296,75.91891891891892,,100.0,1.0,100.0,-0.6000467316658665
64.88376753507015,75.91891891891892,,100.0,1.0,100.0,-0.6011994881583556
65.08216432865731,75.91891891891892,,100.0,1.0,100.0,-0.6023587803783038
65.28056112224449,75.91891891891892,,100.0,1.0,100.0,-0.603524697228435
65.47895791583166,75.91891891891892,,100.0,1.0,100.0,-0.6046973277604297
65.67735470941884,75.91891891891892,,100.0,1.0,100.0,-0.6058767611708215
65.87575150300601,75.91891891891892,,100.0,1.0,100.0,-0.6070630867971911
66.0741482965932,75.91891891891892,,100.0,1.0,100.0,-0.6082563941147092
66.27254509018036,75.91891891891892,,100.0,1.0,100.0,-0.6094567727333734
66.47094188376754,75.91891891891892,,100.0,1.0,100.0,-0.6106643123951544
66.66933867735472,75.91891891891892,,100.0,1.0,100.0,-0.611879102972014
66.8677354709419,75.91891891891892,,100.0,1.0,100.0,-0.6131012344638791
67.06613226452906,75.91891891891892,,100.0,1.0,100.0,-0.6143307969972772
67.26452905811624,75.91891891891892,,100.0,1.0,100.0,-0.615567880824087
67.4629258517034,75.91891891891892,,100.0,1.0,100.0,-0.616812576320898
67.6613226452906,75.91891891891892,,100.0,1.0,100.0,-0.6180649739884951
67.85971943887776,75.91891891891892,,100.0,1.0,100.0,-0.61932516445179
68.05811623246494,75.91891891891892,,100.0,1.0,100.0,-0.620593238460081
68.2565130260521,75.91891891891892,,100.0,1.0,100.0,-0.6218692868876738
68.45490981963928,75.91891891891892,,100.0,1.0,100.0,-0.6231534007347074
68.65330661322645,75.91891891891892,,100.0,1.0,100.0,-0.624445671128496
68.85170340681363,75.91891891891892,,100.0,1.0,100.0,-0.6257461893250551
69.05010020040079,75.91891891891892,,100.0,1.0,100.0,-0.6270550467109431
69.24849699398798,75.91891891891892,,100.0,1.0,100.0,-0.6283723348055642
69.44689378757515,75.91891891891892,,100.0,1.0,100.0,-0.629698145263512
69.64529058116234,75.91891891891892,,100.0,1.0,100.0,-0.6310325698775844
69.84368737474949,75.91891891891892,,100.0,1.0,100.0,-0.6323757005817927
70.04208416833667,75.91891891891892,,100.0,1.0,100.0,-0.6337276294547945
70.24048096192385,75.91891891891892,,100.0,1.0,100.0,-0.6350884487236675
70.43887775551103,75.91891891891892,,100.0,1.0,100.0,-0.6364582507679772
70.6372745490982,75.91891891891892,,100.0,1.0,100.0,-0.6378371281240137
70.83567134268537,75.91891891891892,,100.0,1.0,100.0,-0.6392251734895505
71.03406813627254,75.91891891891892,,100.0,1.0,100.0,-0.6406224797286562
71.23246492985973,75.91891891891892,,100.0,1.0,100.0,-0.6420291398770184
71.4308617234469,75.91891891891892,,100.0,1.0,100.0,-0.6434452471474285
71.62925851703406,75.91891891891892,,100.0,1.0,100.0,-0.6448708949355715
71.82765531062124,75.91891891891892,,100.0,1.0,100.0,-0.6463061768261399
72.0260521042084,75.91891891891892,,100.0,1.0,100.0,-0.6477511865992698
72.2244488977956,75.91891891891892,,100.0,1.0,100.0,-0.6492060182371757
72.42284569138276,75.91891891891892,,100.0,1.0,100.0,-0.6506707659311392
72.62124248496994,75.91891891891892,,100.0,1.0,100.0,-0.652145524088816
72.8196392785571,75.91891891891892,,100.0,1.0,100.0,-0.6536303873417044
73.01803607214428,75.91891891891892,,100.0,1.0,100.0,-0.6551254505530489
73.21643286573146,75.91891891891892,,100.0,1.0,100.0,-0.656630808825937
73.41482965931863,75.91891891891892,,100.0,1.0,100.0,-0.6581465575117053
73.6132264529058,75.91891891891892,,100.0,1.0,100.0,-0.659672792218666
73.81162324649299,75.91891891891892,,100.0,1.0,100.0,-0.6612096088210176
74.01002004008016,75.91891891891892,,100.0,1.0,100.0,-0.6627571034682093
74.20841683366733,75.91891891891892,,100.0,1.0,100.0,-0.6643153725944039
74.40681362725451,75.91891891891892,,100.0,1.0,100.0,-0.6658845129283399
74.60521042084169,75.91891891891892,,100.0,1.0,100.0,-0.6674646215034606
74.80360721442887,75.91891891891892,,100.0,1.0,100.0,-0.6690557956682637
75.00200400801603,75.91891891891892,,100.0,1.0,100.0,-0.6706581330970348
75.20040080160321,75.91891891891892,,100.0,1.0,100.0,-0.6722717318007756
75.39879759519039,75.91891891891892,,100.0,1.0,100.0,-0.6738966901384243
75.59719438877755,75.91891891891892,,100.0,1.0,100.0,-0.6755331068284157
75.79559118236472,75.91891891891892,,100.0,1.0,100.0,-0.6771810809604396
75.99398797595191,75.91891891891892,,100.0,1.0,100.0,-0.6788407120075322
76.19238476953907,75.91891891891892,,100.0,1.0,100.0,-0.6805120998384281
76.39078156312625,75.91891891891892,,100.0,1.0,100.0,-0.6821953447301866
76.58917835671345,75.91891891891892,,100.0,1.0,100.0,-0.6838905473810971
76.7875751503006,75.91891891891892,,100.0,1.0,100.0,-0.6855978089238526
76.98597194388778,75.91891891891892,,100.0,1.0,100.0,-0.6873172309389901
77.18436873747495,75.91891891891892,,100.0,1.0,100.0,-0.6890489154686696
77.38276553106212,75.91891891891892,,100.0,1.0,100.0,-0.6907929650306053
77.5811623246493,75.91891891891892,,100.0,1.0,100.0,-0.6925494826323757
77.77955911823646,75.91891891891892,,100.0,1.0,100.0,-0.6943185717859225
77.97795591182366,75.91891891891892,,100.0,1.0,100.0,-0.6961003365224538
78.1763527054108,75.91891891891892,,100.0,1.0,100.0,-0.6978948814073884
78.374749498998,75.91891891891892,,100.0,1.0,100.0,-0.6997023115558244
78.5731462925852,75.91891891891892,,100.0,1.0,100.0,-0.7015227326480489
78.77154308617234,75.91891891891892,,100.0,1.0,100.0,-0.7033562509455078
78.96993987975952,75.91891891891892,,100.0,1.0,100.0,-0.7052029733068852
79.1683366733467,75.91891891891892,,100.0,1.0,100.0,-0.7070630072044706
79.36673346693387,75.91891891891892,,100.0,1.0,100.0,-0.7089364607409839
79.56513026052104,75.91891891891892,,100.0,1.0,100.0,-0.7108234426662807
79.76352705410822,75.91891891891892,,100.0,1.0,100.0,-0.7127240623947247
79.9619238476954,75.91891891891892,,100.0,1.0,100.0,-0.7146384300225336
80.16032064128257,75.91891891891892,,100.0,1.0,100.0,-0.716566656345522
80.35871743486975,75.91891891891892,,100.0,1.0,100.0,-0.7185088528770546
80.55711422845691,75.91891891891892,,100.0,1.0,100.0,-0.7204651318662602
80.75551102204409,75.91891891891892,,100.0,1.0,100.0,-0.7224356063164787
80.95390781563127,75.91891891891892,,100.0,1.0,100.0,-0.7244203900040557
81.15230460921843,75.91891891891892,,100.0,1.0,100.0,-0.7264195974972342
81.35070140280563,75.91891891891892,,100.0,1.0,100.0,-0.7284333441754929
81.54909819639279,75.91891891891892,,100.0,1.0,100.0,-0.7304617462488749
81.74749498997996,75.91891891891892,,100.0,1.0,100.0,-0.7325049207779195
81.94589178356713,75.91891891891892,,100.0,1.0,100.0,-0.7345629856934522
82.14428857715431,75.91891891891892,,100.0,1.0,100.0,-0.7366360598169726
82.34268537074149,75.91891891891892,,100.0,1.0,100.0,-0.738724262881061
82.54108216432866,75.91891891891892,,100.0,1.0,100.0,-0.7408277155500598
82.73947895791585,75.91891891891892,,100.0,1.0,100.0,-0.7429465394411735
82.937875751503,75.91891891891892,,100.0,1.0,100.0,-0.745080857145612
83.13627254509018,75.91891891891892,,100.0,1.0,100.0,-0.7472307922501065
83.33466933867736,75.91891891891892,,100.0,1.0,100.0,-0.7493964693585698
83.53306613226454,75.91891891891892,,100.0,1.0,100.0,-0.7515780141140912
83.7314629258517,75.91891891891892,,100.0,1.0,100.0,-0.7537755532211694
83.92985971943888,75.91891891891892,,100.0,1.0,100.0,-0.7559892144681373
84.12825651302606,75.91891891891892,,100.0,1.0,100.0,-0.7582191267498768
84.32665330661322,75.91891891891892,,100.0,1.0,100.0,-0.7604654200907307
84.5250501002004,75.91891891891892,,100.0,1.0,100.0,-0.7627282256678019
84.72344689378757,75.91891891891892,,100.0,1.0,100.0,-0.7650076758341915
84.92184368737476,75.91891891891892,,100.0,1.0,100.0,-0.76730390414292
85.12024048096194,75.91891891891892,,100.0,1.0,100.0,-0.7696170453706651
85.3186372745491,75.91891891891892,,100.0,1.0,100.0,-0.7719472355420053
85.51703406813628,75.91891891891892,,100.0,1.0,100.0,-0.7742946119539151
85.71543086172345,75.91891891891892,,100.0,1.0,100.0,-0.7766593132002851
85.91382765531063,75.91891891891892,,100.0,1.0,100.0,-0.7790414791969483
86.1122244488978,75.91891891891892,,100.0,1.0,100.0,-0.7814412512068447
86.31062124248497,75.91891891891892,,100.0,1.0,100.0,-0.7838587718653166
86.50901803607215,75.91891891891892,,100.0,1.0,100.0,-0.7862941852059524
86.70741482965931,75.91891891891892,,100.0,1.0,100.0,-0.7887476366863472
86.90581162324649,75.91891891891892,,100.0,1.0,100.0,-0.791219273214367
87.10420841683366,75.91891891891892,,100.0,1.0,100.0,-0.793709243174493
87.30260521042084,75.91891891891892,,100.0,1.0,100.0,-0.7962176964545341
87.50100200400803,75.91891891891892,,100.0,1.0,100.0,-0.7987447844725565
87.6993987975952,75.91891891891892,,100.0,1.0,100.0,-0.801290660204041
87.89779559118237,75.91891891891892,,100.0,1.0,100.0,-0.80385547820936
88.09619238476955,75.91891891891892,,100.0,1.0,100.0,-0.806439394661451
88.29458917835672,75.91891891891892,,100.0,1.0,100.0,-0.8090425673737609
88.4929859719439,75.91891891891892,,100.0,1.0,100.0,-0.8116651558284844
88.69138276553106,75.91891891891892,,100.0,1.0,100.0,-0.8143073212050616
88.88977955911824,75.91891891891892,,100.0,1.0,100.0,-0.816969226408938
89.0881763527054,75.91891891891892,,100.0,1.0,100.0,-0.8196510361004902
89.28657314629258,75.91891891891892,,100.0,1.0,100.0,-0.8223529167244505
89.48496993987975,75.91891891891892,,100.0,1.0,100.0,-0.8250750365393474
89.68336673346693,75.91891891891892,,100.0,1.0,100.0,-0.8278175656474076
89.88176352705409,75.91891891891892,,100.0,1.0,100.0,-0.8305806760246556
90.08016032064127,75.91891891891892,,100.0,1.0,100.0,-0.8333645415511572
90.27855711422846,75.91891891891892,,100.0,1.0,100.0,-0.8361693380420004
90.47695390781564,75.91891891891892,,100.0,1.0,100.0,-0.8389952432778246
90.6753507014028,75.91891891891892,,100.0,1.0,100.0,-0.8418424370363892
90.87374749498998,75.91891891891892,,100.0,1.0,100.0,-0.8447111011239007
91.07214428857715,75.91891891891892,,100.0,1.0,100.0,-0.8476014194069601
91.27054108216433,75.91891891891892,,100.0,1.0,100.0,-0.8505135778444316
91.46893787575152,75.91891891891892,,100.0,1.0,100.0,-0.8534477645201183
91.66733466933867,75.91891891891892,,100.0,1.0,100.0,-0.8564041696752105
91.86573146292585,75.91891891891892,,100.0,1.0,100.0,-0.8593829857414139
92.06412825651303,75.91891891891892,,100.0,1.0,100.0,-0.8623844073742023
92.26252505010021,75.91891891891892,,100.0,1.0,100.0,-0.8654086314863906
92.46092184368737,75.91891891891892,,100.0,1.0,100.0,-0.868455857282103
92.65931863727455,75.91891891891892,,100.0,1.0,100.0,-0.8715262862908907
92.85771543086172,75.91891891891892,,100.0,1.0,100.0,-0.8746201224024516
93.05611222444891,75.91891891891892,,100.0,1.0,100.0,-0.8777375719012506
93.25450901803607,75.91891891891892,,100.0,1.0,100.0,-0.8808788435019195
93.45290581162325,75.91891891891892,,100.0,1.0,100.0,-0.884044148384565
93.65130260521043,75.91891891891892,,100.0,1.0,100.0,-0.8872337002308144
93.84969939879761,75.91891891891892,,100.0,1.0,100.0,-0.8904477152598417
94.04809619238478,75.91891891891892,,100.0,1.0,100.0,-0.893686412264819
94.24649298597195,75.91891891891892,,100.0,1.0,100.0,-0.8969500126499866
94.44488977955912,75.91891891891892,,100.0,1.0,100.0,-0.9002387404676666
94.6432865731463,75.91891891891892,,100.0,1.0,100.0,-0.9035528224557748
94.84168336673346,75.91891891891892,,100.0,1.0,100.0,-0.90689248807596
95.04008016032064,75.91891891891892,,100.0,1.0,100.0,-0.910257969551478
95.2384769539078,75.91891891891892,,100.0,1.0,100.0,-0.9136495019062144
95.43687374749499,75.91891891891892,,100.0,1.0,100.0,-0.917067323003382
95.63527054108215,75.91891891891892,,100.0,1.0,100.0,-0.9205116735849216
95.83366733466936,75.91891891891892,,100.0,1.0,100.0,-0.9239827973112502
96.03206412825652,75.91891891891892,,100.0,1.0,100.0,-0.9274809408014946
96.2304609218437,75.91891891891892,,100.0,1.0,100.0,-0.931006353673714
96.42885771543087,75.91891891891892,,100.0,1.0,100.0,-0.9345592885859412
96.62725450901804,75.91891891891892,,100.0,1.0,100.0,-0.9381400012774672
96.82565130260521,75.91891891891892,,100.0,1.0,100.0,-0.9417487506104438
97.02404809619239,75.91891891891892,,100.0,1.0,100.0,-0.9453857986118857
97.22244488977958,75.91891891891892,,100.0,1.0,100.0,-0.9490514105162936
97.42084168336673,75.91891891891892,,100.0,1.0,100.0,-0.9527458548085196
97.6192384769539,75.91891891891892,,100.0,1.0,100.0,-0.9564694032668564
97.81763527054107,75.91891891891892,,100.0,1.0,100.0,-0.9602223310070774
98.01603206412825,75.91891891891892,,100.0,1.0,100.0,-0.9640049165263448
98.21442885771542,75.91891891891892,,100.0,1.0,100.0,-0.9678174417479214
98.4128256513026,75.91891891891892,,100.0,1.0,100.0,-0.971660192066222
98.61122244488979,75.91891891891892,,100.0,1.0,100.0,-0.975533456392136
98.80961923847698,75.91891891891892,,100.0,1.0,100.0,-0.9794375271990896
99.00801603206413,75.91891891891892,,100.0,1.0,100.0,-0.9833727005694346
99.2064128256513,75.91891891891892,,100.0,1.0,100.0,-0.987339276241151
1.0,78.5945945945946,,100.0,1.0,100.0,-0.611665194884761
1.1983967935871744,78.5945945945946,,100.0,1.0,100.0,-0.6088985674669195
1.3967935871743486,78.5945945945946,,100.0,1.0,100.0,-0.6061595664436495
1.595190380761523,78.5945945945946,,100.0,1.0,100.0,-0.6034482629396699
1.7935871743486973,78.5945945945946,,100.0,1.0,100.0,-0.6007647246652066
1.9919839679358717,78.5945945945946,,100.0,1.0,100.0,-0.5981090159074473
2.190380761523046,78.5945945945946,,100.0,1.0,100.0,-0.595481197523291
2.38877755511022,78.5945945945946,,100.0,1.0,100.0,-0.5928813269333311
2.5871743486973946,78.5945945945946,,100.0,1.0,100.0,-0.5903094581169346
2.785571142284569,78.5945945945946,,100.0,1.0,100.0,-0.5877656416085846
2.9839679358717435,78.5945945945946,,100.0,1.0,100.0,-0.5852499244952871
3.182364729458918,78.5945945945946,,100.0,1.0,100.0,-0.5827623504150344
3.380761523046093,78.5945945945946,,100.0,1.0,100.0,-0.5803029595564054
3.579158316633267,78.5945945945946,,100.0,1.0,100.0,-0.5778717886591167
3.7775551102204403,78.5945945945946,,100.0,1.0,100.0,-0.5754688710156707
3.9759519038076157,78.5945945945946,,100.0,1.0,100.0,-0.5730942364738782
4.174348697394789,78.5945945945946,,100.0,1.0,100.0,-0.570747911440367
4.372745490981964,78.5945945945946,,100.0,1.0,100.0,-0.5684299188850491
4.571142284569138,78.5945945945946,,100.0,1.0,100.0,-0.5661402783464422
4.7695390781563125,78.5945945945946,,100.0,1.0,100.0,-0.5638790059378301
4.967935871743487,78.5945945945946,,100.0,1.0,100.0,-0.561646114354392
5.166332665330662,78.5945945945946,,100.0,1.0,100.0,-0.5594416128810076
5.364729458917837,78.5945945945946,,100.0,1.0,100.0,-0.5572655074009383
5.563126252505009,78.5945945945946,,100.0,1.0,100.0,-0.5551178004053108
5.761523046092185,78.5945945945946,,100.0,1.0,100.0,-0.5529984910033002
5.959919839679359,78.5945945945946,,100.0,1.0,100.0,-0.5509075749330936
6.158316633266534,78.5945945945946,,100.0,1.0,100.0,-0.5488450445735344
6.356713426853707,78.5945945945946,,100.0,1.0,100.0,-0.5468108889565213
6.555110220440882,78.5945945945946,,100.0,1.0,100.0,-0.5448050937800265
6.753507014028057,78.5945945945946,,100.0,1.0,100.0,-0.5428276414218203
6.951903807615231,78.5945945945946,,100.0,1.0,100.0,-0.5408785109538008
7.150300601202405,78.5945945945946,,100.0,1.0,100.0,-0.5389576781570319
7.348697394789579,78.5945945945946,,100.0,1.0,100.0,-0.5370651155372822
7.547094188376754,78.5945945945946,,100.0,1.0,100.0,-0.5352007923412726
7.745490981963927,78.5945945945946,,100.0,1.0,100.0,-0.5333646745734235
7.9438877755511,78.5945945945946,,100.0,1.0,100.0,-0.5315567250132402
8.142284569138276,78.5945945945946,,100.0,1.0,100.0,-0.5297769032332147
8.340681362725451,78.5945945945946,,100.0,1.0,100.0,-0.5280251656172715
8.539078156312625,78.5945945945946,,100.0,1.0,100.0,-0.5263014653797962
8.737474949899799,78.5945945945946,,100.0,1.0,100.0,-0.5246057525851183
8.935871743486974,78.5945945945946,,100.0,1.0,100.0,-0.5229379741675719
9.13426853707415,78.5945945945946,,100.0,1.0,100.0,-0.5212980739519665
9.332665330661325,78.5945945945946,,100.0,1.0,100.0,-0.5196859926747167
9.531062124248498,78.5945945945946,,100.0,1.0,100.0,-0.5181016680052145
9.729458917835672,78.5945945945946,,100.0,1.0,100.0,-0.5165450345679334
9.927855711422845,78.5945945945946,,100.0,1.0,100.0,-0.5150160239647898
10.126252505010019,78.5945945945946,,100.0,1.0,100.0,-0.5135145647980863
10.324649298597194,78.5945945945946,,100.0,1.0,100.0,-0.512040582693887
10.52304609218437,78.5945945945946,,100.0,1.0,100.0,-0.5105940003257607
10.721442885771543,78.5945945945946,,100.0,1.0,100.0,-0.5091747374390649
10.919839679358718,78.5945945945946,,100.0,1.0,100.0,-0.5077827108756486
11.118236472945892,78.5945945945946,,100.0,1.0,100.0,-0.5064178345988715
11.316633266533067,78.5945945945946,,100.0,1.0,100.0,-0.5050800197191977
11.515030060120242,78.5945945945946,,100.0,1.0,100.0,-0.5037691745201257
11.713426853707414,78.5945945945946,,100.0,1.0,100.0,-0.5024852044845076
11.91182364729459,78.5945945945946,,100.0,1.0,100.0,-0.5012280123213629
12.110220440881761,78.5945945945946,,100.0,1.0,100.0,-0.4999974979930043
12.308617234468937,78.5945945945946,,100.0,1.0,100.0,-0.4987935587426349
12.507014028056114,78.5945945945946,,100.0,1.0,100.0,-0.4976160891223211
12.705410821643287,78.5945945945946,,100.0,1.0,100.0,-0.496464981021345
12.903807615230463,78.5945945945946,,100.0,1.0,100.0,-0.4953401236949686
13.102204408817634,78.5945945945946,,100.0,1.0,100.0,-0.4942414037935892
13.30060120240481,78.5945945945946,,100.0,1.0,100.0,-0.4931687053922562
13.498997995991983,78.5945945945946,,100.0,1.0,100.0,-0.4921219100206295
13.697394789579159,78.5945945945946,,100.0,1.0,100.0,-0.4911008966932791
13.895791583166334,78.5945945945946,,100.0,1.0,100.0,-0.4901055419403516
14.094188376753507,78.5945945945946,,100.0,1.0,100.0,-0.4891357198386518
14.292585170340683,78.5945945945946,,100.0,1.0,100.0,-0.4881913020431381
14.490981963927855,78.5945945945946,,100.0,1.0,100.0,-0.4872721578186705
14.689378757515032,78.5945945945946,,100.0,1.0,100.0,-0.4863781540722689
14.887775551102203,78.5945945945946,,100.0,1.0,100.0,-0.4855091553856897
15.086172344689379,78.5945945945946,,100.0,1.0,100.0,-0.4846650240483564
15.284569138276554,78.5945945945946,,100.0,1.0,100.0,-0.4838456200906734
15.482965931863726,78.5945945945946,,100.0,1.0,100.0,-0.4830508013177559
15.681362725450903,78.5945945945946,,100.0,1.0,100.0,-0.4822804233434571
15.879759519038075,78.5945945945946,,100.0,1.0,100.0,-0.4815343396247989
16.07815631262525,78.5945945945946,,100.0,1.0,100.0,-0.4808124014967715
16.276553106212425,78.5945945945946,,100.0,1.0,100.0,-0.4801144582074859
16.474949899799597,78.5945945945946,,100.0,1.0,100.0,-0.4794403569536821
16.673346693386772,78.5945945945946,,100.0,1.0,100.0,-0.4787899429166327
16.871743486973948,78.5945945945946,,100.0,1.0,100.0,-0.478163059298334
17.070140280561123,78.5945945945946,,100.0,1.0,100.0,-0.4775595473581052
17.2685370741483,78.5945945945946,,100.0,1.0,100.0,-0.4769792464495734
17.466933867735474,78.5945945945946,,100.0,1.0,100.0,-0.4764219940579142
17.66533066132265,78.5945945945946,,100.0,1.0,100.0,-0.4758876258375243
17.86372745490982,78.5945945945946,,100.0,1.0,100.0,-0.475375975649958
18.062124248496996,78.5945945945946,,100.0,1.0,100.0,-0.4748868756023277
18.260521042084168,78.5945945945946,,100.0,1.0,100.0,-0.474420156085909
18.458917835671343,78.5945945945946,,100.0,1.0,100.0,-0.4739756458151546
18.657314629258515,78.5945945945946,,100.0,1.0,100.0,-0.4735531718670629
18.85571142284569,78.5945945945946,,100.0,1.0,100.0,-0.4731525597207797
19.054108216432866,78.5945945945946,,100.0,1.0,100.0,-0.4727736332976104
19.252505010020037,78.5945945945946,,100.0,1.0,100.0,-0.4724162150013292
19.450901803607216,78.5945945945946,,100.0,1.0,100.0,-0.4720801257587798
19.649298597194388,78.5945945945946,,100.0,1.0,100.0,-0.4717651850607902
19.847695390781563,78.5945945945946,,100.0,1.0,100.0,-0.4714712110034444
20.04609218436874,78.5945945945946,,100.0,1.0,100.0,-0.4711980203295381
20.244488977955914,78.5945945945946,,100.0,1.0,100.0,-0.4709454284704754
20.442885771543086,78.5945945945946,,100.0,1.0,100.0,-0.4707132495883096
20.64128256513026,78.5945945945946,,100.0,1.0,100.0,-0.4705012966181727
20.839679358717436,78.5945945945946,,100.0,1.0,100.0,-0.470309381310942
21.03807615230461,78.5945945945946,,100.0,1.0,100.0,-0.4701373142761232
21.236472945891784,78.5945945945946,,100.0,1.0,100.0,-0.4699849050250568
21.43486973947896,78.5945945945946,,100.0,1.0,100.0,-0.4698519620143961
21.633266533066134,78.5945945945946,,100.0,1.0,100.0,-0.4697382926897664
21.831663326653306,78.5945945945946,,100.0,1.0,100.0,-0.4696437035296662
22.030060120240485,78.5945945945946,,100.0,1.0,100.0,-0.4695680000896715
22.228456913827657,78.5945945945946,,100.0,1.0,100.0,-0.4695109870467659
22.42685370741483,78.5945945945946,,100.0,1.0,100.0,-0.4694724682439555
22.625250501002007,78.5945945945946,,100.0,1.0,100.0,-0.4694522467350653
22.82364729458918,78.5945945945946,,100.0,1.0,100.0,-0.4694501248297024
23.02204408817635,78.5945945945946,,100.0,1.0,100.0,-0.469465904138459
23.220440881763523,78.5945945945946,,100.0,1.0,100.0,-0.4694993856182224
23.4188376753507,78.5945945945946,,100.0,1.0,100.0,-0.4695503696177502
23.617234468937873,78.5945945945946,,100.0,1.0,100.0,-0.4696186559232827
23.815631262525052,78.5945945945946,,100.0,1.0,100.0,-0.4697040438043907
24.014028056112227,78.5945945945946,,100.0,1.0,100.0,-0.4698063320599708
24.212424849699403,78.5945945945946,,100.0,1.0,100.0,-0.4699253190642325
24.410821643286575,78.5945945945946,,100.0,1.0,100.0,-0.4700608028129952
24.609218436873746,78.5945945945946,,100.0,1.0,100.0,-0.4702125809699447
24.807615230460925,78.5945945945946,,100.0,1.0,100.0,-0.4703804509130224
25.006012024048097,78.5945945945946,,100.0,1.0,100.0,-0.470564209780943
25.20440881763527,78.5945945945946,,100.0,1.0,100.0,-0.4707636545197126
25.402805611222448,78.5945945945946,,100.0,1.0,100.0,-0.4709785819292769
25.60120240480962,78.5945945945946,,100.0,1.0,100.0,-0.4712087887101423
25.79959919839679,78.5945945945946,,100.0,1.0,100.0,-0.4714540715101074
25.997995991983966,78.5945945945946,,100.0,1.0,100.0,-0.4717142269709798
26.196392785571145,78.5945945945946,,100.0,1.0,100.0,-0.4719890517753409
26.394789579158317,78.5945945945946,,100.0,1.0,100.0,-0.472278342693227
26.59318637274549,78.5945945945946,,100.0,1.0,100.0,-0.4725818966289508
26.791583166332664,78.5945945945946,,100.0,1.0,100.0,-0.4728995106677421
26.98997995991984,78.5945945945946,,100.0,1.0,100.0,-0.4732309821224582
27.188376753507008,78.5945945945946,,100.0,1.0,100.0,-0.4735761085802201
27.386773547094187,78.5945945945946,,100.0,1.0,100.0,-0.4739346879489897
27.585170340681366,78.5945945945946,,100.0,1.0,100.0,-0.4743065185040671
27.783567134268534,78.5945945945946,,100.0,1.0,100.0,-0.4746913989345308
27.98196392785571,78.5945945945946,,100.0,1.0,100.0,-0.4750891283895462
28.180360721442888,78.5945945945946,,100.0,1.0,100.0,-0.4754995065246158
28.378757515030063,78.5945945945946,,100.0,1.0,100.0,-0.4759223335476413
28.577154308617235,78.5945945945946,,100.0,1.0,100.0,-0.4763574102649816
28.7755511022044,78.5945945945946,,100.0,1.0,100.0,-0.4768045381271694
28.97394789579158,78.5945945945946,,100.0,1.0,100.0,-0.4772635192746673
29.172344689378757,78.5945945945946,,100.0,1.0,100.0,-0.4777341565833138
29.370741482965926,78.5945945945946,,100.0,1.0,100.0,-0.4782162537097106
29.5691382765531,78.5945945945946,,100.0,1.0,100.0,-0.478709615136249
29.76753507014028,78.5945945945946,,100.0,1.0,100.0,-0.479214046216141
29.965931863727448,78.5945945945946,,100.0,1.0,100.0,-0.4797293532180019
30.164328657314627,78.5945945945946,,100.0,1.0,100.0,-0.4802553433703922
30.36272545090181,78.5945945945946,,100.0,1.0,100.0,-0.4807918249060072
30.56112224448897,78.5945945945946,,100.0,1.0,100.0,-0.4813386071056195
30.759519038076157,78.5945945945946,,100.0,1.0,100.0,-0.481895500341759
30.957915831663332,78.5945945945946,,100.0,1.0,100.0,-0.4824623161221778
31.1563126252505,78.5945945945946,,100.0,1.0,100.0,-0.4830388671328097
31.35470941883768,78.5945945945946,,100.0,1.0,100.0,-0.4836249672806982
31.553106212424858,78.5945945945946,,100.0,1.0,100.0,-0.4842204317363804
31.751503006012022,78.5945945945946,,100.0,1.0,100.0,-0.4848250769759894
31.949899799599194,78.5945945945946,,100.0,1.0,100.0,-0.485438720823098
32.14829659318637,78.5945945945946,,100.0,1.0,100.0,-0.4860611824900313
32.346693386773545,78.5945945945946,,100.0,1.0,100.0,-0.4866922826189068
32.545090180360724,78.5945945945946,,100.0,1.0,100.0,-0.48733184332232
32.743486973947896,78.5945945945946,,100.0,1.0,100.0,-0.4879796882234509
32.941883767535074,78.5945945945946,,100.0,1.0,100.0,-0.4886356424959521
33.140280561122246,78.5945945945946,,100.0,1.0,100.0,-0.4892995329032308
33.33867735470942,78.5945945945946,,100.0,1.0,100.0,-0.4899711878373791
33.5370741482966,78.5945945945946,,100.0,1.0,100.0,-0.4906504373576293
33.73547094188377,78.5945945945946,,100.0,1.0,100.0,-0.4913371132282148
33.93386773547095,78.5945945945946,,100.0,1.0,100.0,-0.4920310489559824
34.13226452905812,78.5945945945946,,100.0,1.0,100.0,-0.4927320798271719
34.3306613226453,78.5945945945946,,100.0,1.0,100.0,-0.4934400429439173
34.52905811623247,78.5945945945946,,100.0,1.0,100.0,-0.4941547772601216
34.72745490981965,78.5945945945946,,100.0,1.0,100.0,-0.4948761236167478
34.92585170340681,78.5945945945946,,100.0,1.0,100.0,-0.4956039247765867
35.12424849699399,78.5945945945946,,100.0,1.0,100.0,-0.4963380254583772
35.32264529058117,78.5945945945946,,100.0,1.0,100.0,-0.497078272370417
35.521042084168336,78.5945945945946,,100.0,1.0,100.0,-0.4978245142434019
35.719438877755515,78.5945945945946,,100.0,1.0,100.0,-0.4985766018628224
35.91783567134269,78.5945945945946,,100.0,1.0,100.0,-0.4993343881005154
36.11623246492986,78.5945945945946,,100.0,1.0,100.0,-0.5000977279457122
36.31462925851703,78.5945945945946,,100.0,1.0,100.0,-0.5008664785352491
36.51302605210421,78.5945945945946,,100.0,1.0,100.0,-0.5016404991832191
36.71142284569138,78.5945945945946,,100.0,1.0,100.0,-0.5024196514097883
36.90981963927855,78.5945945945946,,100.0,1.0,100.0,-0.5032037989693685
37.10821643286573,78.5945945945946,,100.0,1.0,100.0,-0.5039928078779613
37.3066132264529,78.5945945945946,,100.0,1.0,100.0,-0.5047865464398053
37.505010020040075,78.5945945945946,,100.0,1.0,100.0,-0.5055848852731766
37.703406813627254,78.5945945945946,,100.0,1.0,100.0,-0.5063876973354691
37.90180360721443,78.5945945945946,,100.0,1.0,100.0,-0.5071948579473476
38.100200400801604,78.5945945945946,,100.0,1.0,100.0,-0.5080062448161714
38.298597194388776,78.5945945945946,,100.0,1.0,100.0,-0.5088217380585301
38.496993987975955,78.5945945945946,,100.0,1.0,100.0,-0.5096412202218946
38.69539078156313,78.5945945945946,,100.0,1.0,100.0,-0.5104645763054294
38.8937875751503,78.5945945945946,,100.0,1.0,100.0,-0.5112916937798947
39.09218436873748,78.5945945945946,,100.0,1.0,100.0,-0.5121224626066201
39.29058116232465,78.5945945945946,,100.0,1.0,100.0,-0.5129567752555902
39.48897795591183,78.5945945945946,,100.0,1.0,100.0,-0.5137945267225436
39.687374749499,78.5945945945946,,100.0,1.0,100.0,-0.514635614545167
39.88577154308617,78.5945945945946,,100.0,1.0,100.0,-0.5154799388183392
40.08416833667335,78.5945945945946,,100.0,1.0,100.0,-0.5163274022082964
40.28256513026052,78.5945945945946,,100.0,1.0,100.0,-0.5171779099659023
40.4809619238477,78.5945945945946,,100.0,1.0,100.0,-0.5180313699389374
40.67935871743487,78.5945945945946,,100.0,1.0,100.0,-0.5188876925832309
40.877755511022045,78.5945945945946,,100.0,1.0,100.0,-0.5197467909728876
41.07615230460922,78.5945945945946,,100.0,1.0,100.0,-0.5206085808095205
41.274549098196395,78.5945945945946,,100.0,1.0,100.0,-0.5214729804302576
41.47294589178357,78.5945945945946,,100.0,1.0,100.0,-0.522339910814864
41.671342685370746,78.5945945945946,,100.0,1.0,100.0,-0.5232092955917634
41.86973947895792,78.5945945945946,,100.0,1.0,100.0,-0.5240810610428966
42.06813627254509,78.5945945945946,,100.0,1.0,100.0,-0.5249551361076533
42.26653306613227,78.5945945945946,,100.0,1.0,100.0,-0.5258314523855958
42.46492985971944,78.5945945945946,,100.0,1.0,100.0,-0.5267099441381885
42.66332665330661,78.5945945945946,,100.0,1.0,100.0,-0.5275905482893463
42.861723446893784,78.5945945945946,,100.0,1.0,100.0,-0.5284732044250144
43.06012024048097,78.5945945945946,,100.0,1.0,100.0,-0.5293578547915122
43.25851703406814,78.5945945945946,,100.0,1.0,100.0,-0.5302444442929269
43.45691382765531,78.5945945945946,,100.0,1.0,100.0,-0.5311329204872699
43.655310621242485,78.5945945945946,,100.0,1.0,100.0,-0.5320232335816739
43.85370741482966,78.5945945945946,,100.0,1.0,100.0,-0.5329153364264615
44.05210420841683,78.5945945945946,,100.0,1.0,100.0,-0.5338091845080375
44.250501002004015,78.5945945945946,,100.0,1.0,100.0,-0.5347047359408013
44.448897795591186,78.5945945945946,,100.0,1.0,100.0,-0.5356019514580087
44.64729458917836,78.5945945945946,,100.0,1.0,100.0,-0.5365007944015016
44.84569138276553,78.5945945945946,,100.0,1.0,100.0,-0.5374012307103437
45.0440881763527,78.5945945945946,,100.0,1.0,100.0,-0.5383032289085642
45.24248496993987,78.5945945945946,,100.0,1.0,100.0,-0.5392067600916676
45.440881763527045,78.5945945945946,,100.0,1.0,100.0,-0.5401117979122929
45.63927855711423,78.5945945945946,,100.0,1.0,100.0,-0.5410183185647636
45.8376753507014,78.5945945945946,,100.0,1.0,100.0,-0.5419263007686986
46.036072144288575,78.5945945945946,,100.0,1.0,100.0,-0.5428357257515258
46.23446893787575,78.5945945945946,,100.0,1.0,100.0,-0.543746577230238
46.43286573146293,78.5945945945946,,100.0,1.0,100.0,-0.5446588413920379
46.631262525050104,78.5945945945946,,100.0,1.0,100.0,-0.5455725068740855
46.829659318637276,78.5945945945946,,100.0,1.0,100.0,-0.5464875647424053
47.028056112224455,78.5945945945946,,100.0,1.0,100.0,-0.5474040084698669
47.22645290581163,78.5945945945946,,100.0,1.0,100.0,-0.5483218339133216
47.424849699398806,78.5945945945946,,100.0,1.0,100.0,-0.549241039289848
47.62324649298598,78.5945945945946,,100.0,1.0,100.0,-0.5501616251523024
47.82164328657315,78.5945945945946,,100.0,1.0,100.0,-0.5510835943639797
48.02004008016032,78.5945945945946,,100.0,1.0,100.0,-0.5520069520725639
48.21843687374749,78.5945945945946,,100.0,1.0,100.0,-0.5529317056833455
48.41683366733468,78.5945945945946,,100.0,1.0,100.0,-0.5538578648316973
48.615230460921836,78.5945945945946,,100.0,1.0,100.0,-0.5547854413549608
48.81362725450902,78.5945945945946,,100.0,1.0,100.0,-0.5557144492636147
49.012024048096194,78.5945945945946,,100.0,1.0,100.0,-0.5566449047119
49.21042084168337,78.5945945945946,,100.0,1.0,100.0,-0.5575768259677254
49.40881763527054,78.5945945945946,,100.0,1.0,100.0,-0.5585102333822509
49.60721442885771,78.5945945945946,,100.0,1.0,100.0,-0.5594451493587741
49.805611222444895,78.5945945945946,,100.0,1.0,100.0,-0.5603815983211546
50.00400801603207,78.5945945945946,,100.0,1.0,100.0,-0.5613196066818931
50.20240480961924,78.5945945945946,,100.0,1.0,100.0,-0.5622592028097146
50.40080160320641,78.5945945945946,,100.0,1.0,100.0,-0.5632004169967402
50.59919839679358,78.5945945945946,,100.0,1.0,100.0,-0.5641432814254367
50.79759519038077,78.5945945945946,,100.0,1.0,100.0,-0.5650878301351446
50.99599198396793,78.5945945945946,,100.0,1.0,100.0,-0.5660340989883076
51.19438877755511,78.5945945945946,,100.0,1.0,100.0,-0.5669821256366054
51.39278557114229,78.5945945945946,,100.0,1.0,100.0,-0.5679319494867675
51.59118236472946,78.5945945945946,,100.0,1.0,100.0,-0.5688836116661737
51.789579158316634,78.5945945945946,,100.0,1.0,100.0,-0.5698371549884436
51.987975951903806,78.5945945945946,,100.0,1.0,100.0,-0.5707926239188579
52.18637274549098,78.5945945945946,,100.0,1.0,100.0,-0.5717500645396635
52.38476953907816,78.5945945945946,,100.0,1.0,100.0,-0.5727095245153841
52.583166332665336,78.5945945945946,,100.0,1.0,100.0,-0.5736710530582266
52.78156312625251,78.5945945945946,,100.0,1.0,100.0,-0.5746347008932498
52.97995991983967,78.5945945945946,,100.0,1.0,100.0,-0.5756005202238879
53.17835671342685,78.5945945945946,,100.0,1.0,100.0,-0.5765685646974076
53.37675350701403,78.5945945945946,,100.0,1.0,100.0,-0.5775388893705181
53.57515030060121,78.5945945945946,,100.0,1.0,100.0,-0.5785115506750734
53.77354709418837,78.5945945945946,,100.0,1.0,100.0,-0.5794866063841104
53.97194388777555,78.5945945945946,,100.0,1.0,100.0,-0.5804641155779526
54.17034068136273,78.5945945945946,,100.0,1.0,100.0,-0.5814441386105915
54.368737474949896,78.5945945945946,,100.0,1.0,100.0,-0.5824267370764047
54.567134268537075,78.5945945945946,,100.0,1.0,100.0,-0.5834119737770112
54.765531062124246,78.5945945945946,,100.0,1.0,100.0,-0.5843999126886475
54.96392785571142,78.5945945945946,,100.0,1.0,100.0,-0.5853906189296542
55.1623246492986,78.5945945945946,,100.0,1.0,100.0,-0.586384158728554
55.360721442885776,78.5945945945946,,100.0,1.0,100.0,-0.5873805993923483
55.55911823647295,78.5945945945946,,100.0,1.0,100.0,-0.5883800092752657
55.75751503006013,78.5945945945946,,100.0,1.0,100.0,-0.5893824577479936
55.95591182364729,78.5945945945946,,100.0,1.0,100.0,-0.5903880151672967
56.15430861723447,78.5945945945946,,100.0,1.0,100.0,-0.5913967528460904
56.35270541082165,78.5945945945946,,100.0,1.0,100.0,-0.5924087430240245
56.551102204408814,78.5945945945946,,100.0,1.0,100.0,-0.59342405883859
56.74949899799599,78.5945945945946,,100.0,1.0,100.0,-0.5944427742966052
56.94789579158316,78.5945945945946,,100.0,1.0,100.0,-0.595464964246463
57.146292585170336,78.5945945945946,,100.0,1.0,100.0,-0.5964907043506457
57.3446893787575,78.5945945945946,,100.0,1.0,100.0,-0.5975200710589621
57.543086172344694,78.5945945945946,,100.0,1.0,100.0,-0.5985531415822636
57.74148296593185,78.5945945945946,,100.0,1.0,100.0,-0.5995899938668324
57.93987975951904,78.5945945945946,,100.0,1.0,100.0,-0.6006307065691053
58.13827655310623,78.5945945945946,,100.0,1.0,100.0,-0.6016753590313128
58.336673346693395,78.5945945945946,,100.0,1.0,100.0,-0.6027240312574154
58.535070140280574,78.5945945945946,,100.0,1.0,100.0,-0.6037768038897514
58.73346693386774,78.5945945945946,,100.0,1.0,100.0,-0.6048337581863554
58.9318637274549,78.5945945945946,,100.0,1.0,100.0,-0.6058949759986737
59.13026052104208,78.5945945945946,,100.0,1.0,100.0,-0.6069605397501007
59.32865731462926,78.5945945945946,,100.0,1.0,100.0,-0.6080305324149554
59.52705410821644,78.5945945945946,,100.0,1.0,100.0,-0.609105037498171
59.72545090180361,78.5945945945946,,100.0,1.0,100.0,-0.6101841390154522
59.92384769539078,78.5945945945946,,100.0,1.0,100.0,-0.6112679214742736
60.12224448897794,78.5945945945946,,100.0,1.0,100.0,-0.6123564698551326
60.32064128256512,78.5945945945946,,100.0,1.0,100.0,-0.6134498695937359
60.51903807615231,78.5945945945946,,100.0,1.0,100.0,-0.6145482065635912
60.717434869739485,78.5945945945946,,100.0,1.0,100.0,-0.6156515670591891
60.915831663326664,78.5945945945946,,100.0,1.0,100.0,-0.616760037779862
61.114228456913835,78.5945945945946,,100.0,1.0,100.0,-0.6178737058142126
61.312625250501,78.5945945945946,,100.0,1.0,100.0,-0.618992658624965
61.51102204408818,78.5945945945946,,100.0,1.0,100.0,-0.62011698403459
61.709418837675344,78.5945945945946,,100.0,1.0,100.0,-0.62124677021141
61.90781563126252,78.5945945945946,,100.0,1.0,100.0,-0.6223821056562028
62.1062124248497,78.5945945945946,,100.0,1.0,100.0,-0.62352307918945
62.30460921843688,78.5945945945946,,100.0,1.0,100.0,-0.6246697799390979
62.50300601202406,78.5945945945946,,100.0,1.0,100.0,-0.6258222973287563
62.701402805611224,78.5945945945946,,100.0,1.0,100.0,-0.6269807210666476
62.89979959919839,78.5945945945946,,100.0,1.0,100.0,-0.6281451411348691
63.09819639278557,78.5945945945946,,100.0,1.0,100.0,-0.6293156477791879
63.296593186372746,78.5945945945946,,100.0,1.0,100.0,-0.6304923314995134
63.494989979959925,78.5945945945946,,100.0,1.0,100.0,-0.63167528304063
63.69338677354709,78.5945945945946,,100.0,1.0,100.0,-0.6328645933836019
63.89178356713427,78.5945945945946,,100.0,1.0,100.0,-0.6340603537375816
64.09018036072143,78.5945945945946,,100.0,1.0,100.0,-0.6352626555320551
64.28857715430863,78.5945945945946,,100.0,1.0,100.0,-0.6364715904096001
64.48697394789579,78.5945945945946,,100.0,1.0,100.0,-0.6376872502191382
64.68537074148296,78.5945945945946,,100.0,1.0,100.0,-0.6389097270095306
64.88376753507015,78.5945945945946,,100.0,1.0,100.0,-0.6401391130237253
65.08216432865731,78.5945945945946,,100.0,1.0,100.0,-0.6413755006932259
65.28056112224449,78.5945945945946,,100.0,1.0,100.0,-0.6426189826330375
65.47895791583166,78.5945945945946,,100.0,1.0,100.0,-0.6438696516370472
65.67735470941884,78.5945945945946,,100.0,1.0,100.0,-0.6451276006738151
65.87575150300601,78.5945945945946,,100.0,1.0,100.0,-0.6463929228827787
66.0741482965932,78.5945945945946,,100.0,1.0,100.0,-0.6476657115706451
66.27254509018036,78.5945945945946,,100.0,1.0,100.0,-0.6489460602086018
66.47094188376754,78.5945945945946,,100.0,1.0,100.0,-0.6502340624294775
66.66933867735472,78.5945945945946,,100.0,1.0,100.0,-0.6515298120255137
66.8677354709419,78.5945945945946,,100.0,1.0,100.0,-0.6528334029464702
67.06613226452906,78.5945945945946,,100.0,1.0,100.0,-0.6541449292980385
67.26452905811624,78.5945945945946,,100.0,1.0,100.0,-0.6554644853406776
67.4629258517034,78.5945945945946,,100.0,1.0,100.0,-0.6567921654888352
67.6613226452906,78.5945945945946,,100.0,1.0,100.0,-0.6581280643102617
67.85971943887776,78.5945945945946,,100.0,1.0,100.0,-0.6594722765261529
68.05811623246494,78.5945945945946,,100.0,1.0,100.0,-0.6608248970110934
68.2565130260521,78.5945945945946,,100.0,1.0,100.0,-0.6621860207937625
68.45490981963928,78.5945945945946,,100.0,1.0,100.0,-0.6635557430577234
68.65330661322645,78.5945945945946,,100.0,1.0,100.0,-0.6649341591426237
68.85170340681363,78.5945945945946,,100.0,1.0,100.0,-0.6663213645456957
69.05010020040079,78.5945945945946,,100.0,1.0,100.0,-0.6677174549236327
69.24849699398798,78.5945945945946,,100.0,1.0,100.0,-0.6691225260947936
69.44689378757515,78.5945945945946,,100.0,1.0,100.0,-0.6705366740414825
69.64529058116234,78.5945945945946,,100.0,1.0,100.0,-0.6719599949129955
69.84368737474949,78.5945945945946,,100.0,1.0,100.0,-0.6733925850285116
70.04208416833667,78.5945945945946,,100.0,1.0,100.0,-0.6748345408806071
70.24048096192385,78.5945945945946,,100.0,1.0,100.0,-0.6762859591388904
70.43887775551103,78.5945945945946,,100.0,1.0,100.0,-0.6777469366540941
70.6372745490982,78.5945945945946,,100.0,1.0,100.0,-0.6792175704623183
70.83567134268537,78.5945945945946,,100.0,1.0,100.0,-0.6806979577896957
71.03406813627254,78.5945945945946,,100.0,1.0,100.0,-0.6821881960572693
71.23246492985973,78.5945945945946,,100.0,1.0,100.0,-0.6836883828862551
71.4308617234469,78.5945945945946,,100.0,1.0,100.0,-0.6851986161034663
71.62925851703406,78.5945945945946,,100.0,1.0,100.0,-0.6867189937472075
71.82765531062124,78.5945945945946,,100.0,1.0,100.0,-0.688249614073278
72.0260521042084,78.5945945945946,,100.0,1.0,100.0,-0.6897905755614787
72.2244488977956,78.5945945945946,,100.0,1.0,100.0,-0.6913419769221628
72.42284569138276,78.5945945945946,,100.0,1.0,100.0,-0.6929039171033025
72.62124248496994,78.5945945945946,,100.0,1.0,100.0,-0.6944764952976841
72.8196392785571,78.5945945945946,,100.0,1.0,100.0,-0.6960598109505114
73.01803607214428,78.5945945945946,,100.0,1.0,100.0,-0.6976539637672374
73.21643286573146,78.5945945945946,,100.0,1.0,100.0,-0.6992590537216289
73.41482965931863,78.5945945945946,,100.0,1.0,100.0,-0.7008751810642557
73.6132264529058,78.5945945945946,,100.0,1.0,100.0,-0.7025024463311786
73.81162324649299,78.5945945945946,,100.0,1.0,100.0,-0.7041409503528346
74.01002004008016,78.5945945945946,,100.0,1.0,100.0,-0.7057907942635009
74.20841683366733,78.5945945945946,,100.0,1.0,100.0,-0.7074520795106356
74.40681362725451,78.5945945945946,,100.0,1.0,100.0,-0.7091249078648714
74.60521042084169,78.5945945945946,,100.0,1.0,100.0,-0.710809381430067
74.80360721442887,78.5945945945946,,100.0,1.0,100.0,-0.7125056026537164
75.00200400801603,78.5945945945946,,100.0,1.0,100.0,-0.7142136743376188
75.20040080160321,78.5945945945946,,100.0,1.0,100.0,-0.715933699648924
75.39879759519039,78.5945945945946,,100.0,1.0,100.0,-0.7176657821312388
75.59719438877755,78.5945945945946,,100.0,1.0,100.0,-0.7194100257162743
75.79559118236472,78.5945945945946,,100.0,1.0,100.0,-0.721166534735587
75.99398797595191,78.5945945945946,,100.0,1.0,100.0,-0.7229354139327056
76.19238476953907,78.5945945945946,,100.0,1.0,100.0,-0.7247167684753903
76.39078156312625,78.5945945945946,,100.0,1.0,100.0,-0.726510703968405
76.58917835671345,78.5945945945946,,100.0,1.0,100.0,-0.7283173264663049
76.7875751503006,78.5945945945946,,100.0,1.0,100.0,-0.7301367424866916
76.98597194388778,78.5945945945946,,100.0,1.0,100.0,-0.7319690590236114
77.18436873747495,78.5945945945946,,100.0,1.0,100.0,-0.7338143835613771
77.38276553106212,78.5945945945946,,100.0,1.0,100.0,-0.7356728240884227
77.5811623246493,78.5945945945946,,100.0,1.0,100.0,-0.7375444891117292
77.77955911823646,78.5945945945946,,100.0,1.0,100.0,-0.739429487671241
77.97795591182366,78.5945945945946,,100.0,1.0,100.0,-0.7413279293547577
78.1763527054108,78.5945945945946,,100.0,1.0,100.0,-0.743239924312955
78.374749498998,78.5945945945946,,100.0,1.0,100.0,-0.7451655832747226
78.5731462925852,78.5945945945946,,100.0,1.0,100.0,-0.7471050175628385
78.77154308617234,78.5945945945946,,100.0,1.0,100.0,-0.749058339109782
78.96993987975952,78.5945945945946,,100.0,1.0,100.0,-0.751025660473829
79.1683366733467,78.5945945945946,,100.0,1.0,100.0,-0.7530070948555703
79.36673346693387,78.5945945945946,,100.0,1.0,100.0,-0.7550027561144478
79.56513026052104,78.5945945945946,,100.0,1.0,100.0,-0.7570127587857235
79.76352705410822,78.5945945945946,,100.0,1.0,100.0,-0.7590372180976428
79.9619238476954,78.5945945945946,,100.0,1.0,100.0,-0.7610762499889477
80.16032064128257,78.5945945945946,,100.0,1.0,100.0,-0.7631299711263824
80.35871743486975,78.5945945945946,,100.0,1.0,100.0,-0.7651984989228567
80.55711422845691,78.5945945945946,,100.0,1.0,100.0,-0.7672819515554643
80.75551102204409,78.5945945945946,,100.0,1.0,100.0,-0.7693804479840601
80.95390781563127,78.5945945945946,,100.0,1.0,100.0,-0.7714941079699709
81.15230460921843,78.5945945945946,,100.0,1.0,100.0,-0.7736230520948307
81.35070140280563,78.5945945945946,,100.0,1.0,100.0,-0.7757674017799522
81.54909819639279,78.5945945945946,,100.0,1.0,100.0,-0.7779272793056817
81.74749498997996,78.5945945945946,,100.0,1.0,100.0,-0.7801028078311557
81.94589178356713,78.5945945945946,,100.0,1.0,100.0,-0.7822941114142778
82.14428857715431,78.5945945945946,,100.0,1.0,100.0,-0.7845013150319455
82.34268537074149,78.5945945945946,,100.0,1.0,100.0,-0.7867245446004075
82.54108216432866,78.5945945945946,,100.0,1.0,100.0,-0.7889639269960623
82.73947895791585,78.5945945945946,,100.0,1.0,100.0,-0.7912195900764862
82.937875751503,78.5945945945946,,100.0,1.0,100.0,-0.7934916627014773
83.13627254509018,78.5945945945946,,100.0,1.0,100.0,-0.7957802747545483
83.33466933867736,78.5945945945946,,100.0,1.0,100.0,-0.7980855571647205
83.53306613226454,78.5945945945946,,100.0,1.0,100.0,-0.8004076419283639
83.7314629258517,78.5945945945946,,100.0,1.0,100.0,-0.8027466621313979
83.92985971943888,78.5945945945946,,100.0,1.0,100.0,-0.80510275197181
84.12825651302606,78.5945945945946,,100.0,1.0,100.0,-0.8074760467821742
84.32665330661322,78.5945945945946,,100.0,1.0,100.0,-0.8098666830527049
84.5250501002004,78.5945945945946,,100.0,1.0,100.0,-0.8122747984544321
84.72344689378757,78.5945945945946,,100.0,1.0,100.0,-0.8147005318625324
84.92184368737476,78.5945945945946,,100.0,1.0,100.0,-0.8171440233799702
85.12024048096194,78.5945945945946,,100.0,1.0,100.0,-0.8196054143615586
85.3186372745491,78.5945945945946,,100.0,1.0,100.0,-0.8220848474379657
85.51703406813628,78.5945945945946,,100.0,1.0,100.0,-0.8245824665401986
85.71543086172345,78.5945945945946,,100.0,1.0,100.0,-0.8270984169241843
85.91382765531063,78.5945945945946,,100.0,1.0,100.0,-0.829632845195713
86.1122244488978,78.5945945945946,,100.0,1.0,100.0,-0.8321858993355873
86.31062124248497,78.5945945945946,,100.0,1.0,100.0,-0.8347577287249779
86.50901803607215,78.5945945945946,,100.0,1.0,100.0,-0.837348484171122
86.70741482965931,78.5945945945946,,100.0,1.0,100.0,-0.8399583179331589
86.90581162324649,78.5945945945946,,100.0,1.0,100.0,-0.8425873837483765
87.10420841683366,78.5945945945946,,100.0,1.0,100.0,-0.8452358368584273
87.30260521042084,78.5945945945946,,100.0,1.0,100.0,-0.8479038340362502
87.50100200400803,78.5945945945946,,100.0,1.0,100.0,-0.8505915336127498
87.6993987975952,78.5945945945946,,100.0,1.0,100.0,-0.85329909550409
87.89779559118237,78.5945945945946,,100.0,1.0,100.0,-0.8560266812390709
88.09619238476955,78.5945945945946,,100.0,1.0,100.0,-0.8587744539868836
88.29458917835672,78.5945945945946,,100.0,1.0,100.0,-0.8615425785849631
88.4929859719439,78.5945945945946,,100.0,1.0,100.0,-0.864331221567289
88.69138276553106,78.5945945945946,,100.0,1.0,100.0,-0.8671405511928141
88.88977955911824,78.5945945945946,,100.0,1.0,100.0,-0.8699707374742051
89.0881763527054,78.5945945945946,,100.0,1.0,100.0,-0.8728219522069419
89.28657314629258,78.5945945945946,,100.0,1.0,100.0,-0.8756943689984263
89.48496993987975,78.5945945945946,,100.0,1.0,100.0,-0.8785881632977312
89.68336673346693,78.5945945945946,,100.0,1.0,100.0,-0.8815035124253137
89.88176352705409,78.5945945945946,,100.0,1.0,100.0,-0.8844405956031891
90.08016032064127,78.5945945945946,,100.0,1.0,100.0,-0.8873995939851579
90.27855711422846,78.5945945945946,,100.0,1.0,100.0,-0.8903806906877907
90.47695390781564,78.5945945945946,,100.0,1.0,100.0,-0.8933840708210059
90.6753507014028,78.5945945945946,,100.0,1.0,100.0,-0.8964099215195772
90.87374749498998,78.5945945945946,,100.0,1.0,100.0,-0.8994584319745135
91.07214428857715,78.5945945945946,,100.0,1.0,100.0,-0.9025297934649784
91.27054108216433,78.5945945945946,,100.0,1.0,100.0,-0.9056241993902722
91.46893787575152,78.5945945945946,,100.0,1.0,100.0,-0.9087418453024112
91.66733466933867,78.5945945945946,,100.0,1.0,100.0,-0.9118829289386248
91.86573146292585,78.5945945945946,,100.0,1.0,100.0,-0.9150476502545738
92.06412825651303,78.5945945945946,,100.0,1.0,100.0,-0.9182362114574804
92.26252505010021,78.5945945945946,,100.0,1.0,100.0,-0.9214488170398658
92.46092184368737,78.5945945945946,,100.0,1.0,100.0,-0.924685673813513
92.65931863727455,78.5945945945946,,100.0,1.0,100.0,-0.9279469909435106
92.85771543086172,78.5945945945946,,100.0,1.0,100.0,-0.931232979983076
93.05611222444891,78.5945945945946,,100.0,1.0,100.0,-0.9345438549083014
93.25450901803607,78.5945945945946,,100.0,1.0,100.0,-0.937879832153384
93.45290581162325,78.5945945945946,,100.0,1.0,100.0,-0.9412411306461388
93.65130260521043,78.5945945945946,,100.0,1.0,100.0,-0.9446279718439924
93.84969939879761,78.5945945945946,,100.0,1.0,100.0,-0.9480405797700252
94.04809619238478,78.5945945945946,,100.0,1.0,100.0,-0.9514791810496426
94.24649298597195,78.5945945945946,,100.0,1.0,100.0,-0.9549440049474396
94.44488977955912,78.5945945945946,,100.0,1.0,100.0,-0.9584352834043556
94.6432865731463,78.5945945945946,,100.0,1.0,100.0,-0.9619532510754356
94.84168336673346,78.5945945945946,,100.0,1.0,100.0,-0.9654981453675824
95.04008016032064,78.5945945945946,,100.0,1.0,100.0,-0.9690702064779542
95.2384769539078,78.5945945945946,,100.0,1.0,100.0,-0.9726696774326796
95.43687374749499,78.5945945945946,,100.0,1.0,100.0,-0.976296804125848
95.63527054108215,78.5945945945946,,100.0,1.0,100.0,-0.9799518353588677
95.83366733466936,78.5945945945946,,100.0,1.0,100.0,-0.9836350228802792
96.03206412825652,78.5945945945946,,100.0,1.0,100.0,-0.9873466214259452
1.0,81.27027027027027,,100.0,1.0,100.0,-0.6381010634679954
1.1983967935871744,81.27027027027027,,100.0,1.0,100.0,-0.635361464049976
1.3967935871743486,81.27027027027027,,100.0,1.0,100.0,-0.6326495704198173
1.595190380761523,81.27027027027027,,100.0,1.0,100.0,-0.6299654571018322
1.7935871743486973,81.27027027027027,,100.0,1.0,100.0,-0.6273091949962817
1.9919839679358717,81.27027027027027,,100.0,1.0,100.0,-0.6246808513761207
2.190380761523046,81.27027027027027,,100.0,1.0,100.0,-0.622080489884957
2.38877755511022,81.27027027027027,,100.0,1.0,100.0,-0.6195081705362295
2.5871743486973946,81.27027027027027,,100.0,1.0,100.0,-0.616963949713476
2.785571142284569,81.27027027027027,,100.0,1.0,100.0,-0.6144478801717097
2.9839679358717435,81.27027027027027,,100.0,1.0,100.0,-0.6119600110398788
3.182364729458918,81.27027027027027,,100.0,1.0,100.0,-0.6095003878243933
3.380761523046093,81.27027027027027,,100.0,1.0,100.0,-0.6070690524136267
3.579158316633267,81.27027027027027,,100.0,1.0,100.0,-0.6046660430833999
3.7775551102204403,81.27027027027027,,100.0,1.0,100.0,-0.6022913945034648
3.9759519038076157,81.27027027027027,,100.0,1.0,100.0,-0.5999451377448359
4.174348697394789,81.27027027027027,,100.0,1.0,100.0,-0.5976273002881031
4.372745490981964,81.27027027027027,,100.0,1.0,100.0,-0.5953379060325387
4.571142284569138,81.27027027027027,,100.0,1.0,100.0,-0.5930769753061023
4.7695390781563125,81.27027027027027,,100.0,1.0,100.0,-0.5908445248762241
4.967935871743487,81.27027027027027,,100.0,1.0,100.0,-0.5886405679614102
5.166332665330662,81.27027027027027,,100.0,1.0,100.0,-0.5864651142436346
5.364729458917837,81.27027027027027,,100.0,1.0,100.0,-0.5843181698813786
5.563126252505009,81.27027027027027,,100.0,1.0,100.0,-0.5821997375235504
5.761523046092185,81.27027027027027,,100.0,1.0,100.0,-0.5801098163239863
5.959919839679359,81.27027027027027,,100.0,1.0,100.0,-0.5780484019566352
6.158316633266534,81.27027027027027,,100.0,1.0,100.0,-0.5760154866315201
6.356713426853707,81.27027027027027,,100.0,1.0,100.0,-0.5740110591111862
6.555110220440882,81.27027027027027,,100.0,1.0,100.0,-0.5720351047278976
6.753507014028057,81.27027027027027,,100.0,1.0,100.0,-0.5700876054013728
6.951903807615231,81.27027027027027,,100.0,1.0,100.0,-0.5681685396571119
7.150300601202405,81.27027027027027,,100.0,1.0,100.0,-0.5662778826453304
7.348697394789579,81.27027027027027,,100.0,1.0,100.0,-0.5644156061604108
7.547094188376754,81.27027027027027,,100.0,1.0,100.0,-0.5625816786609156
7.745490981963927,81.27027027027027,,100.0,1.0,100.0,-0.5607760652901221
7.9438877755511,81.27027027027027,,100.0,1.0,100.0,-0.5589987278970427
8.142284569138276,81.27027027027027,,100.0,1.0,100.0,-0.5572496250579788
8.340681362725451,81.27027027027027,,100.0,1.0,100.0,-0.5555287120985909
8.539078156312625,81.27027027027027,,100.0,1.0,100.0,-0.5538359411162856
8.737474949899799,81.27027027027027,,100.0,1.0,100.0,-0.5521712610032924
8.935871743486974,81.27027027027027,,100.0,1.0,100.0,-0.5505346174700034
9.13426853707415,81.27027027027027,,100.0,1.0,100.0,-0.5489259530688307
9.332665330661325,81.27027027027027,,100.0,1.0,100.0,-0.5473452072185211
9.531062124248498,81.27027027027027,,100.0,1.0,100.0,-0.5457923162287838
9.729458917835672,81.27027027027027,,100.0,1.0,100.0,-0.5442672133254951
9.927855711422845,81.27027027027027,,100.0,1.0,100.0,-0.5427698286761362
10.126252505010019,81.27027027027027,,100.0,1.0,100.0,-0.5413000894157327
10.324649298597194,81.27027027027027,,100.0,1.0,100.0,-0.5398579196731788
10.52304609218437,81.27027027027027,,100.0,1.0,100.0,-0.5384432405978659
10.721442885771543,81.27027027027027,,100.0,1.0,100.0,-0.5370559703867854
10.919839679358718,81.27027027027027,,100.0,1.0,100.0,-0.5356960243119614
11.118236472945892,81.27027027027027,,100.0,1.0,100.0,-0.5343633147481921
11.316633266533067,81.27027027027027,,100.0,1.0,100.0,-0.5330577512012497
11.515030060120242,81.27027027027027,,100.0,1.0,100.0,-0.5317792403363767
11.713426853707414,81.27027027027027,,100.0,1.0,100.0,-0.5305276860071413
11.91182364729459,81.27027027027027,,100.0,1.0,100.0,-0.5293029892846267
12.110220440881761,81.27027027027027,,100.0,1.0,100.0,-0.5281050484870101
12.308617234468937,81.27027027027027,,100.0,1.0,100.0,-0.5269337592094177
12.507014028056114,81.27027027027027,,100.0,1.0,100.0,-0.5257890143541744
12.705410821643287,81.27027027027027,,100.0,1.0,100.0,-0.5246707041613567
12.903807615230463,81.27027027027027,,100.0,1.0,100.0,-0.5235787162396603
13.102204408817634,81.27027027027027,,100.0,1.0,100.0,-0.5225129355976652
13.30060120240481,81.27027027027027,,100.0,1.0,100.0,-0.5214732446753219
13.498997995991983,81.27027027027027,,100.0,1.0,100.0,-0.5204595233758995
13.697394789579159,81.27027027027027,,100.0,1.0,100.0,-0.519471649098123
13.895791583166334,81.27027027027027,,100.0,1.0,100.0,-0.5185094967686933
14.094188376753507,81.27027027027027,,100.0,1.0,100.0,-0.5175729388751924
14.292585170340683,81.27027027027027,,100.0,1.0,100.0,-0.5166618454991598
14.490981963927855,81.27027027027027,,100.0,1.0,100.0,-0.5157760843496313
14.689378757515032,81.27027027027027,,100.0,1.0,100.0,-0.5149155207969249
14.887775551102203,81.27027027027027,,100.0,1.0,100.0,-0.5140800179067337
15.086172344689379,81.27027027027027,,100.0,1.0,100.0,-0.5132694364746005
15.284569138276554,81.27027027027027,,100.0,1.0,100.0,-0.5124836350606127
15.482965931863726,81.27027027027027,,100.0,1.0,100.0,-0.5117224700245075
15.681362725450903,81.27027027027027,,100.0,1.0,100.0,-0.5109857955610059
15.879759519038075,81.27027027027027,,100.0,1.0,100.0,-0.5102734637355658
16.07815631262525,81.27027027027027,,100.0,1.0,100.0,-0.5095853245202903
16.276553106212425,81.27027027027027,,100.0,1.0,100.0,-0.5089212258303208
16.474949899799597,81.27027027027027,,100.0,1.0,100.0,-0.508281013560393
16.673346693386772,81.27027027027027,,100.0,1.0,100.0,-0.5076645316218207
16.871743486973948,81.27027027027027,,100.0,1.0,100.0,-0.5070716219796868
17.070140280561123,81.27027027027027,,100.0,1.0,100.0,-0.5065021246903985
17.2685370741483,81.27027027027027,,100.0,1.0,100.0,-0.5059558779395363
17.466933867735474,81.27027027027027,,100.0,1.0,100.0,-0.5054327180800067
17.66533066132265,81.27027027027027,,100.0,1.0,100.0,-0.5049324796704805
17.86372745490982,81.27027027027027,,100.0,1.0,100.0,-0.5044549955141313
18.062124248496996,81.27027027027027,,100.0,1.0,100.0,-0.5040000966976927
18.260521042084168,81.27027027027027,,100.0,1.0,100.0,-0.5035676126308305
18.458917835671343,81.27027027027027,,100.0,1.0,100.0,-0.5031573710856772
18.657314629258515,81.27027027027027,,100.0,1.0,100.0,-0.5027691982368545
18.85571142284569,81.27027027027027,,100.0,1.0,100.0,-0.5024029187016219
19.054108216432866,81.27027027027027,,100.0,1.0,100.0,-0.5020583555803619
19.252505010020037,81.27027027027027,,100.0,1.0,100.0,-0.5017353304973982
19.450901803607216,81.27027027027027,,100.0,1.0,100.0,-0.5014336636419455
19.649298597194388,81.27027027027027,,100.0,1.0,100.0,-0.5011531738095274
19.847695390781563,81.27027027027027,,100.0,1.0,100.0,-0.5008936784434903
20.04609218436874,81.27027027027027,,100.0,1.0,100.0,-0.5006549936768586
20.244488977955914,81.27027027027027,,100.0,1.0,100.0,-0.5004369343744579
20.442885771543086,81.27027027027027,,100.0,1.0,100.0,-0.5002393141752738
20.64128256513026,81.27027027027027,,100.0,1.0,100.0,-0.5000619455349877
20.839679358717436,81.27027027027027,,100.0,1.0,100.0,-0.4999046397689461
21.03807615230461,81.27027027027027,,100.0,1.0,100.0,-0.4997672070951217
21.236472945891784,81.27027027027027,,100.0,1.0,100.0,-0.4996494566775158
21.43486973947896,81.27027027027027,,100.0,1.0,100.0,-0.4995511966696355
21.633266533066134,81.27027027027027,,100.0,1.0,100.0,-0.4994722342583026
21.831663326653306,81.27027027027027,,100.0,1.0,100.0,-0.499412375707584
22.030060120240485,81.27027027027027,,100.0,1.0,100.0,-0.4993714264029873
22.228456913827657,81.27027027027027,,100.0,1.0,100.0,-0.4993491908958049
22.42685370741483,81.27027027027027,,100.0,1.0,100.0,-0.4993454729477056
22.625250501002007,81.27027027027027,,100.0,1.0,100.0,-0.4993600755754482
22.82364729458918,81.27027027027027,,100.0,1.0,100.0,-0.4993928010958105
23.02204408817635,81.27027027027027,,100.0,1.0,100.0,-0.4994434511706445
23.220440881763523,81.27027027027027,,100.0,1.0,100.0,-0.4995118268521437
23.4188376753507,81.27027027027027,,100.0,1.0,100.0,-0.4995977286282144
23.617234468937873,81.27027027027027,,100.0,1.0,100.0,-0.4997009564679549
23.815631262525052,81.27027027027027,,100.0,1.0,100.0,-0.4998213098674022
24.014028056112227,81.27027027027027,,100.0,1.0,100.0,-0.4999585878951842
24.212424849699403,81.27027027027027,,100.0,1.0,100.0,-0.5001125892384928
24.410821643286575,81.27027027027027,,100.0,1.0,100.0,-0.5002831122490335
24.609218436873746,81.27027027027027,,100.0,1.0,100.0,-0.5004699549890841
24.807615230460925,81.27027027027027,,100.0,1.0,100.0,-0.5006729152776679
25.006012024048097,81.27027027027027,,100.0,1.0,100.0,-0.500891790736792
25.20440881763527,81.27027027027027,,100.0,1.0,100.0,-0.5011263788376712
25.402805611222448,81.27027027027027,,100.0,1.0,100.0,-0.5013764769471387
25.60120240480962,81.27027027027027,,100.0,1.0,100.0,-0.5016418823739432
25.79959919839679,81.27027027027027,,100.0,1.0,100.0,-0.5019223924152099
25.997995991983966,81.27027027027027,,100.0,1.0,100.0,-0.5022178044028182
26.196392785571145,81.27027027027027,,100.0,1.0,100.0,-0.5025279157498359
26.394789579158317,81.27027027027027,,100.0,1.0,100.0,-0.5028525239968954
26.59318637274549,81.27027027027027,,100.0,1.0,100.0,-0.5031914268586675
26.791583166332664,81.27027027027027,,100.0,1.0,100.0,-0.5035444222701444
26.98997995991984,81.27027027027027,,100.0,1.0,100.0,-0.503911308433014
27.188376753507008,81.27027027027027,,100.0,1.0,100.0,-0.5042918838619213
27.386773547094187,81.27027027027027,,100.0,1.0,100.0,-0.5046859474306487
27.585170340681366,81.27027027027027,,100.0,1.0,100.0,-0.505093298418317
27.783567134268534,81.27027027027027,,100.0,1.0,100.0,-0.5055137365553346
27.98196392785571,81.27027027027027,,100.0,1.0,100.0,-0.5059470620694178
28.180360721442888,81.27027027027027,,100.0,1.0,100.0,-0.5063930757313634
28.378757515030063,81.27027027027027,,100.0,1.0,100.0,-0.5068515789007977
28.577154308617235,81.27027027027027,,100.0,1.0,100.0,-0.507322373571703
28.7755511022044,81.27027027027027,,100.0,1.0,100.0,-0.5078052624178682
28.97394789579158,81.27027027027027,,100.0,1.0,100.0,-0.5083000488381126
29.172344689378757,81.27027027027027,,100.0,1.0,100.0,-0.5088065370013583
29.370741482965926,81.27027027027027,,100.0,1.0,100.0,-0.5093245318915688
29.5691382765531,81.27027027027027,,100.0,1.0,100.0,-0.5098538393523884
29.76753507014028,81.27027027027027,,100.0,1.0,100.0,-0.5103942661316331
29.965931863727448,81.27027027027027,,100.0,1.0,100.0,-0.510945619925525
30.164328657314627,81.27027027027027,,100.0,1.0,100.0,-0.5115077094227477
30.36272545090181,81.27027027027027,,100.0,1.0,100.0,-0.5120803443481606
30.56112224448897,81.27027027027027,,100.0,1.0,100.0,-0.512663335506293
30.759519038076157,81.27027027027027,,100.0,1.0,100.0,-0.5132564948245841
30.957915831663332,81.27027027027027,,100.0,1.0,100.0,-0.5138596353962948
31.1563126252505,81.27027027027027,,100.0,1.0,100.0,-0.5144725715230721
31.35470941883768,81.27027027027027,,100.0,1.0,100.0,-0.5150951187573342
31.553106212424858,81.27027027027027,,100.0,1.0,100.0,-0.5157270939441873
31.751503006012022,81.27027027027027,,100.0,1.0,100.0,-0.5163683152630281
31.949899799599194,81.27027027027027,,100.0,1.0,100.0,-0.5170186022688515
32.14829659318637,81.27027027027027,,100.0,1.0,100.0,-0.5176777759330591
32.346693386773545,81.27027027027027,,100.0,1.0,100.0,-0.5183456586840558
32.545090180360724,81.27027027027027,,100.0,1.0,100.0,-0.5190220744472638
32.743486973947896,81.27027027027027,,100.0,1.0,100.0,-0.5197068486848104
32.941883767535074,81.27027027027027,,100.0,1.0,100.0,-0.5203998084348427
33.140280561122246,81.27027027027027,,100.0,1.0,100.0,-0.5211007823502588
33.33867735470942,81.27027027027027,,100.0,1.0,100.0,-0.521809600737071
33.5370741482966,81.27027027027027,,100.0,1.0,100.0,-0.5225260955922866
33.73547094188377,81.27027027027027,,100.0,1.0,100.0,-0.523250100641296
33.93386773547095,81.27027027027027,,100.0,1.0,100.0,-0.5239814513747302
34.13226452905812,81.27027027027027,,100.0,1.0,100.0,-0.5247199850848236
34.3306613226453,81.27027027027027,,100.0,1.0,100.0,-0.5254655409012784
34.52905811623247,81.27027027027027,,100.0,1.0,100.0,-0.52621795982648
34.72745490981965,81.27027027027027,,100.0,1.0,100.0,-0.5269770847702014
34.92585170340681,81.27027027027027,,100.0,1.0,100.0,-0.5277427605838462
35.12424849699399,81.27027027027027,,100.0,1.0,100.0,-0.5285148340938512
35.32264529058117,81.27027027027027,,100.0,1.0,100.0,-0.5292931541346805
35.521042084168336,81.27027027027027,,100.0,1.0,100.0,-0.5300775715811058
35.719438877755515,81.27027027027027,,100.0,1.0,100.0,-0.5308679393798802
35.91783567134269,81.27027027027027,,100.0,1.0,100.0,-0.5316641125807011
36.11623246492986,81.27027027027027,,100.0,1.0,100.0,-0.5324659483665811
36.31462925851703,81.27027027027027,,100.0,1.0,100.0,-0.5332733060834182
36.51302605210421,81.27027027027027,,100.0,1.0,100.0,-0.5340860472689777
36.71142284569138,81.27027027027027,,100.0,1.0,100.0,-0.5349040356810647
36.90981963927855,81.27027027027027,,100.0,1.0,100.0,-0.5357271373250243
37.10821643286573,81.27027027027027,,100.0,1.0,100.0,-0.5365552204803912
37.3066132264529,81.27027027027027,,100.0,1.0,100.0,-0.5373881557268975
37.505010020040075,81.27027027027027,,100.0,1.0,100.0,-0.5382258159695972
37.703406813627254,81.27027027027027,,100.0,1.0,100.0,-0.5390680764632404
37.90180360721443,81.27027027027027,,100.0,1.0,100.0,-0.5399148148358028
38.100200400801604,81.27027027027027,,100.0,1.0,100.0,-0.5407659111111794
38.298597194388776,81.27027027027027,,100.0,1.0,100.0,-0.5416212477310648
38.496993987975955,81.27027027027027,,100.0,1.0,100.0,-0.5424807095759738
38.69539078156313,81.27027027027027,,100.0,1.0,100.0,-0.5433441839853329
38.8937875751503,81.27027027027027,,100.0,1.0,100.0,-0.5442115607767248
39.09218436873748,81.27027027027027,,100.0,1.0,100.0,-0.5450827322641888
39.29058116232465,81.27027027027027,,100.0,1.0,100.0,-0.5459575932756886
39.48897795591183,81.27027027027027,,100.0,1.0,100.0,-0.5468360411695525
39.687374749499,81.27027027027027,,100.0,1.0,100.0,-0.5477179758499789
39.88577154308617,81.27027027027027,,100.0,1.0,100.0,-0.5486032997816916
40.08416833667335,81.27027027027027,,100.0,1.0,100.0,-0.5494919180034582
40.28256513026052,81.27027027027027,,100.0,1.0,100.0,-0.5503837381407323
40.4809619238477,81.27027027027027,,100.0,1.0,100.0,-0.5512786704173394
40.67935871743487,81.27027027027027,,100.0,1.0,100.0,-0.5521766276660592
40.877755511022045,81.27027027027027,,100.0,1.0,100.0,-0.5530775253382267
41.07615230460922,81.27027027027027,,100.0,1.0,100.0,-0.5539812815123689
41.274549098196395,81.27027027027027,,100.0,1.0,100.0,-0.5548878169017287
41.47294589178357,81.27027027027027,,100.0,1.0,100.0,-0.5557970548608268
41.671342685370746,81.27027027027027,,100.0,1.0,100.0,-0.5567089213908971
41.86973947895792,81.27027027027027,,100.0,1.0,100.0,-0.5576233451443864
42.06813627254509,81.27027027027027,,100.0,1.0,100.0,-0.5585402574282471
42.26653306613227,81.27027027027027,,100.0,1.0,100.0,-0.5594595922062977
42.46492985971944,81.27027027027027,,100.0,1.0,100.0,-0.5603812861004578
42.66332665330661,81.27027027027027,,100.0,1.0,100.0,-0.561305278390955
42.861723446893784,81.27027027027027,,100.0,1.0,100.0,-0.5622315110154039
43.06012024048097,81.27027027027027,,100.0,1.0,100.0,-0.5631599285668257
43.25851703406814,81.27027027027027,,100.0,1.0,100.0,-0.5640904782907137
43.45691382765531,81.27027027027027,,100.0,1.0,100.0,-0.5650231100808517
43.655310621242485,81.27027027027027,,100.0,1.0,100.0,-0.5659577764741824
43.85370741482966,81.27027027027027,,100.0,1.0,100.0,-0.5668944326446304
44.05210420841683,81.27027027027027,,100.0,1.0,100.0,-0.5678330363957522
44.250501002004015,81.27027027027027,,100.0,1.0,100.0,-0.568773548152432
44.448897795591186,81.27027027027027,,100.0,1.0,100.0,-0.5697159309515559
44.64729458917836,81.27027027027027,,100.0,1.0,100.0,-0.5706601504315612
44.84569138276553,81.27027027027027,,100.0,1.0,100.0,-0.5716061748209795
45.0440881763527,81.27027027027027,,100.0,1.0,100.0,-0.5725539749260246
45.24248496993987,81.27027027027027,,100.0,1.0,100.0,-0.5735035241171258
45.440881763527045,81.27027027027027,,100.0,1.0,100.0,-0.574454798314446
45.63927855711423,81.27027027027027,,100.0,1.0,100.0,-0.575407775972479
45.8376753507014,81.27027027027027,,100.0,1.0,100.0,-0.5763624380636673
46.036072144288575,81.27027027027027,,100.0,1.0,100.0,-0.5773187680610035
46.23446893787575,81.27027027027027,,100.0,1.0,100.0,-0.5782767519198082
46.43286573146293,81.27027027027027,,100.0,1.0,100.0,-0.5792363780585144
46.631262525050104,81.27027027027027,,100.0,1.0,100.0,-0.5801976373386049
46.829659318637276,81.27027027027027,,100.0,1.0,100.0,-0.5811605230436425
47.028056112224455,81.27027027027027,,100.0,1.0,100.0,-0.5821250308574676
47.22645290581163,81.27027027027027,,100.0,1.0,100.0,-0.5830911588415478
47.424849699398806,81.27027027027027,,100.0,1.0,100.0,-0.5840589074115836
47.62324649298598,81.27027027027027,,100.0,1.0,100.0,-0.5850282793132305
47.82164328657315,81.27027027027027,,100.0,1.0,100.0,-0.5859992795971704
48.02004008016032,81.27027027027027,,100.0,1.0,100.0,-0.5869719155933486
48.21843687374749,81.27027027027027,,100.0,1.0,100.0,-0.5879461968846319
48.41683366733468,81.27027027027027,,100.0,1.0,100.0,-0.5889221352796669
48.615230460921836,81.27027027027027,,100.0,1.0,100.0,-0.58989974478517
48.81362725450902,81.27027027027027,,100.0,1.0,100.0,-0.5908790415775877
49.012024048096194,81.27027027027027,,100.0,1.0,100.0,-0.5918600439741614
49.21042084168337,81.27027027027027,,100.0,1.0,100.0,-0.5928427724033993
49.40881763527054,81.27027027027027,,100.0,1.0,100.0,-0.5938272493751291
49.60721442885771,81.27027027027027,,100.0,1.0,100.0,-0.5948134994499299
49.805611222444895,81.27027027027027,,100.0,1.0,100.0,-0.5958015492081813
50.00400801603207,81.27027027027027,,100.0,1.0,100.0,-0.5967914272186695
50.20240480961924,81.27027027027027,,100.0,1.0,100.0,-0.5977831640067857
50.40080160320641,81.27027027027027,,100.0,1.0,100.0,-0.5987767920223749
50.59919839679358,81.27027027027027,,100.0,1.0,100.0,-0.5997723456072036
50.79759519038077,81.27027027027027,,100.0,1.0,100.0,-0.6007698609622388
50.99599198396793,81.27027027027027,,100.0,1.0,100.0,-0.6017693761145453
51.19438877755511,81.27027027027027,,100.0,1.0,100.0,-0.6027709308840197
51.39278557114229,81.27027027027027,,100.0,1.0,100.0,-0.6037745668499397
51.59118236472946,81.27027027027027,,100.0,1.0,100.0,-0.6047803273172605
51.789579158316634,81.27027027027027,,100.0,1.0,100.0,-0.6057882572828843
51.987975951903806,81.27027027027027,,100.0,1.0,100.0,-0.6067984034018015
52.18637274549098,81.27027027027027,,100.0,1.0,100.0,-0.6078108139531099
52.38476953907816,81.27027027027027,,100.0,1.0,100.0,-0.6088255388060698
52.583166332665336,81.27027027027027,,100.0,1.0,100.0,-0.6098426293861726
52.78156312625251,81.27027027027027,,100.0,1.0,100.0,-0.6108621386410704
52.97995991983967,81.27027027027027,,100.0,1.0,100.0,-0.6118841210068839
53.17835671342685,81.27027027027027,,100.0,1.0,100.0,-0.6129086323742298
53.37675350701403,81.27027027027027,,100.0,1.0,100.0,-0.6139357300546708
53.57515030060121,81.27027027027027,,100.0,1.0,100.0,-0.6149654727471101
53.77354709418837,81.27027027027027,,100.0,1.0,100.0,-0.6159979205045577
53.97194388777555,81.27027027027027,,100.0,1.0,100.0,-0.6170331347008144
54.17034068136273,81.27027027027027,,100.0,1.0,100.0,-0.6180711779977671
54.368737474949896,81.27027027027027,,100.0,1.0,100.0,-0.6191121143125942
54.567134268537075,81.27027027027027,,100.0,1.0,100.0,-0.6201560087854229
54.765531062124246,81.27027027027027,,100.0,1.0,100.0,-0.6212029277473707
54.96392785571142,81.27027027027027,,100.0,1.0,100.0,-0.6222529386885939
55.1623246492986,81.27027027027027,,100.0,1.0,100.0,-0.623306110227141
55.360721442885776,81.27027027027027,,100.0,1.0,100.0,-0.6243625120777835
55.55911823647295,81.27027027027027,,100.0,1.0,100.0,-0.625422215021481
55.75751503006013,81.27027027027027,,100.0,1.0,100.0,-0.626485290875132
55.95591182364729,81.27027027027027,,100.0,1.0,100.0,-0.6275518124618455
56.15430861723447,81.27027027027027,,100.0,1.0,100.0,-0.6286218535815358
56.35270541082165,81.27027027027027,,100.0,1.0,100.0,-0.6296954889821471
56.551102204408814,81.27027027027027,,100.0,1.0,100.0,-0.6307727943312346
56.74949899799599,81.27027027027027,,100.0,1.0,100.0,-0.6318538461880453
56.94789579158316,81.27027027027027,,100.0,1.0,100.0,-0.6329387219761712
57.146292585170336,81.27027027027027,,100.0,1.0,100.0,-0.6340274999566392
57.3446893787575,81.27027027027027,,100.0,1.0,100.0,-0.6351202592016371
57.543086172344694,81.27027027027027,,100.0,1.0,100.0,-0.6362170795686171
57.74148296593185,81.27027027027027,,100.0,1.0,100.0,-0.6373180416751622
57.93987975951904,81.27027027027027,,100.0,1.0,100.0,-0.6384232268741566
58.13827655310623,81.27027027027027,,100.0,1.0,100.0,-0.6395327172297183
58.336673346693395,81.27027027027027,,100.0,1.0,100.0,-0.6406465954936501
58.535070140280574,81.27027027027027,,100.0,1.0,100.0,-0.6417649450824073
58.73346693386774,81.27027027027027,,100.0,1.0,100.0,-0.6428878500546088
58.9318637274549,81.27027027027027,,100.0,1.0,100.0,-0.6440153950893505
59.13026052104208,81.27027027027027,,100.0,1.0,100.0,-0.6451476654648421
59.32865731462926,81.27027027027027,,100.0,1.0,100.0,-0.6462847470377576
59.52705410821644,81.27027027027027,,100.0,1.0,100.0,-0.6474267262231144
59.72545090180361,81.27027027027027,,100.0,1.0,100.0,-0.6485736899748091
59.92384769539078,81.27027027027027,,100.0,1.0,100.0,-0.6497257257667238
60.12224448897794,81.27027027027027,,100.0,1.0,100.0,-0.6508829215743072
60.32064128256512,81.27027027027027,,100.0,1.0,100.0,-0.6520453658568527
60.51903807615231,81.27027027027027,,100.0,1.0,100.0,-0.653213147540363
60.717434869739485,81.27027027027027,,100.0,1.0,100.0,-0.654386356000878
60.915831663326664,81.27027027027027,,100.0,1.0,100.0,-0.6555650810484471
61.114228456913835,81.27027027027027,,100.0,1.0,100.0,-0.6567494129117297
61.312625250501,81.27027027027027,,100.0,1.0,100.0,-0.6579394422229882
61.51102204408818,81.27027027027027,,100.0,1.0,100.0,-0.6591352600038026
61.709418837675344,81.27027027027027,,100.0,1.0,100.0,-0.6603369576512547
61.90781563126252,81.27027027027027,,100.0,1.0,100.0,-0.6615446269246764
62.1062124248497,81.27027027027027,,100.0,1.0,100.0,-0.662758359932869
62.30460921843688,81.27027027027027,,100.0,1.0,100.0,-0.6639782491220457
62.50300601202406,81.27027027027027,,100.0,1.0,100.0,-0.6652043872640055
62.701402805611224,81.27027027027027,,100.0,1.0,100.0,-0.6664368674451557
62.89979959919839,81.27027027027027,,100.0,1.0,100.0,-0.6676757830557665
63.09819639278557,81.27027027027027,,100.0,1.0,100.0,-0.6689212277798502
63.296593186372746,81.27027027027027,,100.0,1.0,100.0,-0.6701732955855643
63.494989979959925,81.27027027027027,,100.0,1.0,100.0,-0.6714320807160461
63.69338677354709,81.27027027027027,,100.0,1.0,100.0,-0.672697677680766
63.89178356713427,81.27027027027027,,100.0,1.0,100.0,-0.6739701812472575
64.09018036072143,81.27027027027027,,100.0,1.0,100.0,-0.6752496864335278
64.28857715430863,81.27027027027027,,100.0,1.0,100.0,-0.6765362885006515
64.48697394789579,81.27027027027027,,100.0,1.0,100.0,-0.6778300829459942
64.68537074148296,81.27027027027027,,100.0,1.0,100.0,-0.679131165496904
64.88376753507015,81.27027027027027,,100.0,1.0,100.0,-0.6804396321046617
65.08216432865731,81.27027027027027,,100.0,1.0,100.0,-0.681755578939036
65.28056112224449,81.27027027027027,,100.0,1.0,100.0,-0.6830791023831779
65.47895791583166,81.27027027027027,,100.0,1.0,100.0,-0.684410299028921
65.67735470941884,81.27027027027027,,100.0,1.0,100.0,-0.6857492656725402
65.87575150300601,81.27027027027027,,100.0,1.0,100.0,-0.6870960993108474
66.0741482965932,81.27027027027027,,100.0,1.0,100.0,-0.6884508971377471
66.27254509018036,81.27027027027027,,100.0,1.0,100.0,-0.6898137565411377
66.47094188376754,81.27027027027027,,100.0,1.0,100.0,-0.6911847751001777
66.66933867735472,81.27027027027027,,100.0,1.0,100.0,-0.6925640505829734
66.8677354709419,81.27027027027027,,100.0,1.0,100.0,-0.6939516809446757
67.06613226452906,81.27027027027027,,100.0,1.0,100.0,-0.6953477643257595
67.26452905811624,81.27027027027027,,100.0,1.0,100.0,-0.6967523990508915
67.4629258517034,81.27027027027027,,100.0,1.0,100.0,-0.6981656836280451
67.6613226452906,81.27027027027027,,100.0,1.0,100.0,-0.6995877167478832
67.85971943887776,81.27027027027027,,100.0,1.0,100.0,-0.7010185972836754
68.05811623246494,81.27027027027027,,100.0,1.0,100.0,-0.7024584242913967
68.2565130260521,81.27027027027027,,100.0,1.0,100.0,-0.7039072970101938
68.45490981963928,81.27027027027027,,100.0,1.0,100.0,-0.7053653148633372
68.65330661322645,81.27027027027027,,100.0,1.0,100.0,-0.7068325774592232
68.85170340681363,81.27027027027027,,100.0,1.0,100.0,-0.7083091845929461
69.05010020040079,81.27027027027027,,100.0,1.0,100.0,-0.7097952362481057
69.24849699398798,81.27027027027027,,100.0,1.0,100.0,-0.7112908325989207
69.44689378757515,81.27027027027027,,100.0,1.0,100.0,-0.7127960740125949
69.64529058116234,81.27027027027027,,100.0,1.0,100.0,-0.714311061052276
69.84368737474949,81.27027027027027,,100.0,1.0,100.0,-0.7158358944798845
70.04208416833667,81.27027027027027,,100.0,1.0,100.0,-0.7173706752596751
70.24048096192385,81.27027027027027,,100.0,1.0,100.0,-0.7189155045618498
70.43887775551103,81.27027027027027,,100.0,1.0,100.0,-0.7204704837665621
70.6372745490982,81.27027027027027,,100.0,1.0,100.0,-0.7220357144682543
70.83567134268537,81.27027027027027,,100.0,1.0,100.0,-0.7236112984801606
71.03406813627254,81.27027027027027,,100.0,1.0,100.0,-0.7251973378393444
71.23246492985973,81.27027027027027,,100.0,1.0,100.0,-0.7267939348118067
71.4308617234469,81.27027027027027,,100.0,1.0,100.0,-0.7284011918979861
71.62925851703406,81.27027027027027,,100.0,1.0,100.0,-0.730019211838643
71.82765531062124,81.27027027027027,,100.0,1.0,100.0,-0.731648097620823
72.0260521042084,81.27027027027027,,100.0,1.0,100.0,-0.7332879524843409
72.2244488977956,81.27027027027027,,100.0,1.0,100.0,-0.7349388799284263
72.42284569138276,81.27027027027027,,100.0,1.0,100.0,-0.7366009837186593
72.62124248496994,81.27027027027027,,100.0,1.0,100.0,-0.7382743678943395
72.8196392785571,81.27027027027027,,100.0,1.0,100.0,-0.7399591367758942
73.01803607214428,81.27027027027027,,100.0,1.0,100.0,-0.7416553949728198
73.21643286573146,81.27027027027027,,100.0,1.0,100.0,-0.7433632473917884
73.41482965931863,81.27027027027027,,100.0,1.0,100.0,-0.7450827992450163
73.6132264529058,81.27027027027027,,100.0,1.0,100.0,-0.7468141560590732
73.81162324649299,81.27027027027027,,100.0,1.0,100.0,-0.7485574236837668
74.01002004008016,81.27027027027027,,100.0,1.0,100.0,-0.7503127083014794
74.20841683366733,81.27027027027027,,100.0,1.0,100.0,-0.7520801164366818
74.40681362725451,81.27027027027027,,100.0,1.0,100.0,-0.7538597549658345
74.60521042084169,81.27027027027027,,100.0,1.0,100.0,-0.7556517311274479
74.80360721442887,81.27027027027027,,100.0,1.0,100.0,-0.7574561525325196
75.00200400801603,81.27027027027027,,100.0,1.0,100.0,-0.7592731271752855
75.20040080160321,81.27027027027027,,100.0,1.0,100.0,-0.7611027634440756
75.39879759519039,81.27027027027027,,100.0,1.0,100.0,-0.7629451701326314
75.59719438877755,81.27027027027027,,100.0,1.0,100.0,-0.7648004564516077
75.79559118236472,81.27027027027027,,100.0,1.0,100.0,-0.7666687320404192
75.99398797595191,81.27027027027027,,100.0,1.0,100.0,-0.7685501069792984
76.19238476953907,81.27027027027027,,100.0,1.0,100.0,-0.7704446918015946
76.39078156312625,81.27027027027027,,100.0,1.0,100.0,-0.7723525975065225
76.58917835671345,81.27027027027027,,100.0,1.0,100.0,-0.7742739355720126
76.7875751503006,81.27027027027027,,100.0,1.0,100.0,-0.7762088179678353
76.98597194388778,81.27027027027027,,100.0,1.0,100.0,-0.7781573571691329
77.18436873747495,81.27027027027027,,100.0,1.0,100.0,-0.7801196661701818
77.38276553106212,81.27027027027027,,100.0,1.0,100.0,-0.7820958584982632
77.5811623246493,81.27027027027027,,100.0,1.0,100.0,-0.7840860482279997
77.77955911823646,81.27027027027027,,100.0,1.0,100.0,-0.786090349995899
77.97795591182366,81.27027027027027,,100.0,1.0,100.0,-0.7881088790151419
78.1763527054108,81.27027027027027,,100.0,1.0,100.0,-0.7901417510906127
78.374749498998,81.27027027027027,,100.0,1.0,100.0,-0.7921890826342382
78.5731462925852,81.27027027027027,,100.0,1.0,100.0,-0.7942509906807126
78.77154308617234,81.27027027027027,,100.0,1.0,100.0,-0.7963275929031416
78.96993987975952,81.27027027027027,,100.0,1.0,100.0,-0.7984190076293036
79.1683366733467,81.27027027027027,,100.0,1.0,100.0,-0.8005253538579667
79.36673346693387,81.27027027027027,,100.0,1.0,100.0,-0.8026467512756231
79.56513026052104,81.27027027027027,,100.0,1.0,100.0,-0.8047833202733082
79.76352705410822,81.27027027027027,,100.0,1.0,100.0,-0.8069351819636624
79.9619238476954,81.27027027027027,,100.0,1.0,100.0,-0.8091024581986535
80.16032064128257,81.27027027027027,,100.0,1.0,100.0,-0.811285271586914
80.35871743486975,81.27027027027027,,100.0,1.0,100.0,-0.813483745511807
80.55711422845691,81.27027027027027,,100.0,1.0,100.0,-0.8156980041496276
80.75551102204409,81.27027027027027,,100.0,1.0,100.0,-0.8179281724880751
80.95390781563127,81.27027027027027,,100.0,1.0,100.0,-0.8201743763447862
81.15230460921843,81.27027027027027,,100.0,1.0,100.0,-0.822436742386406
81.35070140280563,81.27027027027027,,100.0,1.0,100.0,-0.8247153981476939
81.54909819639279,81.27027027027027,,100.0,1.0,100.0,-0.8270104720510602
81.74749498997996,81.27027027027027,,100.0,1.0,100.0,-0.8293220934261292
81.94589178356713,81.27027027027027,,100.0,1.0,100.0,-0.8316503925297437
82.14428857715431,81.27027027027027,,100.0,1.0,100.0,-0.8339955005661945
82.34268537074149,81.27027027027027,,100.0,1.0,100.0,-0.8363575497075619
82.54108216432866,81.27027027027027,,100.0,1.0,100.0,-0.8387366731143966
82.73947895791585,81.27027027027027,,100.0,1.0,100.0,-0.8411330049567551
82.937875751503,81.27027027027027,,100.0,1.0,100.0,-0.8435466804352608
83.13627254509018,81.27027027027027,,100.0,1.0,100.0,-0.8459778358025539
83.33466933867736,81.27027027027027,,100.0,1.0,100.0,-0.8484266083849475
83.53306613226454,81.27027027027027,,100.0,1.0,100.0,-0.8508931366043944
83.7314629258517,81.27027027027027,,100.0,1.0,100.0,-0.8533775600005481
83.92985971943888,81.27027027027027,,100.0,1.0,100.0,-0.855880019253232
84.12825651302606,81.27027027027027,,100.0,1.0,100.0,-0.8584006562050713
84.32665330661322,81.27027027027027,,100.0,1.0,100.0,-0.8609396138843395
84.5250501002004,81.27027027027027,,100.0,1.0,100.0,-0.8634970365281787
84.72344689378757,81.27027027027027,,100.0,1.0,100.0,-0.8660730696059014
84.92184368737476,81.27027027027027,,100.0,1.0,100.0,-0.8686678598426504
85.12024048096194,81.27027027027027,,100.0,1.0,100.0,-0.8712815552432839
85.3186372745491,81.27027027027027,,100.0,1.0,100.0,-0.873914305116482
85.51703406813628,81.27027027027027,,100.0,1.0,100.0,-0.8765662600991186
85.71543086172345,81.27027027027027,,100.0,1.0,100.0,-0.8792375721809109
85.91382765531063,81.27027027027027,,100.0,1.0,100.0,-0.8819283947292127
86.1122244488978,81.27027027027027,,100.0,1.0,100.0,-0.8846388825141476
86.31062124248497,81.27027027027027,,100.0,1.0,100.0,-0.8873691917341043
86.50901803607215,81.27027027027027,,100.0,1.0,100.0,-0.8901194800411123
86.70741482965931,81.27027027027027,,100.0,1.0,100.0,-0.8928899065669578
86.90581162324649,81.27027027027027,,100.0,1.0,100.0,-0.8956806319491089
87.10420841683366,81.27027027027027,,100.0,1.0,100.0,-0.8984918183572221
87.30260521042084,81.27027027027027,,100.0,1.0,100.0,-0.901323629519668
87.50100200400803,81.27027027027027,,100.0,1.0,100.0,-0.9041762307505424
87.6993987975952,81.27027027027027,,100.0,1.0,100.0,-0.9070497889767258
87.89779559118237,81.27027027027027,,100.0,1.0,100.0,-0.9099444727652596
88.09619238476955,81.27027027027027,,100.0,1.0,100.0,-0.9128604523511212
88.29458917835672,81.27027027027027,,100.0,1.0,100.0,-0.9157978996650604
88.4929859719439,81.27027027027027,,100.0,1.0,100.0,-0.9187569883617904
88.69138276553106,81.27027027027027,,100.0,1.0,100.0,-0.9217378938485452
88.88977955911824,81.27027027027027,,100.0,1.0,100.0,-0.9247407933136648
89.0881763527054,81.27027027027027,,100.0,1.0,100.0,-0.9277658657557302
89.28657314629258,81.27027027027027,,100.0,1.0,100.0,-0.9308132920127088
89.48496993987975,81.27027027027027,,100.0,1.0,100.0,-0.9338832547915712
89.68336673346693,81.27027027027027,,100.0,1.0,100.0,-0.9369759386981296
89.88176352705409,81.27027027027027,,100.0,1.0,100.0,-0.9400915302670038
90.08016032064127,81.27027027027027,,100.0,1.0,100.0,-0.9432302179921532
90.27855711422846,81.27027027027027,,100.0,1.0,100.0,-0.9463921923574375
90.47695390781564,81.27027027027027,,100.0,1.0,100.0,-0.9495776458675916
90.6753507014028,81.27027027027027,,100.0,1.0,100.0,-0.9527867730794088
90.87374749498998,81.27027027027027,,100.0,1.0,100.0,-0.9560197706333512
91.07214428857715,81.27027027027027,,100.0,1.0,100.0,-0.9592768372852996
91.27054108216433,81.27027027027027,,100.0,1.0,100.0,-0.9625581739386436
91.46893787575152,81.27027027027027,,100.0,1.0,100.0,-0.9658639836767478
91.66733466933867,81.27027027027027,,100.0,1.0,100.0,-0.969194471795598
91.86573146292585,81.27027027027027,,100.0,1.0,100.0,-0.9725498458369088
92.06412825651303,81.27027027027027,,100.0,1.0,100.0,-0.9759303156212668
92.26252505010021,81.27027027027027,,100.0,1.0,100.0,-0.979336093281938
92.46092184368737,81.27027027027027,,100.0,1.0,100.0,-0.9827673932987784
92.65931863727455,81.27027027027027,,100.0,1.0,100.0,-0.986224432532304
92.85771543086172,81.27027027027027,,100.0,1.0,100.0,-0.9897074302585752
1.0,83.94594594594595,,100.0,1.0,100.0,-0.6654473601295184
1.1983967935871744,83.94594594594595,,100.0,1.0,100.0,-0.6627359975637478
1.3967935871743486,83.94594594594595,,100.0,1.0,100.0,-0.6600524190986973
1.595190380761523,83.94594594594595,,100.0,1.0,100.0,-0.6573967025378685
1.7935871743486973,83.94594594594595,,100.0,1.0,100.0,-0.6547689218578319
1.9919839679358717,83.94594594594595,,100.0,1.0,100.0,-0.6521691472100065
2.190380761523046,83.94594594594595,,100.0,1.0,100.0,-0.6495974449237532
2.38877755511022,83.94594594594595,,100.0,1.0,100.0,-0.6470538775105066
2.5871743486973946,83.94594594594595,,100.0,1.0,100.0,-0.6445385036690585
2.785571142284569,83.94594594594595,,100.0,1.0,100.0,-0.6420513782918538
2.9839679358717435,83.94594594594595,,100.0,1.0,100.0,-0.6395925524723787
3.182364729458918,83.94594594594595,,100.0,1.0,100.0,-0.6371620735134739
3.380761523046093,83.94594594594595,,100.0,1.0,100.0,-0.6347599849366895
3.579158316633267,83.94594594594595,,100.0,1.0,100.0,-0.6323863264924996
3.7775551102204403,83.94594594594595,,100.0,1.0,100.0,-0.6300411341714837
3.9759519038076157,83.94594594594595,,100.0,1.0,100.0,-0.6277244402163578
4.174348697394789,83.94594594594595,,100.0,1.0,100.0,-0.6254362731348281
4.372745490981964,83.94594594594595,,100.0,1.0,100.0,-0.6231766577133439
4.571142284569138,83.94594594594595,,100.0,1.0,100.0,-0.6209456150315533
4.7695390781563125,83.94594594594595,,100.0,1.0,100.0,-0.6187431624775722
4.967935871743487,83.94594594594595,,100.0,1.0,100.0,-0.6165693137640149
5.166332665330662,83.94594594594595,,100.0,1.0,100.0,-0.6144240789447073
5.364729458917837,83.94594594594595,,100.0,1.0,100.0,-0.6123074644320796
5.563126252505009,83.94594594594595,,100.0,1.0,100.0,-0.6102194730152972
5.761523046092185,83.94594594594595,,100.0,1.0,100.0,-0.6081601038789918
5.959919839679359,83.94594594594595,,100.0,1.0,100.0,-0.606129352622613
6.158316633266534,83.94594594594595,,100.0,1.0,100.0,-0.6041272112804117
6.356713426853707,83.94594594594595,,100.0,1.0,100.0,-0.602153668342021
6.555110220440882,83.94594594594595,,100.0,1.0,100.0,-0.6002087087735547
6.753507014028057,83.94594594594595,,100.0,1.0,100.0,-0.5982923140393199
6.951903807615231,83.94594594594595,,100.0,1.0,100.0,-0.5964044621240214
7.150300601202405,83.94594594594595,,100.0,1.0,100.0,-0.5945451275554482
7.348697394789579,83.94594594594595,,100.0,1.0,100.0,-0.5927142814277805
7.547094188376754,83.94594594594595,,100.0,1.0,100.0,-0.5909118914252022
7.745490981963927,83.94594594594595,,100.0,1.0,100.0,-0.5891379218461523
7.9438877755511,83.94594594594595,,100.0,1.0,100.0,-0.5873923336278988
8.142284569138276,83.94594594594595,,100.0,1.0,100.0,-0.5856750843716452
8.340681362725451,83.94594594594595,,100.0,1.0,100.0,-0.5839861283680022
8.539078156312625,83.94594594594595,,100.0,1.0,100.0,-0.5823254166228773
8.737474949899799,83.94594594594595,,100.0,1.0,100.0,-0.5806928968838106
8.935871743486974,83.94594594594595,,100.0,1.0,100.0,-0.5790885136666797
9.13426853707415,83.94594594594595,,100.0,1.0,100.0,-0.5775122082827308
9.332665330661325,83.94594594594595,,100.0,1.0,100.0,-0.575963918866104
9.531062124248498,83.94594594594595,,100.0,1.0,100.0,-0.5744435804015461
9.729458917835672,83.94594594594595,,100.0,1.0,100.0,-0.572951124752656
9.927855711422845,83.94594594594595,,100.0,1.0,100.0,-0.571486480690339
10.126252505010019,83.94594594594595,,100.0,1.0,100.0,-0.5700495739216598
10.324649298597194,83.94594594594595,,100.0,1.0,100.0,-0.5686403271190135
10.52304609218437,83.94594594594595,,100.0,1.0,100.0,-0.5672586599496128
10.721442885771543,83.94594594594595,,100.0,1.0,100.0,-0.5659044891052942
10.919839679358718,83.94594594594595,,100.0,1.0,100.0,-0.5645777283326355
11.118236472945892,83.94594594594595,,100.0,1.0,100.0,-0.5632782884633467
11.316633266533067,83.94594594594595,,100.0,1.0,100.0,-0.562006077444995
11.515030060120242,83.94594594594595,,100.0,1.0,100.0,-0.5607610003720639
11.713426853707414,83.94594594594595,,100.0,1.0,100.0,-0.559542959517181
11.91182364729459,83.94594594594595,,100.0,1.0,100.0,-0.5583518543627463
12.110220440881761,83.94594594594595,,100.0,1.0,100.0,-0.5571875816327921
12.308617234468937,83.94594594594595,,100.0,1.0,100.0,-0.556050035325121
12.507014028056114,83.94594594594595,,100.0,1.0,100.0,-0.5549391067437428
12.705410821643287,83.94594594594595,,100.0,1.0,100.0,-0.5538546845316026
12.903807615230463,83.94594594594595,,100.0,1.0,100.0,-0.55279665470347
13.102204408817634,83.94594594594595,,100.0,1.0,100.0,-0.5517649006792731
13.30060120240481,83.94594594594595,,100.0,1.0,100.0,-0.55075930331757
13.498997995991983,83.94594594594595,,100.0,1.0,100.0,-0.549779740949303
13.697394789579159,83.94594594594595,,100.0,1.0,100.0,-0.5488260894119017
13.895791583166334,83.94594594594595,,100.0,1.0,100.0,-0.5478982220835461
14.094188376753507,83.94594594594595,,100.0,1.0,100.0,-0.5469960099177353
14.292585170340683,83.94594594594595,,100.0,1.0,100.0,-0.546119321478171
14.490981963927855,83.94594594594595,,100.0,1.0,100.0,-0.5452680229738041
14.689378757515032,83.94594594594595,,100.0,1.0,100.0,-0.5444419782942427
14.887775551102203,83.94594594594595,,100.0,1.0,100.0,-0.5436410490453103
15.086172344689379,83.94594594594595,,100.0,1.0,100.0,-0.5428650945850125
15.284569138276554,83.94594594594595,,100.0,1.0,100.0,-0.5421139720596165
15.482965931863726,83.94594594594595,,100.0,1.0,100.0,-0.5413875364400824
15.681362725450903,83.94594594594595,,100.0,1.0,100.0,-0.5406856405587183
15.879759519038075,83.94594594594595,,100.0,1.0,100.0,-0.5400081351461105
16.07815631262525,83.94594594594595,,100.0,1.0,100.0,-0.5393548688683091
16.276553106212425,83.94594594594595,,100.0,1.0,100.0,-0.5387256883642868
16.474949899799597,83.94594594594595,,100.0,1.0,100.0,-0.5381204382836224
16.673346693386772,83.94594594594595,,100.0,1.0,100.0,-0.5375389613244861
16.871743486973948,83.94594594594595,,100.0,1.0,100.0,-0.5369810982718007
17.070140280561123,83.94594594594595,,100.0,1.0,100.0,-0.5364466880357899
17.2685370741483,83.94594594594595,,100.0,1.0,100.0,-0.5359355676907129
17.466933867735474,83.94594594594595,,100.0,1.0,100.0,-0.5354475725137846
17.66533066132265,83.94594594594595,,100.0,1.0,100.0,-0.534982536024499
17.86372745490982,83.94594594594595,,100.0,1.0,100.0,-0.5345402900240797
18.062124248496996,83.94594594594595,,100.0,1.0,100.0,-0.5341206646352592
18.260521042084168,83.94594594594595,,100.0,1.0,100.0,-0.5337234883422771
18.458917835671343,83.94594594594595,,100.0,1.0,100.0,-0.5333485880311
18.657314629258515,83.94594594594595,,100.0,1.0,100.0,-0.5329957890299912
18.85571142284569,83.94594594594595,,100.0,1.0,100.0,-0.5326649151501934
19.054108216432866,83.94594594594595,,100.0,1.0,100.0,-0.5323557887269406
19.252505010020037,83.94594594594595,,100.0,1.0,100.0,-0.5320682306606828
19.450901803607216,83.94594594594595,,100.0,1.0,100.0,-0.5318020604585619
19.649298597194388,83.94594594594595,,100.0,1.0,100.0,-0.5315570962761011
19.847695390781563,83.94594594594595,,100.0,1.0,100.0,-0.5313331549591611
20.04609218436874,83.94594594594595,,100.0,1.0,100.0,-0.5311300520860668
20.244488977955914,83.94594594594595,,100.0,1.0,100.0,-0.5309476020100257
20.442885771543086,83.94594594594595,,100.0,1.0,100.0,-0.5307856179017106
20.64128256513026,83.94594594594595,,100.0,1.0,100.0,-0.5306439117920838
20.839679358717436,83.94594594594595,,100.0,1.0,100.0,-0.5305222946154666
21.03807615230461,83.94594594594595,,100.0,1.0,100.0,-0.5304205762527187
21.236472945891784,83.94594594594595,,100.0,1.0,100.0,-0.5303385655747412
21.43486973947896,83.94594594594595,,100.0,1.0,100.0,-0.5302760704860636
21.633266533066134,83.94594594594595,,100.0,1.0,100.0,-0.5302328979687163
21.831663326653306,83.94594594594595,,100.0,1.0,100.0,-0.5302088541262008
22.030060120240485,83.94594594594595,,100.0,1.0,100.0,-0.5302037442277303
22.228456913827657,83.94594594594595,,100.0,1.0,100.0,-0.5302173727525528
22.42685370741483,83.94594594594595,,100.0,1.0,100.0,-0.5302495434345154
22.625250501002007,83.94594594594595,,100.0,1.0,100.0,-0.5303000593067329
22.82364729458918,83.94594594594595,,100.0,1.0,100.0,-0.5303687227464254
23.02204408817635,83.94594594594595,,100.0,1.0,100.0,-0.5304553355199166
23.220440881763523,83.94594594594595,,100.0,1.0,100.0,-0.5305596988277526
23.4188376753507,83.94594594594595,,100.0,1.0,100.0,-0.5306816133499446
23.617234468937873,83.94594594594595,,100.0,1.0,100.0,-0.5308208792913687
23.815631262525052,83.94594594594595,,100.0,1.0,100.0,-0.5309772964271786
24.014028056112227,83.94594594594595,,100.0,1.0,100.0,-0.5311506641484918
24.212424849699403,83.94594594594595,,100.0,1.0,100.0,-0.5313407815079729
24.410821643286575,83.94594594594595,,100.0,1.0,100.0,-0.5315474472656508
24.609218436873746,83.94594594594595,,100.0,1.0,100.0,-0.5317704599347683
24.807615230460925,83.94594594594595,,100.0,1.0,100.0,-0.5320096178276401
25.006012024048097,83.94594594594595,,100.0,1.0,100.0,-0.5322647191016814
25.20440881763527,83.94594594594595,,100.0,1.0,100.0,-0.5325355618053715
25.402805611222448,83.94594594594595,,100.0,1.0,100.0,-0.532821943924334
25.60120240480962,83.94594594594595,,100.0,1.0,100.0,-0.5331236634273766
25.79959919839679,83.94594594594595,,100.0,1.0,100.0,-0.5334405183126263
25.997995991983966,83.94594594594595,,100.0,1.0,100.0,-0.5337723066535952
26.196392785571145,83.94594594594595,,100.0,1.0,100.0,-0.5341188266453014
26.394789579158317,83.94594594594595,,100.0,1.0,100.0,-0.5344798766503046
26.59318637274549,83.94594594594595,,100.0,1.0,100.0,-0.53485525524482
26.791583166332664,83.94594594594595,,100.0,1.0,100.0,-0.5352447612646636
26.98997995991984,83.94594594594595,,100.0,1.0,100.0,-0.5356481938512592
27.188376753507008,83.94594594594595,,100.0,1.0,100.0,-0.5360653524975487
27.386773547094187,83.94594594594595,,100.0,1.0,100.0,-0.5364960370937504
27.585170340681366,83.94594594594595,,100.0,1.0,100.0,-0.5369400479732276
27.783567134268534,83.94594594594595,,100.0,1.0,100.0,-0.5373971859580247
27.98196392785571,83.94594594594595,,100.0,1.0,100.0,-0.5378672524044683
28.180360721442888,83.94594594594595,,100.0,1.0,100.0,-0.5383500492485863
28.378757515030063,83.94594594594595,,100.0,1.0,100.0,-0.538845379051401
28.577154308617235,83.94594594594595,,100.0,1.0,100.0,-0.5393530450440605
28.7755511022044,83.94594594594595,,100.0,1.0,100.0,-0.5398728511728506
28.97394789579158,83.94594594594595,,100.0,1.0,100.0,-0.5404046021440128
29.172344689378757,83.94594594594595,,100.0,1.0,100.0,-0.540948103468364
29.370741482965926,83.94594594594595,,100.0,1.0,100.0,-0.5415031615058031
29.5691382765531,83.94594594594595,,100.0,1.0,100.0,-0.5420695835094947
29.76753507014028,83.94594594594595,,100.0,1.0,100.0,-0.5426471776699208
29.965931863727448,83.94594594594595,,100.0,1.0,100.0,-0.5432357531586737
30.164328657314627,83.94594594594595,,100.0,1.0,100.0,-0.5438351201719831
30.36272545090181,83.94594594594595,,100.0,1.0,100.0,-0.5444450899740372
30.56112224448897,83.94594594594595,,100.0,1.0,100.0,-0.5450654749399496
30.759519038076157,83.94594594594595,,100.0,1.0,100.0,-0.5456960885985687
30.957915831663332,83.94594594594595,,100.0,1.0,100.0,-0.5463367456748314
31.1563126252505,83.94594594594595,,100.0,1.0,100.0,-0.546987262131925
31.35470941883768,83.94594594594595,,100.0,1.0,100.0,-0.5476474552130969
31.553106212424858,83.94594594594595,,100.0,1.0,100.0,-0.5483171434831084
31.751503006012022,83.94594594594595,,100.0,1.0,100.0,-0.548996146869323
31.949899799599194,83.94594594594595,,100.0,1.0,100.0,-0.5496842867024505
32.14829659318637,83.94594594594595,,100.0,1.0,100.0,-0.5503813857569295
32.346693386773545,83.94594594594595,,100.0,1.0,100.0,-0.5510872682909183
32.545090180360724,83.94594594594595,,100.0,1.0,100.0,-0.5518017600857821
32.743486973947896,83.94594594594595,,100.0,1.0,100.0,-0.5525246884852707
32.941883767535074,83.94594594594595,,100.0,1.0,100.0,-0.5532558824342593
33.140280561122246,83.94594594594595,,100.0,1.0,100.0,-0.553995172516909
33.33867735470942,83.94594594594595,,100.0,1.0,100.0,-0.554742390994553
33.5370741482966,83.94594594594595,,100.0,1.0,100.0,-0.5554973718429083
33.73547094188377,83.94594594594595,,100.0,1.0,100.0,-0.5562599507889138
33.93386773547095,83.94594594594595,,100.0,1.0,100.0,-0.5570299653470868
34.13226452905812,83.94594594594595,,100.0,1.0,100.0,-0.5578072548552001
34.3306613226453,83.94594594594595,,100.0,1.0,100.0,-0.5585916605095866
34.52905811623247,83.94594594594595,,100.0,1.0,100.0,-0.5593830253997949
34.72745490981965,83.94594594594595,,100.0,1.0,100.0,-0.5601811945426383
34.92585170340681,83.94594594594595,,100.0,1.0,100.0,-0.5609860149158613
35.12424849699399,83.94594594594595,,100.0,1.0,100.0,-0.5617973354908912
35.32264529058117,83.94594594594595,,100.0,1.0,100.0,-0.5626150072652536
35.521042084168336,83.94594594594595,,100.0,1.0,100.0,-0.5634388832942061
35.719438877755515,83.94594594594595,,100.0,1.0,100.0,-0.5642688187217814
35.91783567134269,83.94594594594595,,100.0,1.0,100.0,-0.56510467081111
36.11623246492986,83.94594594594595,,100.0,1.0,100.0,-0.5659462989741527
36.31462925851703,83.94594594594595,,100.0,1.0,100.0,-0.5667935648006462
36.51302605210421,83.94594594594595,,100.0,1.0,100.0,-0.567646332086418
36.71142284569138,83.94594594594595,,100.0,1.0,100.0,-0.5685044668609207
36.90981963927855,83.94594594594595,,100.0,1.0,100.0,-0.5693678374140612
37.10821643286573,83.94594594594595,,100.0,1.0,100.0,-0.570236314322232
37.3066132264529,83.94594594594595,,100.0,1.0,100.0,-0.5711097704736484
37.505010020040075,83.94594594594595,,100.0,1.0,100.0,-0.5719880810927942
37.703406813627254,83.94594594594595,,100.0,1.0,100.0,-0.5728711237641687
37.90180360721443,83.94594594594595,,100.0,1.0,100.0,-0.5737587784551459
38.100200400801604,83.94594594594595,,100.0,1.0,100.0,-0.5746509275380449
38.298597194388776,83.94594594594595,,100.0,1.0,100.0,-0.5755474558113313
38.496993987975955,83.94594594594595,,100.0,1.0,100.0,-0.5764482505199522
38.69539078156313,83.94594594594595,,100.0,1.0,100.0,-0.5773532013748691
38.8937875751503,83.94594594594595,,100.0,1.0,100.0,-0.5782622005715982
39.09218436873748,83.94594594594595,,100.0,1.0,100.0,-0.5791751428078996
39.29058116232465,83.94594594594595,,100.0,1.0,100.0,-0.580091925300617
39.48897795591183,83.94594594594595,,100.0,1.0,100.0,-0.5810124478014513
39.687374749499,83.94594594594595,,100.0,1.0,100.0,-0.5819366126119297
39.88577154308617,83.94594594594595,,100.0,1.0,100.0,-0.5828643245973715
40.08416833667335,83.94594594594595,,100.0,1.0,100.0,-0.5837954911998724
40.28256513026052,83.94594594594595,,100.0,1.0,100.0,-0.5847300224503311
40.4809619238477,83.94594594594595,,100.0,1.0,100.0,-0.5856678309795783
40.67935871743487,83.94594594594595,,100.0,1.0,100.0,-0.5866088320283561
40.877755511022045,83.94594594594595,,100.0,1.0,100.0,-0.5875529434563989
41.07615230460922,83.94594594594595,,100.0,1.0,100.0,-0.588500085750564
41.274549098196395,83.94594594594595,,100.0,1.0,100.0,-0.589450182031772
41.47294589178357,83.94594594594595,,100.0,1.0,100.0,-0.590403158061102
41.671342685370746,83.94594594594595,,100.0,1.0,100.0,-0.5913589422447595
41.86973947895792,83.94594594594595,,100.0,1.0,100.0,-0.5923174656380168
42.06813627254509,83.94594594594595,,100.0,1.0,100.0,-0.5932786619482109
42.26653306613227,83.94594594594595,,100.0,1.0,100.0,-0.5942424675364836
42.46492985971944,83.94594594594595,,100.0,1.0,100.0,-0.5952088214188035
42.66332665330661,83.94594594594595,,100.0,1.0,100.0,-0.5961776652655961
42.861723446893784,83.94594594594595,,100.0,1.0,100.0,-0.5971489434005776
43.06012024048097,83.94594594594595,,100.0,1.0,100.0,-0.5981226027984545
43.25851703406814,83.94594594594595,,100.0,1.0,100.0,-0.5990985930815108
43.45691382765531,83.94594594594595,,100.0,1.0,100.0,-0.6000768665153052
43.655310621242485,83.94594594594595,,100.0,1.0,100.0,-0.601057378003182
43.85370741482966,83.94594594594595,,100.0,1.0,100.0,-0.6020400850798348
44.05210420841683,83.94594594594595,,100.0,1.0,100.0,-0.6030249479037877
44.250501002004015,83.94594594594595,,100.0,1.0,100.0,-0.6040119292489133
44.448897795591186,83.94594594594595,,100.0,1.0,100.0,-0.6050009944948359
44.64729458917836,83.94594594594595,,100.0,1.0,100.0,-0.6059921116164545
44.84569138276553,83.94594594594595,,100.0,1.0,100.0,-0.6069852511723475
45.0440881763527,83.94594594594595,,100.0,1.0,100.0,-0.6079803862922661
45.24248496993987,83.94594594594595,,100.0,1.0,100.0,-0.608977492663594
45.440881763527045,83.94594594594595,,100.0,1.0,100.0,-0.609976548516891
45.63927855711423,83.94594594594595,,100.0,1.0,100.0,-0.6109775346104944
45.8376753507014,83.94594594594595,,100.0,1.0,100.0,-0.6119804342141127
46.036072144288575,83.94594594594595,,100.0,1.0,100.0,-0.6129852330915679
46.23446893787575,83.94594594594595,,100.0,1.0,100.0,-0.6139919194826059
46.43286573146293,83.94594594594595,,100.0,1.0,100.0,-0.6150004840838784
46.631262525050104,83.94594594594595,,100.0,1.0,100.0,-0.6160109200289287
46.829659318637276,83.94594594594595,,100.0,1.0,100.0,-0.6170232228674853
47.028056112224455,83.94594594594595,,100.0,1.0,100.0,-0.6180373905438381
47.22645290581163,83.94594594594595,,100.0,1.0,100.0,-0.6190534233744756
47.424849699398806,83.94594594594595,,100.0,1.0,100.0,-0.6200713240248561
47.62324649298598,83.94594594594595,,100.0,1.0,100.0,-0.6210910974854992
47.82164328657315,83.94594594594595,,100.0,1.0,100.0,-0.6221127510473702
48.02004008016032,83.94594594594595,,100.0,1.0,100.0,-0.6231362942764299
48.21843687374749,83.94594594594595,,100.0,1.0,100.0,-0.6241617389877208
48.41683366733468,83.94594594594595,,100.0,1.0,100.0,-0.6251890992185283
48.615230460921836,83.94594594594595,,100.0,1.0,100.0,-0.6262183912012174
48.81362725450902,83.94594594594595,,100.0,1.0,100.0,-0.6272496333352117
49.012024048096194,83.94594594594595,,100.0,1.0,100.0,-0.6282828461586081
49.21042084168337,83.94594594594595,,100.0,1.0,100.0,-0.6293180523191416
49.40881763527054,83.94594594594595,,100.0,1.0,100.0,-0.6303552765446472
49.60721442885771,83.94594594594595,,100.0,1.0,100.0,-0.631394545613172
49.805611222444895,83.94594594594595,,100.0,1.0,100.0,-0.632435888322426
50.00400801603207,83.94594594594595,,100.0,1.0,100.0,-0.6334793354590605
50.20240480961924,83.94594594594595,,100.0,1.0,100.0,-0.6345249197673896
50.40080160320641,83.94594594594595,,100.0,1.0,100.0,-0.6355726759178545
50.59919839679358,83.94594594594595,,100.0,1.0,100.0,-0.6366226404751005
50.79759519038077,83.94594594594595,,100.0,1.0,100.0,-0.6376748518658993
50.99599198396793,83.94594594594595,,100.0,1.0,100.0,-0.6387293503466828
51.19438877755511,83.94594594594595,,100.0,1.0,100.0,-0.6397861779708525
51.39278557114229,83.94594594594595,,100.0,1.0,100.0,-0.640845378556111
51.59118236472946,83.94594594594595,,100.0,1.0,100.0,-0.64190699765132
51.789579158316634,83.94594594594595,,100.0,1.0,100.0,-0.642971082503482
51.987975951903806,83.94594594594595,,100.0,1.0,100.0,-0.6440376820246224
52.18637274549098,83.94594594594595,,100.0,1.0,100.0,-0.645106846758346
52.38476953907816,83.94594594594595,,100.0,1.0,100.0,-0.646178628846713
52.583166332665336,83.94594594594595,,100.0,1.0,100.0,-0.6472530819969669
52.78156312625251,83.94594594594595,,100.0,1.0,100.0,-0.6483302614481284
52.97995991983967,83.94594594594595,,100.0,1.0,100.0,-0.6494102239379728
53.17835671342685,83.94594594594595,,100.0,1.0,100.0,-0.6504930276698284
53.37675350701403,83.94594594594595,,100.0,1.0,100.0,-0.6515787322796699
53.57515030060121,83.94594594594595,,100.0,1.0,100.0,-0.652667398803164
53.77354709418837,83.94594594594595,,100.0,1.0,100.0,-0.6537590896431511
53.97194388777555,83.94594594594595,,100.0,1.0,100.0,-0.6548538685370734
54.17034068136273,83.94594594594595,,100.0,1.0,100.0,-0.6559518005247565
54.368737474949896,83.94594594594595,,100.0,1.0,100.0,-0.6570529519164878
54.567134268537075,83.94594594594595,,100.0,1.0,100.0,-0.6581573902611465
54.765531062124246,83.94594594594595,,100.0,1.0,100.0,-0.6592651843149944
54.96392785571142,83.94594594594595,,100.0,1.0,100.0,-0.6603764040103484
55.1623246492986,83.94594594594595,,100.0,1.0,100.0,-0.661491120424995
55.360721442885776,83.94594594594595,,100.0,1.0,100.0,-0.6626094057517075
55.55911823647295,83.94594594594595,,100.0,1.0,100.0,-0.6637313332682517
55.75751503006013,83.94594594594595,,100.0,1.0,100.0,-0.6648569773077098
55.95591182364729,83.94594594594595,,100.0,1.0,100.0,-0.6659864132293871
56.15430861723447,83.94594594594595,,100.0,1.0,100.0,-0.6671197173899189
56.35270541082165,83.94594594594595,,100.0,1.0,100.0,-0.6682569671150436
56.551102204408814,83.94594594594595,,100.0,1.0,100.0,-0.6693982406716724
56.74949899799599,83.94594594594595,,100.0,1.0,100.0,-0.6705436172405186
56.94789579158316,83.94594594594595,,100.0,1.0,100.0,-0.6716931768892591
57.146292585170336,83.94594594594595,,100.0,1.0,100.0,-0.6728470005460633
57.3446893787575,83.94594594594595,,100.0,1.0,100.0,-0.6740051699737811
57.543086172344694,83.94594594594595,,100.0,1.0,100.0,-0.6751677677444872
57.74148296593185,83.94594594594595,,100.0,1.0,100.0,-0.6763348772147952
57.93987975951904,83.94594594594595,,100.0,1.0,100.0,-0.6775065825013679
58.13827655310623,83.94594594594595,,100.0,1.0,100.0,-0.6786829684573682
58.336673346693395,83.94594594594595,,100.0,1.0,100.0,-0.6798641206491202
58.535070140280574,83.94594594594595,,100.0,1.0,100.0,-0.6810501253335534
58.73346693386774,83.94594594594595,,100.0,1.0,100.0,-0.6822410694360419
58.9318637274549,83.94594594594595,,100.0,1.0,100.0,-0.6834370405288857
59.13026052104208,83.94594594594595,,100.0,1.0,100.0,-0.6846381268104816
59.32865731462926,83.94594594594595,,100.0,1.0,100.0,-0.685844417084742
59.52705410821644,83.94594594594595,,100.0,1.0,100.0,-0.6870560007414306
59.72545090180361,83.94594594594595,,100.0,1.0,100.0,-0.688272967736813
59.92384769539078,83.94594594594595,,100.0,1.0,100.0,-0.6894954085750313
60.12224448897794,83.94594594594595,,100.0,1.0,100.0,-0.6907234142899225
60.32064128256512,83.94594594594595,,100.0,1.0,100.0,-0.6919570764275051
60.51903807615231,83.94594594594595,,100.0,1.0,100.0,-0.6931964870289931
60.717434869739485,83.94594594594595,,100.0,1.0,100.0,-0.6944417386143599
60.915831663326664,83.94594594594595,,100.0,1.0,100.0,-0.6956929241664176
61.114228456913835,83.94594594594595,,100.0,1.0,100.0,-0.6969501371155696
61.312625250501,83.94594594594595,,100.0,1.0,100.0,-0.6982134713249555
61.51102204408818,83.94594594594595,,100.0,1.0,100.0,-0.6994830210762595
61.709418837675344,83.94594594594595,,100.0,1.0,100.0,-0.7007588810560421
61.90781563126252,83.94594594594595,,100.0,1.0,100.0,-0.7020411463425261
62.1062124248497,83.94594594594595,,100.0,1.0,100.0,-0.7033299123929629
62.30460921843688,83.94594594594595,,100.0,1.0,100.0,-0.7046252750315988
62.50300601202406,83.94594594594595,,100.0,1.0,100.0,-0.7059273304379652
62.701402805611224,83.94594594594595,,100.0,1.0,100.0,-0.7072361751358318
62.89979959919839,83.94594594594595,,100.0,1.0,100.0,-0.7085519059826995
63.09819639278557,83.94594594594595,,100.0,1.0,100.0,-0.7098746201595425
63.296593186372746,83.94594594594595,,100.0,1.0,100.0,-0.7112044151613204
63.494989979959925,83.94594594594595,,100.0,1.0,100.0,-0.71254138878787
63.69338677354709,83.94594594594595,,100.0,1.0,100.0,-0.7138856391351458
63.89178356713427,83.94594594594595,,100.0,1.0,100.0,-0.7152372645870682
64.09018036072143,83.94594594594595,,100.0,1.0,100.0,-0.7165963638079192
64.28857715430863,83.94594594594595,,100.0,1.0,100.0,-0.7179630357349026
64.48697394789579,83.94594594594595,,100.0,1.0,100.0,-0.7193373795713924
64.68537074148296,83.94594594594595,,100.0,1.0,100.0,-0.7207194947805452
64.88376753507015,83.94594594594595,,100.0,1.0,100.0,-0.7221094810793184
65.08216432865731,83.94594594594595,,100.0,1.0,100.0,-0.7235074384329665
65.28056112224449,83.94594594594595,,100.0,1.0,100.0,-0.7249134670498985
65.47895791583166,83.94594594594595,,100.0,1.0,100.0,-0.7263276673769936
65.67735470941884,83.94594594594595,,100.0,1.0,100.0,-0.7277501400952734
65.87575150300601,83.94594594594595,,100.0,1.0,100.0,-0.7291809861160612
66.0741482965932,83.94594594594595,,100.0,1.0,100.0,-0.7306203065773472
66.27254509018036,83.94594594594595,,100.0,1.0,100.0,-0.7320682028409022
66.47094188376754,83.94594594594595,,100.0,1.0,100.0,-0.7335247764892414
66.66933867735472,83.94594594594595,,100.0,1.0,100.0,-0.7349901293235049
66.8677354709419,83.94594594594595,,100.0,1.0,100.0,-0.7364643633613567
67.06613226452906,83.94594594594595,,100.0,1.0,100.0,-0.7379475808353159
67.26452905811624,83.94594594594595,,100.0,1.0,100.0,-0.7394398841916138
67.4629258517034,83.94594594594595,,100.0,1.0,100.0,-0.740941376089177
67.6613226452906,83.94594594594595,,100.0,1.0,100.0,-0.7424521593990925
67.85971943887776,83.94594594594595,,100.0,1.0,100.0,-0.7439723372044372
68.05811623246494,83.94594594594595,,100.0,1.0,100.0,-0.7455020128003065
68.2565130260521,83.94594594594595,,100.0,1.0,100.0,-0.747041289694403
68.45490981963928,83.94594594594595,,100.0,1.0,100.0,-0.7485902716077125
68.65330661322645,83.94594594594595,,100.0,1.0,100.0,-0.7501490624757735
68.85170340681363,83.94594594594595,,100.0,1.0,100.0,-0.7517177664499913
69.05010020040079,83.94594594594595,,100.0,1.0,100.0,-0.7532964878995104
69.24849699398798,83.94594594594595,,100.0,1.0,100.0,-0.7548853314133787
69.44689378757515,83.94594594594595,,100.0,1.0,100.0,-0.7564844018027753
69.64529058116234,83.94594594594595,,100.0,1.0,100.0,-0.7580938041039984
69.84368737474949,83.94594594594595,,100.0,1.0,100.0,-0.7597136435813142
70.04208416833667,83.94594594594595,,100.0,1.0,100.0,-0.7613440257304335
70.24048096192385,83.94594594594595,,100.0,1.0,100.0,-0.7629850562821983
70.43887775551103,83.94594594594595,,100.0,1.0,100.0,-0.7646368412065031
70.6372745490982,83.94594594594595,,100.0,1.0,100.0,-0.7662994867166638
70.83567134268537,83.94594594594595,,100.0,1.0,100.0,-0.7679730992738797
71.03406813627254,83.94594594594595,,100.0,1.0,100.0,-0.7696577855923271
71.23246492985973,83.94594594594595,,100.0,1.0,100.0,-0.7713536526441576
71.4308617234469,83.94594594594595,,100.0,1.0,100.0,-0.7730608076651477
71.62925851703406,83.94594594594595,,100.0,1.0,100.0,-0.774779358160387
71.82765531062124,83.94594594594595,,100.0,1.0,100.0,-0.7765094119104458
72.0260521042084,83.94594594594595,,100.0,1.0,100.0,-0.7782510769777005
72.2244488977956,83.94594594594595,,100.0,1.0,100.0,-0.780004461713052
72.42284569138276,83.94594594594595,,100.0,1.0,100.0,-0.781769674762857
72.62124248496994,83.94594594594595,,100.0,1.0,100.0,-0.7835468250762622
72.8196392785571,83.94594594594595,,100.0,1.0,100.0,-0.7853360219127227
73.01803607214428,83.94594594594595,,100.0,1.0,100.0,-0.787137374849793
73.21643286573146,83.94594594594595,,100.0,1.0,100.0,-0.7889509937913222
73.41482965931863,83.94594594594595,,100.0,1.0,100.0,-0.790776988975911
73.6132264529058,83.94594594594595,,100.0,1.0,100.0,-0.7926154709854951
73.81162324649299,83.94594594594595,,100.0,1.0,100.0,-0.7944665507544661
74.01002004008016,83.94594594594595,,100.0,1.0,100.0,-0.7963303395788982
74.20841683366733,83.94594594594595,,100.0,1.0,100.0,-0.7982069491260902
74.40681362725451,83.94594594594595,,100.0,1.0,100.0,-0.8000964914444785
74.60521042084169,83.94594594594595,,100.0,1.0,100.0,-0.8019990789736382
74.80360721442887,83.94594594594595,,100.0,1.0,100.0,-0.8039148245548753
75.00200400801603,83.94594594594595,,100.0,1.0,100.0,-0.8058438414417699
75.20040080160321,83.94594594594595,,100.0,1.0,100.0,-0.8077862433112243
75.39879759519039,83.94594594594595,,100.0,1.0,100.0,-0.8097421442746651
75.59719438877755,83.94594594594595,,100.0,1.0,100.0,-0.8117116588896047
75.79559118236472,83.94594594594595,,100.0,1.0,100.0,-0.813694902171476
75.99398797595191,83.94594594594595,,100.0,1.0,100.0,-0.8156919896056003
76.19238476953907,83.94594594594595,,100.0,1.0,100.0,-0.8177030371596716
76.39078156312625,83.94594594594595,,100.0,1.0,100.0,-0.8197281612963581
76.58917835671345,83.94594594594595,,100.0,1.0,100.0,-0.8217674789861259
76.7875751503006,83.94594594594595,,100.0,1.0,100.0,-0.8238211077204972
76.98597194388778,83.94594594594595,,100.0,1.0,100.0,-0.8258891655254239
77.18436873747495,83.94594594594595,,100.0,1.0,100.0,-0.8279717709751875
77.38276553106212,83.94594594594595,,100.0,1.0,100.0,-0.83006904320611
77.5811623246493,83.94594594594595,,100.0,1.0,100.0,-0.8321811019309634
77.77955911823646,83.94594594594595,,100.0,1.0,100.0,-0.8343080674535676
77.97795591182366,83.94594594594595,,100.0,1.0,100.0,-0.8364500606833816
78.1763527054108,83.94594594594595,,100.0,1.0,100.0,-0.8386072031506895
78.374749498998,83.94594594594595,,100.0,1.0,100.0,-0.8407796170219151
78.5731462925852,83.94594594594595,,100.0,1.0,100.0,-0.8429674251151417
78.77154308617234,83.94594594594595,,100.0,1.0,100.0,-0.8451707509159665
78.96993987975952,83.94594594594595,,100.0,1.0,100.0,-0.8473897185936256
79.1683366733467,83.94594594594595,,100.0,1.0,100.0,-0.849624453017345
79.36673346693387,83.94594594594595,,100.0,1.0,100.0,-0.8518750797729057
79.56513026052104,83.94594594594595,,100.0,1.0,100.0,-0.8541417251796886
79.76352705410822,83.94594594594595,,100.0,1.0,100.0,-0.8564245163075452
79.9619238476954,83.94594594594595,,100.0,1.0,100.0,-0.8587235809944065
80.16032064128257,83.94594594594595,,100.0,1.0,100.0,-0.8610390478638487
80.35871743486975,83.94594594594595,,100.0,1.0,100.0,-0.8633710463429297
80.55711422845691,83.94594594594595,,100.0,1.0,100.0,-0.865719706680449
80.75551102204409,83.94594594594595,,100.0,1.0,100.0,-0.8680851599653172
80.95390781563127,83.94594594594595,,100.0,1.0,100.0,-0.8704675381451155
81.15230460921843,83.94594594594595,,100.0,1.0,100.0,-0.8728669740451146
81.35070140280563,83.94594594594595,,100.0,1.0,100.0,-0.8752836013874118
81.54909819639279,83.94594594594595,,100.0,1.0,100.0,-0.8777175548102676
81.74749498997996,83.94594594594595,,100.0,1.0,100.0,-0.8801689698878081
81.94589178356713,83.94594594594595,,100.0,1.0,100.0,-0.8826379831499317
82.14428857715431,83.94594594594595,,100.0,1.0,100.0,-0.8851247321023972
82.34268537074149,83.94594594594595,,100.0,1.0,100.0,-0.8876293552473254
82.54108216432866,83.94594594594595,,100.0,1.0,100.0,-0.8901519921036958
82.73947895791585,83.94594594594595,,100.0,1.0,100.0,-0.892692783228315
82.937875751503,83.94594594594595,,100.0,1.0,100.0,-0.8952518702370365
83.13627254509018,83.94594594594595,,100.0,1.0,100.0,-0.8978293958258797
83.33466933867736,83.94594594594595,,100.0,1.0,100.0,-0.9004255037929638
83.53306613226454,83.94594594594595,,100.0,1.0,100.0,-0.9030403390601252
83.7314629258517,83.94594594594595,,100.0,1.0,100.0,-0.905674047695172
83.92985971943888,83.94594594594595,,100.0,1.0,100.0,-0.9083267769342032
84.12825651302606,83.94594594594595,,100.0,1.0,100.0,-0.9109986752041788
84.32665330661322,83.94594594594595,,100.0,1.0,100.0,-0.9136898921458072
84.5250501002004,83.94594594594595,,100.0,1.0,100.0,-0.9164005786366466
84.72344689378757,83.94594594594595,,100.0,1.0,100.0,-0.9191308868144004
84.92184368737476,83.94594594594595,,100.0,1.0,100.0,-0.9218809701005232
85.12024048096194,83.94594594594595,,100.0,1.0,100.0,-0.9246509832240666
85.3186372745491,83.94594594594595,,100.0,1.0,100.0,-0.9274410822457692
85.51703406813628,83.94594594594595,,100.0,1.0,100.0,-0.930251424582269
85.71543086172345,83.94594594594595,,100.0,1.0,100.0,-0.9330821690309192
85.91382765531063,83.94594594594595,,100.0,1.0,100.0,-0.9359334757943402
86.1122244488978,83.94594594594595,,100.0,1.0,100.0,-0.9388055065056236
86.31062124248497,83.94594594594595,,100.0,1.0,100.0,-0.9416984242537066
86.50901803607215,83.94594594594595,,100.0,1.0,100.0,-0.9446123936088652
86.70741482965931,83.94594594594595,,100.0,1.0,100.0,-0.9475475806485262
86.90581162324649,83.94594594594595,,100.0,1.0,100.0,-0.9505041529834152
87.10420841683366,83.94594594594595,,100.0,1.0,100.0,-0.9534822797838824
87.30260521042084,83.94594594594595,,100.0,1.0,100.0,-0.9564821318064072
87.50100200400803,83.94594594594595,,100.0,1.0,100.0,-0.959503881420631
87.6993987975952,83.94594594594595,,100.0,1.0,100.0,-0.9625477026362056
87.89779559118237,83.94594594594595,,100.0,1.0,100.0,-0.9656137711304256
88.09619238476955,83.94594594594595,,100.0,1.0,100.0,-0.9687022642756868
88.29458917835672,83.94594594594595,,100.0,1.0,100.0,-0.971813361167448
88.4929859719439,83.94594594594595,,100.0,1.0,100.0,-0.9749472426523028
88.69138276553106,83.94594594594595,,100.0,1.0,100.0,-0.9781040913566266
88.88977955911824,83.94594594594595,,100.0,1.0,100.0,-0.9812840917149755
89.0881763527054,83.94594594594595,,100.0,1.0,100.0,-0.9844874299992568
89.28657314629258,83.94594594594595,,100.0,1.0,100.0,-0.9877142943478922
1.0,86.62162162162163,,100.0,1.0,100.0,-0.6937024876163603
1.1983967935871744,86.62162162162163,,100.0,1.0,100.0,-0.6910206046285036
1.3967935871743486,86.62162162162163,,100.0,1.0,100.0,-0.6883665830855398
1.595190380761523,86.62162162162163,,100.0,1.0,100.0,-0.6857405039597023
1.7935871743486973,86.62162162162163,,100.0,1.0,100.0,-0.6831424441994358
1.9919839679358717,86.62162162162163,,100.0,1.0,100.0,-0.6805724767362312
2.190380761523046,86.62162162162163,,100.0,1.0,100.0,-0.6780306704925607
2.38877755511022,86.62162162162163,,100.0,1.0,100.0,-0.6755170903908905
2.5871743486973946,86.62162162162163,,100.0,1.0,100.0,-0.6730317973638162
2.785571142284569,86.62162162162163,,100.0,1.0,100.0,-0.6705748483651235
2.9839679358717435,86.62162162162163,,100.0,1.0,100.0,-0.6681462963818889
3.182364729458918,86.62162162162163,,100.0,1.0,100.0,-0.6657461904475658
3.380761523046093,86.62162162162163,,100.0,1.0,100.0,-0.6633745756558996
3.579158316633267,86.62162162162163,,100.0,1.0,100.0,-0.6610314931758767
3.7775551102204403,86.62162162162163,,100.0,1.0,100.0,-0.6587169802673508
3.9759519038076157,86.62162162162163,,100.0,1.0,100.0,-0.6564310702976894
4.174348697394789,86.62162162162163,,100.0,1.0,100.0,-0.6541737927590702
4.372745490981964,86.62162162162163,,100.0,1.0,100.0,-0.6519451732866385
4.571142284569138,86.62162162162163,,100.0,1.0,100.0,-0.6497452336774219
4.7695390781563125,86.62162162162163,,100.0,1.0,100.0,-0.6475739919098297
4.967935871743487,86.62162162162163,,100.0,1.0,100.0,-0.6454314621640533
5.166332665330662,86.62162162162163,,100.0,1.0,100.0,-0.6433176548429949
5.364729458917837,86.62162162162163,,100.0,1.0,100.0,-0.6412325765938196
5.563126252505009,86.62162162162163,,100.0,1.0,100.0,-0.6391762303302493
5.761523046092185,86.62162162162163,,100.0,1.0,100.0,-0.6371486152553952
5.959919839679359,86.62162162162163,,100.0,1.0,100.0,-0.6351497268850872
6.158316633266534,86.62162162162163,,100.0,1.0,100.0,-0.6331795570718948
6.356713426853707,86.62162162162163,,100.0,1.0,100.0,-0.6312380940296276
6.555110220440882,86.62162162162163,,100.0,1.0,100.0,-0.6293253223582659
6.753507014028057,86.62162162162163,,100.0,1.0,100.0,-0.6274412230695643
6.951903807615231,86.62162162162163,,100.0,1.0,100.0,-0.6255857736129258
7.150300601202405,86.62162162162163,,100.0,1.0,100.0,-0.6237589479019575
7.348697394789579,86.62162162162163,,100.0,1.0,100.0,-0.6219607163412467
7.547094188376754,86.62162162162163,,100.0,1.0,100.0,-0.6201910458537564
7.745490981963927,86.62162162162163,,100.0,1.0,100.0,-0.6184498999084769
7.9438877755511,86.62162162162163,,100.0,1.0,100.0,-0.6167372385486016
8.142284569138276,86.62162162162163,,100.0,1.0,100.0,-0.6150530184199832
8.340681362725451,86.62162162162163,,100.0,1.0,100.0,-0.6133971928000609
8.539078156312625,86.62162162162163,,100.0,1.0,100.0,-0.611769711627
8.737474949899799,86.62162162162163,,100.0,1.0,100.0,-0.6101705215293548
8.935871743486974,86.62162162162163,,100.0,1.0,100.0,-0.6085995658559384
9.13426853707415,86.62162162162163,,100.0,1.0,100.0,-0.6070567847060221
9.332665330661325,86.62162162162163,,100.0,1.0,100.0,-0.6055421149599026
9.531062124248498,86.62162162162163,,100.0,1.0,100.0,-0.6040554903097531
9.729458917835672,86.62162162162163,,100.0,1.0,100.0,-0.602596841290747
9.927855711422845,86.62162162162163,,100.0,1.0,100.0,-0.6011660953124454
10.126252505010019,86.62162162162163,,100.0,1.0,100.0,-0.5997631766905376
10.324649298597194,86.62162162162163,,100.0,1.0,100.0,-0.5983880066788014
10.52304609218437,86.62162162162163,,100.0,1.0,100.0,-0.5970405035013004
10.721442885771543,86.62162162162163,,100.0,1.0,100.0,-0.5957205823849103
10.919839679358718,86.62162162162163,,100.0,1.0,100.0,-0.594428155592022
11.118236472945892,86.62162162162163,,100.0,1.0,100.0,-0.5931631324535038
11.316633266533067,86.62162162162163,,100.0,1.0,100.0,-0.5919254194020142
11.515030060120242,86.62162162162163,,100.0,1.0,100.0,-0.5907149200052978
11.713426853707414,86.62162162162163,,100.0,1.0,100.0,-0.5895315350000425
11.91182364729459,86.62162162162163,,100.0,1.0,100.0,-0.5883751623256807
12.110220440881761,86.62162162162163,,100.0,1.0,100.0,-0.5872456971585617
12.308617234468937,86.62162162162163,,100.0,1.0,100.0,-0.5861430319463254
12.507014028056114,86.62162162162163,,100.0,1.0,100.0,-0.5850670564424365
12.705410821643287,86.62162162162163,,100.0,1.0,100.0,-0.5840176577410348
12.903807615230463,86.62162162162163,,100.0,1.0,100.0,-0.5829947203119143
13.102204408817634,86.62162162162163,,100.0,1.0,100.0,-0.5819981260357368
13.30060120240481,86.62162162162163,,100.0,1.0,100.0,-0.5810277542394884
13.498997995991983,86.62162162162163,,100.0,1.0,100.0,-0.5800834817321174
13.697394789579159,86.62162162162163,,100.0,1.0,100.0,-0.5791651828403728
13.895791583166334,86.62162162162163,,100.0,1.0,100.0,-0.578272729444887
14.094188376753507,86.62162162162163,,100.0,1.0,100.0,-0.5774059910164235
14.292585170340683,86.62162162162163,,100.0,1.0,100.0,-0.5765648346523844
14.490981963927855,86.62162162162163,,100.0,1.0,100.0,-0.5757491251134681
14.689378757515032,86.62162162162163,,100.0,1.0,100.0,-0.5749587248605721
14.887775551102203,86.62162162162163,,100.0,1.0,100.0,-0.5741934940919042
15.086172344689379,86.62162162162163,,100.0,1.0,100.0,-0.5734532907802866
15.284569138276554,86.62162162162163,,100.0,1.0,100.0,-0.5727379707106645
15.482965931863726,86.62162162162163,,100.0,1.0,100.0,-0.5720473875178176
15.681362725450903,86.62162162162163,,100.0,1.0,100.0,-0.5713813927243329
15.879759519038075,86.62162162162163,,100.0,1.0,100.0,-0.5707398357787298
16.07815631262525,86.62162162162163,,100.0,1.0,100.0,-0.5701225640937971
16.276553106212425,86.62162162162163,,100.0,1.0,100.0,-0.5695294230851509
16.474949899799597,86.62162162162163,,100.0,1.0,100.0,-0.5689602562100393
16.673346693386772,86.62162162162163,,100.0,1.0,100.0,-0.5684149050063074
16.871743486973948,86.62162162162163,,100.0,1.0,100.0,-0.5678932091315744
17.070140280561123,86.62162162162163,,100.0,1.0,100.0,-0.5673950064026447
17.2685370741483,86.62162162162163,,100.0,1.0,100.0,-0.5669201328351412
17.466933867735474,86.62162162162163,,100.0,1.0,100.0,-0.5664684226832799
17.66533066132265,86.62162162162163,,100.0,1.0,100.0,-0.566039708479977
17.86372745490982,86.62162162162163,,100.0,1.0,100.0,-0.5656338210770211
18.062124248496996,86.62162162162163,,100.0,1.0,100.0,-0.5652505896855267
18.260521042084168,86.62162162162163,,100.0,1.0,100.0,-0.5648898419166862
18.458917835671343,86.62162162162163,,100.0,1.0,100.0,-0.5645514038225239
18.657314629258515,86.62162162162163,,100.0,1.0,100.0,-0.5642350999370442
18.85571142284569,86.62162162162163,,100.0,1.0,100.0,-0.5639407533174925
19.054108216432866,86.62162162162163,,100.0,1.0,100.0,-0.563668185585827
19.252505010020037,86.62162162162163,,100.0,1.0,100.0,-0.5634172169704348
19.450901803607216,86.62162162162163,,100.0,1.0,100.0,-0.5631876663479928
19.649298597194388,86.62162162162163,,100.0,1.0,100.0,-0.5629793512855714
19.847695390781563,86.62162162162163,,100.0,1.0,100.0,-0.5627920880829238
20.04609218436874,86.62162162162163,,100.0,1.0,100.0,-0.5626256918149376
20.244488977955914,86.62162162162163,,100.0,1.0,100.0,-0.5624799763743262
20.442885771543086,86.62162162162163,,100.0,1.0,100.0,-0.5623547545144841
20.64128256513026,86.62162162162163,,100.0,1.0,100.0,-0.5622498378925265
20.839679358717436,86.62162162162163,,100.0,1.0,100.0,-0.5621650371124751
21.03807615230461,86.62162162162163,,100.0,1.0,100.0,-0.5621001617687141
21.236472945891784,86.62162162162163,,100.0,1.0,100.0,-0.5620550204895309
21.43486973947896,86.62162162162163,,100.0,1.0,100.0,-0.5620294209808387
21.633266533066134,86.62162162162163,,100.0,1.0,100.0,-0.5620231700701084
21.831663326653306,86.62162162162163,,100.0,1.0,100.0,-0.5620360737504174
22.030060120240485,86.62162162162163,,100.0,1.0,100.0,-0.562067937224664
22.228456913827657,86.62162162162163,,100.0,1.0,100.0,-0.5621185649499327
22.42685370741483,86.62162162162163,,100.0,1.0,100.0,-0.5621877606819845
22.625250501002007,86.62162162162163,,100.0,1.0,100.0,-0.5622753275199501
22.82364729458918,86.62162162162163,,100.0,1.0,100.0,-0.5623810679510036
23.02204408817635,86.62162162162163,,100.0,1.0,100.0,-0.5625047838953536
23.220440881763523,86.62162162162163,,100.0,1.0,100.0,-0.5626462767511893
23.4188376753507,86.62162162162163,,100.0,1.0,100.0,-0.5628053474398662
23.617234468937873,86.62162162162163,,100.0,1.0,100.0,-0.5629817964509944
23.815631262525052,86.62162162162163,,100.0,1.0,100.0,-0.5631754238879392
24.014028056112227,86.62162162162163,,100.0,1.0,100.0,-0.5633860295130542
24.212424849699403,86.62162162162163,,100.0,1.0,100.0,-0.5636134127932597
24.410821643286575,86.62162162162163,,100.0,1.0,100.0,-0.5638573729455524
24.609218436873746,86.62162162162163,,100.0,1.0,100.0,-0.5641177089826177
24.807615230460925,86.62162162162163,,100.0,1.0,100.0,-0.5643942197585172
25.006012024048097,86.62162162162163,,100.0,1.0,100.0,-0.5646867040143564
25.20440881763527,86.62162162162163,,100.0,1.0,100.0,-0.5649949604240401
25.402805611222448,86.62162162162163,,100.0,1.0,100.0,-0.5653187876400354
25.60120240480962,86.62162162162163,,100.0,1.0,100.0,-0.5656579843391649
25.79959919839679,86.62162162162163,,100.0,1.0,100.0,-0.5660123492683844
25.997995991983966,86.62162162162163,,100.0,1.0,100.0,-0.5663816812905197
26.196392785571145,86.62162162162163,,100.0,1.0,100.0,-0.5667657794301095
26.394789579158317,86.62162162162163,,100.0,1.0,100.0,-0.5671644429190549
26.59318637274549,86.62162162162163,,100.0,1.0,100.0,-0.5675774712424033
26.791583166332664,86.62162162162163,,100.0,1.0,100.0,-0.568004664183946
26.98997995991984,86.62162162162163,,100.0,1.0,100.0,-0.568445821871844
27.188376753507008,86.62162162162163,,100.0,1.0,100.0,-0.5689007448241292
27.386773547094187,86.62162162162163,,100.0,1.0,100.0,-0.5693692339941827
27.585170340681366,86.62162162162163,,100.0,1.0,100.0,-0.5698510908160865
27.783567134268534,86.62162162162163,,100.0,1.0,100.0,-0.5703461172498447
27.98196392785571,86.62162162162163,,100.0,1.0,100.0,-0.5708541158265668
28.180360721442888,86.62162162162163,,100.0,1.0,100.0,-0.5713748896934346
28.378757515030063,86.62162162162163,,100.0,1.0,100.0,-0.5719082426586355
28.577154308617235,86.62162162162163,,100.0,1.0,100.0,-0.5724539792360235
28.7755511022044,86.62162162162163,,100.0,1.0,100.0,-0.5730119046897177
28.97394789579158,86.62162162162163,,100.0,1.0,100.0,-0.5735818250784717
29.172344689378757,86.62162162162163,,100.0,1.0,100.0,-0.574163547299868
29.370741482965926,86.62162162162163,,100.0,1.0,100.0,-0.574756879134375
29.5691382765531,86.62162162162163,,100.0,1.0,100.0,-0.5753616292890399
29.76753507014028,86.62162162162163,,100.0,1.0,100.0,-0.5759776074411392
29.965931863727448,86.62162162162163,,100.0,1.0,100.0,-0.576604624281421
30.164328657314627,86.62162162162163,,100.0,1.0,100.0,-0.5772424915572565
30.36272545090181,86.62162162162163,,100.0,1.0,100.0,-0.5778910221154221
30.56112224448897,86.62162162162163,,100.0,1.0,100.0,-0.5785500299445775
30.759519038076157,86.62162162162163,,100.0,1.0,100.0,-0.5792193302176252
30.957915831663332,86.62162162162163,,100.0,1.0,100.0,-0.5798987393335329
31.1563126252505,86.62162162162163,,100.0,1.0,100.0,-0.580588074959022
31.35470941883768,86.62162162162163,,100.0,1.0,100.0,-0.5812871560698543
31.553106212424858,86.62162162162163,,100.0,1.0,100.0,-0.5819958029917589
31.751503006012022,86.62162162162163,,100.0,1.0,100.0,-0.5827138374410414
31.949899799599194,86.62162162162163,,100.0,1.0,100.0,-0.5834410825647982
32.14829659318637,86.62162162162163,,100.0,1.0,100.0,-0.5841773629807127
32.346693386773545,86.62162162162163,,100.0,1.0,100.0,-0.5849225048166049
32.545090180360724,86.62162162162163,,100.0,1.0,100.0,-0.5856763357492576
32.743486973947896,86.62162162162163,,100.0,1.0,100.0,-0.5864386850432025
32.941883767535074,86.62162162162163,,100.0,1.0,100.0,-0.5872093835887521
33.140280561122246,86.62162162162163,,100.0,1.0,100.0,-0.5879882639397299
33.33867735470942,86.62162162162163,,100.0,1.0,100.0,-0.5887751603506668
33.5370741482966,86.62162162162163,,100.0,1.0,100.0,-0.5895699088135636
33.73547094188377,86.62162162162163,,100.0,1.0,100.0,-0.5903723470941273
33.93386773547095,86.62162162162163,,100.0,1.0,100.0,-0.591182314767454
34.13226452905812,86.62162162162163,,100.0,1.0,100.0,-0.5919996532532302
34.3306613226453,86.62162162162163,,100.0,1.0,100.0,-0.5928242058504065
34.52905811623247,86.62162162162163,,100.0,1.0,100.0,-0.593655817771228
34.72745490981965,86.62162162162163,,100.0,1.0,100.0,-0.5944943361747798
34.92585170340681,86.62162162162163,,100.0,1.0,100.0,-0.5953396101998752
35.12424849699399,86.62162162162163,,100.0,1.0,100.0,-0.5961914909973884
35.32264529058117,86.62162162162163,,100.0,1.0,100.0,-0.5970498317619511
35.521042084168336,86.62162162162163,,100.0,1.0,100.0,-0.5979144877629365
35.719438877755515,86.62162162162163,,100.0,1.0,100.0,-0.5987853163749616
35.91783567134269,86.62162162162163,,100.0,1.0,100.0,-0.5996621771075576
36.11623246492986,86.62162162162163,,100.0,1.0,100.0,-0.6005449316342616
36.31462925851703,86.62162162162163,,100.0,1.0,100.0,-0.6014334438209165
36.51302605210421,86.62162162162163,,100.0,1.0,100.0,-0.6023275797534108
36.71142284569138,86.62162162162163,,100.0,1.0,100.0,-0.6032272077644912
36.90981963927855,86.62162162162163,,100.0,1.0,100.0,-0.604132198460049
37.10821643286573,86.62162162162163,,100.0,1.0,100.0,-0.6050424247444285
37.3066132264529,86.62162162162163,,100.0,1.0,100.0,-0.6059577618451868
37.505010020040075,86.62162162162163,,100.0,1.0,100.0,-0.6068780873368893
37.703406813627254,86.62162162162163,,100.0,1.0,100.0,-0.607803281164204
37.90180360721443,86.62162162162163,,100.0,1.0,100.0,-0.6087332256641397
38.100200400801604,86.62162162162163,,100.0,1.0,100.0,-0.609667805587473
38.298597194388776,86.62162162162163,,100.0,1.0,100.0,-0.610606908119317
38.496993987975955,86.62162162162163,,100.0,1.0,100.0,-0.6115504228989049
38.69539078156313,86.62162162162163,,100.0,1.0,100.0,-0.6124982420383647
38.8937875751503,86.62162162162163,,100.0,1.0,100.0,-0.613450260140727
39.09218436873748,86.62162162162163,,100.0,1.0,100.0,-0.6144063743170552
39.29058116232465,86.62162162162163,,100.0,1.0,100.0,-0.615366484202553
39.48897795591183,86.62162162162163,,100.0,1.0,100.0,-0.6163304919718512
39.687374749499,86.62162162162163,,100.0,1.0,100.0,-0.6172983023533369
39.88577154308617,86.62162162162163,,100.0,1.0,100.0,-0.6182698226425548
40.08416833667335,86.62162162162163,,100.0,1.0,100.0,-0.6192449627145916
40.28256513026052,86.62162162162163,,100.0,1.0,100.0,-0.6202236350356366
40.4809619238477,86.62162162162163,,100.0,1.0,100.0,-0.6212057546734513
40.67935871743487,86.62162162162163,,100.0,1.0,100.0,-0.6221912393068748
40.877755511022045,86.62162162162163,,100.0,1.0,100.0,-0.6231800092344026
41.07615230460922,86.62162162162163,,100.0,1.0,100.0,-0.624171987381757
41.274549098196395,86.62162162162163,,100.0,1.0,100.0,-0.6251670993083935
41.47294589178357,86.62162162162163,,100.0,1.0,100.0,-0.6261652732130758
41.671342685370746,86.62162162162163,,100.0,1.0,100.0,-0.6271664399384186
41.86973947895792,86.62162162162163,,100.0,1.0,100.0,-0.6281705329743604
42.06813627254509,86.62162162162163,,100.0,1.0,100.0,-0.629177488460762
42.26653306613227,86.62162162162163,,100.0,1.0,100.0,-0.6301872451887781
42.46492985971944,86.62162162162163,,100.0,1.0,100.0,-0.6311997446013888
42.66332665330661,86.62162162162163,,100.0,1.0,100.0,-0.6322149307927957
42.861723446893784,86.62162162162163,,100.0,1.0,100.0,-0.633232750506846
43.06012024048097,86.62162162162163,,100.0,1.0,100.0,-0.6342531531344091
43.25851703406814,86.62162162162163,,100.0,1.0,100.0,-0.6352760907097218
43.45691382765531,86.62162162162163,,100.0,1.0,100.0,-0.6363015179057602
43.655310621242485,86.62162162162163,,100.0,1.0,100.0,-0.6373293920285426
43.85370741482966,86.62162162162163,,100.0,1.0,100.0,-0.6383596730104543
44.05210420841683,86.62162162162163,,100.0,1.0,100.0,-0.639392323402566
44.250501002004015,86.62162162162163,,100.0,1.0,100.0,-0.6404273083658915
44.448897795591186,86.62162162162163,,100.0,1.0,100.0,-0.641464595661768
44.64729458917836,86.62162162162163,,100.0,1.0,100.0,-0.6425041556411839
44.84569138276553,86.62162162162163,,100.0,1.0,100.0,-0.6435459612330862
45.0440881763527,86.62162162162163,,100.0,1.0,100.0,-0.6445899879318557
45.24248496993987,86.62162162162163,,100.0,1.0,100.0,-0.6456362137837319
45.440881763527045,86.62162162162163,,100.0,1.0,100.0,-0.646684619372321
45.63927855711423,86.62162162162163,,100.0,1.0,100.0,-0.647735187803176
45.8376753507014,86.62162162162163,,100.0,1.0,100.0,-0.6487879046875451
46.036072144288575,86.62162162162163,,100.0,1.0,100.0,-0.6498427581251036
46.23446893787575,86.62162162162163,,100.0,1.0,100.0,-0.6508997386859047
46.43286573146293,86.62162162162163,,100.0,1.0,100.0,-0.6519588393914195
46.631262525050104,86.62162162162163,,100.0,1.0,100.0,-0.6530200556948247
46.829659318637276,86.62162162162163,,100.0,1.0,100.0,-0.6540833854603556
47.028056112224455,86.62162162162163,,100.0,1.0,100.0,-0.65514882894194
47.22645290581163,86.62162162162163,,100.0,1.0,100.0,-0.6562163887610313
47.424849699398806,86.62162162162163,,100.0,1.0,100.0,-0.6572860698837345
47.62324649298598,86.62162162162163,,100.0,1.0,100.0,-0.6583578795971139
47.82164328657315,86.62162162162163,,100.0,1.0,100.0,-0.6594318274849059
48.02004008016032,86.62162162162163,,100.0,1.0,100.0,-0.660507925402436
48.21843687374749,86.62162162162163,,100.0,1.0,100.0,-0.6615861874509904
48.41683366733468,86.62162162162163,,100.0,1.0,100.0,-0.6626666299515298
48.615230460921836,86.62162162162163,,100.0,1.0,100.0,-0.6637492714177182
48.81362725450902,86.62162162162163,,100.0,1.0,100.0,-0.6648341325285055
49.012024048096194,86.62162162162163,,100.0,1.0,100.0,-0.6659212361001302
49.21042084168337,86.62162162162163,,100.0,1.0,100.0,-0.667010607057557
49.40881763527054,86.62162162162163,,100.0,1.0,100.0,-0.668102272405426
49.60721442885771,86.62162162162163,,100.0,1.0,100.0,-0.66919626119871
49.805611222444895,86.62162162162163,,100.0,1.0,100.0,-0.670292604512668
50.00400801603207,86.62162162162163,,100.0,1.0,100.0,-0.6713913354126553
50.20240480961924,86.62162162162163,,100.0,1.0,100.0,-0.6724924889234525
50.40080160320641,86.62162162162163,,100.0,1.0,100.0,-0.6735961019982319
50.59919839679358,86.62162162162163,,100.0,1.0,100.0,-0.6747022134873342
50.79759519038077,86.62162162162163,,100.0,1.0,100.0,-0.6758108641066896
50.99599198396793,86.62162162162163,,100.0,1.0,100.0,-0.676922096405964
51.19438877755511,86.62162162162163,,100.0,1.0,100.0,-0.678035954736607
51.39278557114229,86.62162162162163,,100.0,1.0,100.0,-0.6791524852196972
51.59118236472946,86.62162162162163,,100.0,1.0,100.0,-0.6802717357134351
51.789579158316634,86.62162162162163,,100.0,1.0,100.0,-0.6813937557809188
51.987975951903806,86.62162162162163,,100.0,1.0,100.0,-0.6825185966574665
52.18637274549098,86.62162162162163,,100.0,1.0,100.0,-0.6836463112179786
52.38476953907816,86.62162162162163,,100.0,1.0,100.0,-0.6847769539444845
52.583166332665336,86.62162162162163,,100.0,1.0,100.0,-0.685910580893372
52.78156312625251,86.62162162162163,,100.0,1.0,100.0,-0.6870472496628245
52.97995991983967,86.62162162162163,,100.0,1.0,100.0,-0.6881870193603526
53.17835671342685,86.62162162162163,,100.0,1.0,100.0,-0.6893299505703134
53.37675350701403,86.62162162162163,,100.0,1.0,100.0,-0.6904761053216101
53.57515030060121,86.62162162162163,,100.0,1.0,100.0,-0.6916255470554193
53.77354709418837,86.62162162162163,,100.0,1.0,100.0,-0.6927783405933851
53.97194388777555,86.62162162162163,,100.0,1.0,100.0,-0.693934552105518
54.17034068136273,86.62162162162163,,100.0,1.0,100.0,-0.695094249078818
54.368737474949896,86.62162162162163,,100.0,1.0,100.0,-0.696257500285887
54.567134268537075,86.62162162162163,,100.0,1.0,100.0,-0.6974243757536595
54.765531062124246,86.62162162162163,,100.0,1.0,100.0,-0.6985949467328876
54.96392785571142,86.62162162162163,,100.0,1.0,100.0,-0.699769285667361
55.1623246492986,86.62162162162163,,100.0,1.0,100.0,-0.7009474661639267
55.360721442885776,86.62162162162163,,100.0,1.0,100.0,-0.7021295629625935
55.55911823647295,86.62162162162163,,100.0,1.0,100.0,-0.7033156519071209
55.75751503006013,86.62162162162163,,100.0,1.0,100.0,-0.7045058099159297
55.95591182364729,86.62162162162163,,100.0,1.0,100.0,-0.7057001149534651
56.15430861723447,86.62162162162163,,100.0,1.0,100.0,-0.7068986460019498
56.35270541082165,86.62162162162163,,100.0,1.0,100.0,-0.7081014830335691
56.551102204408814,86.62162162162163,,100.0,1.0,100.0,-0.7093087069831504
56.74949899799599,86.62162162162163,,100.0,1.0,100.0,-0.7105203997212445
56.94789579158316,86.62162162162163,,100.0,1.0,100.0,-0.7117366440276448
57.146292585170336,86.62162162162163,,100.0,1.0,100.0,-0.7129575235656294
57.3446893787575,86.62162162162163,,100.0,1.0,100.0,-0.7141831228563297
57.543086172344694,86.62162162162163,,100.0,1.0,100.0,-0.7154135272538846
57.74148296593185,86.62162162162163,,100.0,1.0,100.0,-0.7166488229210249
57.93987975951904,86.62162162162163,,100.0,1.0,100.0,-0.7178890968051549
58.13827655310623,86.62162162162163,,100.0,1.0,100.0,-0.7191344366150004
58.336673346693395,86.62162162162163,,100.0,1.0,100.0,-0.720384930797732
58.535070140280574,86.62162162162163,,100.0,1.0,100.0,-0.7216406685167402
58.73346693386774,86.62162162162163,,100.0,1.0,100.0,-0.7229017396297891
58.9318637274549,86.62162162162163,,100.0,1.0,100.0,-0.7241682346678375
59.13026052104208,86.62162162162163,,100.0,1.0,100.0,-0.7254402448144865
59.32865731462926,86.62162162162163,,100.0,1.0,100.0,-0.726717861885666
59.52705410821644,86.62162162162163,,100.0,1.0,100.0,-0.728001178310286
59.72545090180361,86.62162162162163,,100.0,1.0,100.0,-0.7292902871110644
59.92384769539078,86.62162162162163,,100.0,1.0,100.0,-0.7305852818862018
60.12224448897794,86.62162162162163,,100.0,1.0,100.0,-0.7318862567914305
60.32064128256512,86.62162162162163,,100.0,1.0,100.0,-0.7331933065226068
60.51903807615231,86.62162162162163,,100.0,1.0,100.0,-0.7345065262990543
60.717434869739485,86.62162162162163,,100.0,1.0,100.0,-0.7358260118471612
60.915831663326664,86.62162162162163,,100.0,1.0,100.0,-0.7371518593847751
61.114228456913835,86.62162162162163,,100.0,1.0,100.0,-0.738484165605957
61.312625250501,86.62162162162163,,100.0,1.0,100.0,-0.739823027666436
61.51102204408818,86.62162162162163,,100.0,1.0,100.0,-0.7411685431693266
61.709418837675344,86.62162162162163,,100.0,1.0,100.0,-0.7425208101518151
61.90781563126252,86.62162162162163,,100.0,1.0,100.0,-0.7438799270718663
62.1062124248497,86.62162162162163,,100.0,1.0,100.0,-0.745245992795785
62.30460921843688,86.62162162162163,,100.0,1.0,100.0,-0.7466191065862177
62.50300601202406,86.62162162162163,,100.0,1.0,100.0,-0.7479993680905174
62.701402805611224,86.62162162162163,,100.0,1.0,100.0,-0.7493868773298459
62.89979959919839,86.62162162162163,,100.0,1.0,100.0,-0.7507817346885561
63.09819639278557,86.62162162162163,,100.0,1.0,100.0,-0.7521840409041813
63.296593186372746,86.62162162162163,,100.0,1.0,100.0,-0.7535938970578597
63.494989979959925,86.62162162162163,,100.0,1.0,100.0,-0.7550114045652478
63.69338677354709,86.62162162162163,,100.0,1.0,100.0,-0.7564366651679021
63.89178356713427,86.62162162162163,,100.0,1.0,100.0,-0.7578697809250774
64.09018036072143,86.62162162162163,,100.0,1.0,100.0,-0.7593108542060816
64.28857715430863,86.62162162162163,,100.0,1.0,100.0,-0.7607599876829478
64.48697394789579,86.62162162162163,,100.0,1.0,100.0,-0.7622172843236691
64.68537074148296,86.62162162162163,,100.0,1.0,100.0,-0.7636828473857725
64.88376753507015,86.62162162162163,,100.0,1.0,100.0,-0.7651567804103554
65.08216432865731,86.62162162162163,,100.0,1.0,100.0,-0.7666391872166124
65.28056112224449,86.62162162162163,,100.0,1.0,100.0,-0.7681301718966134
65.47895791583166,86.62162162162163,,100.0,1.0,100.0,-0.7696298388106578
65.67735470941884,86.62162162162163,,100.0,1.0,100.0,-0.7711382925829561
65.87575150300601,86.62162162162163,,100.0,1.0,100.0,-0.7726556380977123
66.0741482965932,86.62162162162163,,100.0,1.0,100.0,-0.7741819804955403
66.27254509018036,86.62162162162163,,100.0,1.0,100.0,-0.7757174251704524
66.47094188376754,86.62162162162163,,100.0,1.0,100.0,-0.7772620777669683
66.66933867735472,86.62162162162163,,100.0,1.0,100.0,-0.7788160441778305
66.8677354709419,86.62162162162163,,100.0,1.0,100.0,-0.7803794305419508
67.06613226452906,86.62162162162163,,100.0,1.0,100.0,-0.7819523432427485
67.26452905811624,86.62162162162163,,100.0,1.0,100.0,-0.7835348889068918
67.4629258517034,86.62162162162163,,100.0,1.0,100.0,-0.7851271744033609
67.6613226452906,86.62162162162163,,100.0,1.0,100.0,-0.7867293068428345
67.85971943887776,86.62162162162163,,100.0,1.0,100.0,-0.7883413935775655
68.05811623246494,86.62162162162163,,100.0,1.0,100.0,-0.7899635422012726
68.2565130260521,86.62162162162163,,100.0,1.0,100.0,-0.7915958605498636
68.45490981963928,86.62162162162163,,100.0,1.0,100.0,-0.7932384567019758
68.65330661322645,86.62162162162163,,100.0,1.0,100.0,-0.7948914389802724
68.85170340681363,86.62162162162163,,100.0,1.0,100.0,-0.7965549159528006
69.05010020040079,86.62162162162163,,100.0,1.0,100.0,-0.7982289964347395
69.24849699398798,86.62162162162163,,100.0,1.0,100.0,-0.7999137894905922
69.44689378757515,86.62162162162163,,100.0,1.0,100.0,-0.8016094044365162
69.64529058116234,86.62162162162163,,100.0,1.0,100.0,-0.8033159508430803
69.84368737474949,86.62162162162163,,100.0,1.0,100.0,-0.8050335385383678
70.04208416833667,86.62162162162163,,100.0,1.0,100.0,-0.8067622776111816
70.24048096192385,86.62162162162163,,100.0,1.0,100.0,-0.8085022784149384
70.43887775551103,86.62162162162163,,100.0,1.0,100.0,-0.8102536515715326
70.6372745490982,86.62162162162163,,100.0,1.0,100.0,-0.8120165079755098
70.83567134268537,86.62162162162163,,100.0,1.0,100.0,-0.8137909587988924
71.03406813627254,86.62162162162163,,100.0,1.0,100.0,-0.8155771154959206
71.23246492985973,86.62162162162163,,100.0,1.0,100.0,-0.8173750898082762
71.4308617234469,86.62162162162163,,100.0,1.0,100.0,-0.8191849937706076
71.62925851703406,86.62162162162163,,100.0,1.0,100.0,-0.8210069397163001
71.82765531062124,86.62162162162163,,100.0,1.0,100.0,-0.8228410402836068
72.0260521042084,86.62162162162163,,100.0,1.0,100.0,-0.8246874084219391
72.2244488977956,86.62162162162163,,100.0,1.0,100.0,-0.8265461573986881
72.42284569138276,86.62162162162163,,100.0,1.0,100.0,-0.82841740080609
72.62124248496994,86.62162162162163,,100.0,1.0,100.0,-0.8303012525685655
72.8196392785571,86.62162162162163,,100.0,1.0,100.0,-0.8321978269501973
73.01803607214428,86.62162162162163,,100.0,1.0,100.0,-0.8341072385626916
73.21643286573146,86.62162162162163,,100.0,1.0,100.0,-0.8360296023734105
73.41482965931863,86.62162162162163,,100.0,1.0,100.0,-0.8379650337138554
73.6132264529058,86.62162162162163,,100.0,1.0,100.0,-0.8399136482883536
73.81162324649299,86.62162162162163,,100.0,1.0,100.0,-0.8418755621830534
74.01002004008016,86.62162162162163,,100.0,1.0,100.0,-0.8438508918752848
74.20841683366733,86.62162162162163,,100.0,1.0,100.0,-0.8458397542429866
74.40681362725451,86.62162162162163,,100.0,1.0,100.0,-0.8478422665746748
74.60521042084169,86.62162162162163,,100.0,1.0,100.0,-0.8498585465794694
74.80360721442887,86.62162162162163,,100.0,1.0,100.0,-0.8518887123976552
75.00200400801603,86.62162162162163,,100.0,1.0,100.0,-0.8539328826112086
75.20040080160321,86.62162162162163,,100.0,1.0,100.0,-0.8559911762549003
75.39879759519039,86.62162162162163,,100.0,1.0,100.0,-0.8580637128274174
75.59719438877755,86.62162162162163,,100.0,1.0,100.0,-0.8601506123030088
75.79559118236472,86.62162162162163,,100.0,1.0,100.0,-0.8622519951432589
75.99398797595191,86.62162162162163,,100.0,1.0,100.0,-0.8643679823090473
76.19238476953907,86.62162162162163,,100.0,1.0,100.0,-0.8664986952730829
76.39078156312625,86.62162162162163,,100.0,1.0,100.0,-0.8686442560324263
76.58917835671345,86.62162162162163,,100.0,1.0,100.0,-0.8708047871212966
76.7875751503006,86.62162162162163,,100.0,1.0,100.0,-0.8729804116244976
76.98597194388778,86.62162162162163,,100.0,1.0,100.0,-0.8751712531905506
77.18436873747495,86.62162162162163,,100.0,1.0,100.0,-0.8773774360455883
77.38276553106212,86.62162162162163,,100.0,1.0,100.0,-0.8795990850072838
77.5811623246493,86.62162162162163,,100.0,1.0,100.0,-0.8818363254990585
77.77955911823646,86.62162162162163,,100.0,1.0,100.0,-0.8840892835646211
77.97795591182366,86.62162162162163,,100.0,1.0,100.0,-0.8863580858827442
78.1763527054108,86.62162162162163,,100.0,1.0,100.0,-0.8886428597821814
78.374749498998,86.62162162162163,,100.0,1.0,100.0,-0.8909437332571477
78.5731462925852,86.62162162162163,,100.0,1.0,100.0,-0.8932608349827431
78.77154308617234,86.62162162162163,,100.0,1.0,100.0,-0.8955942943307628
78.96993987975952,86.62162162162163,,100.0,1.0,100.0,-0.897944241385877
79.1683366733467,86.62162162162163,,100.0,1.0,100.0,-0.9003108069618374
79.36673346693387,86.62162162162163,,100.0,1.0,100.0,-0.902694122618172
79.56513026052104,86.62162162162163,,100.0,1.0,100.0,-0.9050943206769158
79.76352705410822,86.62162162162163,,100.0,1.0,100.0,-0.9075115342398165
79.9619238476954,86.62162162162163,,100.0,1.0,100.0,-0.909945897205702
80.16032064128257,86.62162162162163,,100.0,1.0,100.0,-0.912397544287888
80.35871743486975,86.62162162162163,,100.0,1.0,100.0,-0.914866611032342
80.55711422845691,86.62162162162163,,100.0,1.0,100.0,-0.9173532338355588
80.75551102204409,86.62162162162163,,100.0,1.0,100.0,-0.9198575499629766
80.95390781563127,86.62162162162163,,100.0,1.0,100.0,-0.9223796975677152
81.15230460921843,86.62162162162163,,100.0,1.0,100.0,-0.92491981570923
81.35070140280563,86.62162162162163,,100.0,1.0,100.0,-0.9274780443726284
81.54909819639279,86.62162162162163,,100.0,1.0,100.0,-0.9300545244878522
81.74749498997996,86.62162162162163,,100.0,1.0,100.0,-0.9326493979494158
81.94589178356713,86.62162162162163,,100.0,1.0,100.0,-0.9352628076361956
82.14428857715431,86.62162162162163,,100.0,1.0,100.0,-0.9378948974315174
82.34268537074149,86.62162162162163,,100.0,1.0,100.0,-0.9405458122436192
82.54108216432866,86.62162162162163,,100.0,1.0,100.0,-0.9432156980260488
82.73947895791585,86.62162162162163,,100.0,1.0,100.0,-0.9459047017985904
82.937875751503,86.62162162162163,,100.0,1.0,100.0,-0.9486129716685124
83.13627254509018,86.62162162162163,,100.0,1.0,100.0,-0.9513406568515692
83.33466933867736,86.62162162162163,,100.0,1.0,100.0,-0.954087907693819
83.53306613226454,86.62162162162163,,100.0,1.0,100.0,-0.956854875693416
83.7314629258517,86.62162162162163,,100.0,1.0,100.0,-0.9596417135225092
83.92985971943888,86.62162162162163,,100.0,1.0,100.0,-0.9624485750497568
84.12825651302606,86.62162162162163,,100.0,1.0,100.0,-0.9652756153627358
84.32665330661322,86.62162162162163,,100.0,1.0,100.0,-0.968122990790766
84.5250501002004,86.62162162162163,,100.0,1.0,100.0,-0.9709908589280336
84.72344689378757,86.62162162162163,,100.0,1.0,100.0,-0.973879378656706
84.92184368737476,86.62162162162163,,100.0,1.0,100.0,-0.9767887101706512
85.12024048096194,86.62162162162163,,100.0,1.0,100.0,-0.979719014999115
85.3186372745491,86.62162162162163,,100.0,1.0,100.0,-0.9826704560307012
85.51703406813628,86.62162162162163,,100.0,1.0,100.0,-0.9856431975377564
85.71543086172345,86.62162162162163,,100.0,1.0,100.0,-0.988637405200872
